设备名称	电压	版本	片上时间	加速度X(g)	加速度Y(g)	加速度Z(g)	角速度X(°/s)	角速度Y(°/s)	角速度Z(°/s)	角度X(°)	角度Y(°)	角度Z(°)	磁场X	磁场Y	磁场Z	四元数0	四元数1	四元数2	四元数3	状态
WT1(E604078EA627)	3.90	13104	 2021-05-17 20:58:04.034	1.037	-0.081	0.044	-0.244	0.000	0.488	-84.304	-85.660	72.933	0.00	0.00	0.00	0.00000	0.00000	0.00000	0.00000
WT2(D809BF402BC3)	3.93	13103	 2021-05-17 20:58:04.035	1.003	-0.111	-0.044	0.000	-0.244	2.380	-105.117	-82.804	-150.139	0.00	0.00	0.00	-0.39059	-0.54150	0.47180	-0.57581
WT1(E604078EA627)	3.90	13104	 2021-05-17 20:58:04.107	1.018	-0.067	0.000	-0.305	1.099	0.366	-81.953	-85.573	70.587	0.00	0.00	0.00	0.00000	0.00000	0.00000	0.00000
WT2(D809BF402BC3)	3.93	13103	 2021-05-17 20:58:04.122	0.999	-0.102	-0.045	0.061	0.122	0.610	-105.216	-82.689	-149.985	0.00	0.00	0.00	-0.39059	-0.54150	0.47180	-0.57581
WT2(D809BF402BC3)	3.93	13103	 2021-05-17 20:58:04.226	1.003	-0.090	-0.036	0.610	0.061	-0.793	-105.540	-82.738	-149.628	0.00	0.00	0.00	-0.38879	-0.54202	0.47220	-0.57623
WT1(E604078EA627)	3.90	13104	 2021-05-17 20:58:04.254	1.027	-0.073	0.002	0.977	0.061	0.366	-82.310	-85.534	71.005	0.00	0.00	0.00	0.00000	0.00000	0.00000	0.00000
WT2(D809BF402BC3)	3.93	13103	 2021-05-17 20:58:04.332	1.010	-0.119	-0.042	-0.671	0.427	-1.404	-105.930	-82.952	-149.293	0.00	0.00	0.00	-0.38879	-0.54202	0.47220	-0.57623
WT1(E604078EA627)	3.90	13104	 2021-05-17 20:58:04.375	1.020	-0.083	0.019	-0.916	-3.479	-0.549	-85.644	-85.605	74.416	0.00	0.00	0.00	0.00000	0.00000	0.00000	0.00000
WT1(E604078EA627)	3.90	13104	 2021-05-17 20:58:04.423	1.034	-0.079	0.018	0.427	0.977	0.366	-86.501	-85.600	75.207	0.00	0.00	0.00	0.00000	0.00000	0.00000	0.00000
WT2(D809BF402BC3)	3.93	13103	 2021-05-17 20:58:04.452	1.006	-0.089	-0.040	0.427	0.244	1.221	-106.183	-83.007	-149.128	0.00	0.00	0.00	-0.39090	-0.54306	0.47119	-0.57462
WT1(E604078EA627)	3.90	13104	 2021-05-17 20:58:04.509	1.030	-0.077	0.010	0.305	3.784	-1.343	-83.595	-85.589	72.274	0.00	0.00	0.00	0.00000	0.00000	0.00000	0.00000
WT2(D809BF402BC3)	3.93	13103	 2021-05-17 20:58:04.542	1.005	-0.101	-0.042	0.244	1.221	2.930	-105.447	-82.815	-149.815	0.00	0.00	0.00	-0.39090	-0.54306	0.47119	-0.57462
WT2(D809BF402BC3)	3.93	13103	 2021-05-17 20:58:04.616	1.000	-0.102	-0.040	0.549	0.977	0.793	-104.930	-82.711	-150.386	0.00	0.00	0.00	-0.39005	-0.54135	0.47266	-0.57562
WT1(E604078EA627)	3.90	13104	 2021-05-17 20:58:04.661	1.026	-0.073	0.015	0.671	1.709	-1.038	-82.326	-85.605	71.027	0.00	0.00	0.00	0.00000	0.00000	0.00000	0.00000
WT2(D809BF402BC3)	3.93	13103	 2021-05-17 20:58:04.722	1.001	-0.105	-0.047	0.549	0.854	-1.465	-104.936	-82.837	-150.375	0.00	0.00	0.00	-0.39005	-0.54135	0.47266	-0.57562
WT1(E604078EA627)	3.90	13104	 2021-05-17 20:58:04.739	1.028	-0.089	0.023	0.427	-2.319	-0.854	-84.023	-85.677	72.751	0.00	0.00	0.00	0.00000	0.00000	0.00000	0.00000
WT1(E604078EA627)	3.90	13104	 2021-05-17 20:58:04.839	1.032	-0.073	0.022	-0.244	0.427	-0.305	-85.836	-85.737	74.586	0.00	0.00	0.00	0.00000	0.00000	0.00000	0.00000
WT2(D809BF402BC3)	3.93	13103	 2021-05-17 20:58:04.872	1.012	-0.113	-0.035	0.000	0.549	-0.122	-105.007	-83.035	-150.244	0.00	0.00	0.00	-0.39005	-0.54135	0.47266	-0.57562
WT1(E604078EA627)	3.90	13104	 2021-05-17 20:58:04.915	1.039	-0.072	0.023	-0.305	0.610	0.610	-85.402	-85.721	74.158	0.00	0.00	0.00	0.00000	0.00000	0.00000	0.00000
WT2(D809BF402BC3)	3.93	13103	 2021-05-17 20:58:04.918	1.002	-0.097	-0.039	-0.305	0.244	1.953	-104.859	-82.996	-150.447	0.00	0.00	0.00	-0.39005	-0.54135	0.47266	-0.57562
WT2(D809BF402BC3)	3.93	13103	 2021-05-17 20:58:05.022	1.003	-0.099	-0.048	0.305	0.000	0.549	-104.771	-82.947	-150.672	0.00	0.00	0.00	-0.39133	-0.54193	0.47107	-0.57550
WT1(E604078EA627)	3.90	13104	 2021-05-17 20:58:05.048	1.029	-0.087	0.004	0.244	-1.343	0.488	-84.540	-85.715	73.306	0.00	0.00	0.00	0.00000	0.00000	0.00000	0.00000
WT2(D809BF402BC3)	3.93	13103	 2021-05-17 20:58:05.111	1.007	-0.095	-0.035	0.000	0.671	0.122	-104.859	-83.002	-150.491	0.00	0.00	0.00	-0.39133	-0.54193	0.47107	-0.57550
WT1(E604078EA627)	3.90	13104	 2021-05-17 20:58:05.125	1.033	-0.072	0.010	-0.122	-0.488	-0.244	-85.501	-85.737	74.284	0.00	0.00	0.00	0.00000	0.00000	0.00000	0.00000
WT2(D809BF402BC3)	3.93	13103	 2021-05-17 20:58:05.218	1.005	-0.091	-0.042	-0.183	-0.122	1.221	-104.788	-83.040	-150.529	0.00	0.00	0.00	-0.39178	-0.54190	0.47095	-0.57535
WT1(E604078EA627)	3.90	13104	 2021-05-17 20:58:05.244	1.037	-0.078	0.012	-0.305	-0.244	1.038	-85.765	-85.737	74.520	0.00	0.00	0.00	0.00000	0.00000	0.00000	0.00000
WT1(E604078EA627)	3.90	13104	 2021-05-17 20:58:05.319	1.031	-0.065	0.011	-0.488	-0.427	0.061	-84.331	-85.737	73.103	0.00	0.00	0.00	0.00000	0.00000	0.00000	0.00000
WT2(D809BF402BC3)	3.93	13103	 2021-05-17 20:58:05.321	1.005	-0.102	-0.036	-0.244	0.549	2.319	-104.546	-82.952	-150.864	0.00	0.00	0.00	-0.39178	-0.54190	0.47095	-0.57535
WT2(D809BF402BC3)	3.93	13103	 2021-05-17 20:58:05.413	1.001	-0.094	-0.039	-0.732	0.549	0.488	-104.178	-82.925	-151.331	0.00	0.00	0.00	-0.39151	-0.54102	0.47171	-0.57571
WT1(E604078EA627)	3.90	13104	 2021-05-17 20:58:05.455	1.019	-0.080	0.000	-0.732	-1.770	-0.183	-84.166	-85.776	72.960	0.00	0.00	0.00	0.00000	0.00000	0.00000	0.00000
WT2(D809BF402BC3)	3.93	13103	 2021-05-17 20:58:05.517	1.006	-0.106	-0.039	0.671	0.427	0.366	-104.557	-82.980	-150.809	0.00	0.00	0.00	-0.39151	-0.54102	0.47171	-0.57571
WT1(E604078EA627)	3.90	13104	 2021-05-17 20:58:05.532	1.034	-0.066	0.016	0.732	0.183	-0.793	-84.935	-85.770	73.735	0.00	0.00	0.00	0.00000	0.00000	0.00000	0.00000
WT2(D809BF402BC3)	3.93	13103	 2021-05-17 20:58:05.608	1.009	-0.103	-0.040	0.610	0.732	1.465	-104.238	-82.925	-151.128	0.00	0.00	0.00	-0.39178	-0.54138	0.47128	-0.57553
WT1(E604078EA627)	3.90	13104	 2021-05-17 20:58:05.665	1.028	-0.075	-0.010	0.244	1.770	0.000	-83.430	-85.765	72.197	0.00	0.00	0.00	0.00000	0.00000	0.00000	0.00000
WT2(D809BF402BC3)	3.93	13103	 2021-05-17 20:58:05.713	1.004	-0.092	-0.032	-0.061	0.305	0.854	-104.084	-82.881	-151.381	0.00	0.00	0.00	-0.39178	-0.54138	0.47128	-0.57553
WT1(E604078EA627)	3.90	13104	 2021-05-17 20:58:05.785	1.028	-0.072	-0.003	-0.549	-0.488	0.610	-83.364	-85.754	72.147	0.00	0.00	0.00	0.00000	0.00000	0.00000	0.00000
WT2(D809BF402BC3)	3.93	13103	 2021-05-17 20:58:05.817	1.003	-0.095	-0.047	-0.671	0.366	0.977	-104.277	-82.903	-151.304	0.00	0.00	0.00	-0.39178	-0.54138	0.47128	-0.57553
WT1(E604078EA627)	3.90	13104	 2021-05-17 20:58:05.844	1.022	-0.092	0.009	-0.427	0.793	0.061	-83.875	-85.732	72.614	0.00	0.00	0.00	0.00000	0.00000	0.00000	0.00000
WT1(E604078EA627)	3.90	13104	 2021-05-17 20:58:05.934	1.035	-0.083	0.017	0.488	-5.188	-1.099	-88.297	-85.737	77.146	0.00	0.00	0.00	0.00000	0.00000	0.00000	0.00000
WT2(D809BF402BC3)	3.93	13103	 2021-05-17 20:58:05.939	1.001	-0.089	-0.047	1.587	0.977	-2.930	-105.403	-83.057	-150.178	0.00	0.00	0.00	-0.39267	-0.54028	0.47293	-0.57462
WT1(E604078EA627)	3.90	13104	 2021-05-17 20:58:06.041	1.044	-0.067	0.000	0.610	-4.333	0.977	-93.428	-85.743	82.397	0.00	0.00	0.00	0.00000	0.00000	0.00000	0.00000
WT2(D809BF402BC3)	3.93	13103	 2021-05-17 20:58:06.046	1.004	-0.092	-0.038	2.441	0.366	-3.296	-105.908	-83.469	-149.529	0.00	0.00	0.00	-0.39267	-0.54028	0.47293	-0.57462
WT2(D809BF402BC3)	3.93	13103	 2021-05-17 20:58:06.102	1.015	-0.078	-0.021	-1.099	0.183	0.793	-106.551	-83.721	-149.172	0.00	0.00	0.00	-0.39621	-0.54388	0.46887	-0.57211
WT1(E604078EA627)	3.90	13104	 2021-05-17 20:58:06.160	1.053	-0.074	0.021	-2.502	2.686	0.061	-94.296	-85.765	83.177	0.00	0.00	0.00	0.00000	0.00000	0.00000	0.00000
WT2(D809BF402BC3)	3.93	13103	 2021-05-17 20:58:06.206	1.014	-0.088	-0.048	-1.343	0.732	6.287	-105.837	-83.430	-150.408	0.00	0.00	0.00	-0.39621	-0.54388	0.46887	-0.57211
WT1(E604078EA627)	3.90	13104	 2021-05-17 20:58:06.249	1.028	-0.066	0.010	-0.305	6.409	0.061	-87.424	-85.759	76.086	0.00	0.00	0.00	0.00000	0.00000	0.00000	0.00000
WT2(D809BF402BC3)	3.93	13103	 2021-05-17 20:58:06.328	1.001	-0.110	-0.052	0.183	1.160	5.066	-104.365	-82.864	-151.859	0.00	0.00	0.00	-0.39621	-0.54388	0.46887	-0.57211
WT1(E604078EA627)	3.90	13104	 2021-05-17 20:58:06.339	1.016	-0.073	-0.012	0.366	2.930	0.000	-80.914	-85.754	69.587	0.00	0.00	0.00	0.00000	0.00000	0.00000	0.00000
WT2(D809BF402BC3)	3.93	13103	 2021-05-17 20:58:06.403	0.993	-0.119	-0.049	-0.671	0.488	0.305	-103.689	-82.628	-152.303	0.00	0.00	0.00	-0.39621	-0.54388	0.46887	-0.57211
WT1(E604078EA627)	3.90	13104	 2021-05-17 20:58:06.461	1.013	-0.088	-0.007	0.732	-1.770	-0.732	-80.980	-85.754	69.653	0.00	0.00	0.00	0.00000	0.00000	0.00000	0.00000
WT2(D809BF402BC3)	3.93	13103	 2021-05-17 20:58:06.506	0.995	-0.121	-0.050	5.493	1.953	-5.310	-103.920	-82.864	-151.644	0.00	0.00	0.00	-0.39264	-0.53766	0.47549	-0.57498
WT1(E604078EA627)	3.90	13104	 2021-05-17 20:58:06.568	1.045	-0.046	-0.002	-0.244	-6.470	2.441	-87.748	-85.897	76.745	0.00	0.00	0.00	0.00000	0.00000	0.00000	0.00000
WT2(D809BF402BC3)	3.93	13103	 2021-05-17 20:58:06.597	1.025	-0.083	-0.026	-0.916	0.305	-0.305	-104.321	-83.337	-151.534	0.00	0.00	0.00	-0.39264	-0.53766	0.47549	-0.57498
WT1(E604078EA627)	3.90	13104	 2021-05-17 20:58:06.639	1.040	-0.078	0.030	1.038	6.531	-0.061	-88.599	-85.952	77.437	0.00	0.00	0.00	0.00000	0.00000	0.00000	0.00000
WT2(D809BF402BC3)	3.93	13103	 2021-05-17 20:58:06.705	1.027	-0.070	-0.029	-2.991	-1.221	6.104	-103.678	-83.035	-152.622	0.00	0.00	0.00	-0.39658	-0.53781	0.47424	-0.57315
WT1(E604078EA627)	3.90	13104	 2021-05-17 20:58:06.775	1.026	-0.065	0.007	0.305	2.075	-0.305	-82.452	-85.875	71.307	0.00	0.00	0.00	0.00000	0.00000	0.00000	0.00000
WT2(D809BF402BC3)	3.93	13103	 2021-05-17 20:58:06.808	0.994	-0.099	-0.026	-1.831	0.427	2.441	-102.980	-82.700	-153.210	0.00	0.00	0.00	-0.39658	-0.53781	0.47424	-0.57315
WT1(E604078EA627)	3.90	13104	 2021-05-17 20:58:06.849	1.017	-0.083	-0.007	-0.671	-3.113	-0.488	-81.804	-85.864	70.626	0.00	0.00	0.00	0.00000	0.00000	0.00000	0.00000
WT2(D809BF402BC3)	3.93	13103	 2021-05-17 20:58:07.003	1.036	-0.188	-0.048	0.549	0.793	28.015	-101.893	-82.090	-153.397	0.00	0.00	0.00	-0.39459	-0.53741	0.47513	-0.57416
WT2(D809BF402BC3)	3.93	13103	 2021-05-17 20:58:07.108	1.007	-0.172	-0.021	0.916	4.211	49.194	-96.328	-78.371	-157.566	0.00	0.00	0.00	-0.39459	-0.53741	0.47513	-0.57416
WT1(E604078EA627)	3.90	13104	 2021-05-17 20:58:07.120	1.026	-0.057	0.061	-1.465	-3.296	-0.793	-85.523	-85.941	74.251	0.00	0.00	0.00	0.00000	0.00000	0.00000	0.00000
WT1(E604078EA627)	3.90	13104	 2021-05-17 20:58:07.194	1.097	-0.074	0.209	4.639	44.250	-1.770	-70.889	-85.831	58.793	0.00	0.00	0.00	0.00000	0.00000	0.00000	0.00000
WT1(E604078EA627)	3.90	13104	 2021-05-17 20:58:07.225	1.044	-0.074	0.082	3.174	49.866	-2.319	-28.746	-82.271	16.562	0.00	0.00	0.00	0.00000	0.00000	0.00000	0.00000
WT2(D809BF402BC3)	3.93	13103	 2021-05-17 20:58:07.233	0.974	-0.224	-0.017	0.854	2.869	50.171	-93.087	-73.323	-158.533	0.00	0.00	0.00	-0.39459	-0.53741	0.47513	-0.57416
WT1(E604078EA627)	3.90	13104	 2021-05-17 20:58:07.254	1.026	-0.054	0.140	2.686	48.523	-1.709	-17.699	-78.069	5.581	0.00	0.00	0.00	0.00000	0.00000	0.00000	0.00000
WT2(D809BF402BC3)	3.93	13103	 2021-05-17 20:58:07.287	0.939	-0.295	-0.015	-0.061	3.357	40.710	-91.461	-68.868	-157.379	0.00	0.00	0.00	-0.32123	-0.51132	0.49609	-0.62387
WT1(E604078EA627)	3.90	13104	 2021-05-17 20:58:07.374	1.016	-0.065	0.236	2.197	30.945	-1.892	-13.156	-74.877	1.099	0.00	0.00	0.00	0.00000	0.00000	0.00000	0.00000
WT2(D809BF402BC3)	3.93	13103	 2021-05-17 20:58:07.393	0.929	-0.378	-0.014	1.526	3.296	34.851	-90.390	-65.308	-155.380	0.00	0.00	0.00	-0.32123	-0.51132	0.49609	-0.62387
WT1(E604078EA627)	3.90	13104	 2021-05-17 20:58:07.465	0.997	-0.061	0.315	2.686	30.762	-2.441	-10.124	-71.900	-1.989	0.00	0.00	0.00	0.00000	0.00000	0.00000	0.00000
WT2(D809BF402BC3)	3.93	13103	 2021-05-17 20:58:07.483	0.909	-0.461	-0.011	1.587	3.296	35.461	-89.418	-61.968	-153.056	0.00	0.00	0.00	-0.21411	-0.49655	0.50137	-0.67542
WT1(E604078EA627)	3.90	13104	 2021-05-17 20:58:07.571	0.969	-0.053	0.381	2.014	35.522	-0.305	-7.998	-68.599	-4.268	0.00	0.00	0.00	0.00000	0.00000	0.00000	0.00000
WT2(D809BF402BC3)	3.93	13103	 2021-05-17 20:58:07.602	0.880	-0.511	0.000	1.038	2.319	40.588	-88.841	-58.332	-150.276	0.00	0.00	0.00	-0.21411	-0.49655	0.50137	-0.67542
WT1(E604078EA627)	3.90	13104	 2021-05-17 20:58:07.660	0.937	-0.038	0.411	2.869	41.565	-1.282	-6.432	-64.786	-6.015	0.00	0.00	0.00	0.00000	0.00000	0.00000	0.00000
WT2(D809BF402BC3)	3.93	13103	 2021-05-17 20:58:07.710	0.841	-0.563	0.006	1.038	3.662	41.809	-88.369	-54.278	-147.475	0.00	0.00	0.00	-0.21411	-0.49655	0.50137	-0.67542
WT1(E604078EA627)	3.90	13104	 2021-05-17 20:58:07.779	0.906	-0.035	0.477	0.916	34.973	-0.854	-5.186	-61.013	-7.366	0.00	0.00	0.00	0.00000	0.00000	0.00000	0.00000
WT2(D809BF402BC3)	3.93	13103	 2021-05-17 20:58:07.785	0.809	-0.614	0.012	-0.061	3.357	40.222	-87.984	-50.361	-144.712	0.00	0.00	0.00	-0.21411	-0.49655	0.50137	-0.67542
WT1(E604078EA627)	3.90	13104	 2021-05-17 20:58:07.885	0.880	-0.058	0.543	1.526	34.912	-2.625	-4.164	-57.579	-8.652	0.00	0.00	0.00	0.00000	0.00000	0.00000	0.00000
WT2(D809BF402BC3)	3.93	13103	 2021-05-17 20:58:07.903	0.761	-0.667	0.005	0.732	4.211	39.978	-87.594	-46.533	-142.119	0.00	0.00	0.00	-0.08020	-0.48163	0.50644	-0.71069
WT1(E604078EA627)	3.90	13104	 2021-05-17 20:58:07.990	0.843	-0.028	0.586	3.784	37.231	0.366	-3.417	-53.915	-9.536	0.00	0.00	0.00	0.00000	0.00000	0.00000	0.00000
WT2(D809BF402BC3)	3.93	13103	 2021-05-17 20:58:07.991	0.717	-0.717	0.026	1.526	1.526	40.527	-87.336	-42.649	-139.274	0.00	0.00	0.00	-0.08020	-0.48163	0.50644	-0.71069
WT1(E604078EA627)	3.90	13104	 2021-05-17 20:58:08.067	0.795	-0.013	0.617	2.441	41.809	-2.258	-2.675	-50.059	-10.360	0.00	0.00	0.00	0.00000	0.00000	0.00000	0.00000
WT2(D809BF402BC3)	3.93	13103	 2021-05-17 20:58:08.084	0.660	-0.754	0.033	0.427	4.272	40.955	-87.045	-38.562	-136.566	0.00	0.00	0.00	0.01440	-0.46796	0.51276	-0.71960
WT1(E604078EA627)	3.90	13104	 2021-05-17 20:58:08.185	0.757	-0.045	0.711	1.892	39.917	-1.282	-2.115	-46.351	-11.245	0.00	0.00	0.00	0.00000	0.00000	0.00000	0.00000
WT2(D809BF402BC3)	3.93	13103	 2021-05-17 20:58:08.187	0.602	-0.805	0.029	1.038	3.235	41.260	-86.858	-34.607	-134.088	0.00	0.00	0.00	0.01440	-0.46796	0.51276	-0.71960
WT2(D809BF402BC3)	3.93	13103	 2021-05-17 20:58:08.278	0.538	-0.837	0.048	0.610	3.662	41.748	-86.726	-30.531	-131.506	0.00	0.00	0.00	0.01440	-0.46796	0.51276	-0.71960
WT1(E604078EA627)	3.90	13104	 2021-05-17 20:58:08.304	0.703	0.000	0.735	2.686	41.565	-1.526	-1.686	-42.418	-11.854	0.00	0.00	0.00	0.00000	0.00000	0.00000	0.00000
WT1(E604078EA627)	3.90	13104	 2021-05-17 20:58:08.380	0.651	-0.013	0.778	1.587	35.522	-3.540	-1.192	-38.699	-12.645	0.00	0.00	0.00	0.00000	0.00000	0.00000	0.00000
WT2(D809BF402BC3)	3.93	13103	 2021-05-17 20:58:08.382	0.484	-0.874	0.044	0.610	5.005	37.537	-86.567	-26.719	-129.221	0.00	0.00	0.00	0.15518	-0.43924	0.52982	-0.70868
WT2(D809BF402BC3)	3.93	13103	 2021-05-17 20:58:08.488	0.428	-0.913	0.034	1.526	2.686	40.100	-86.457	-22.989	-126.980	0.00	0.00	0.00	0.15518	-0.43924	0.52982	-0.70868
WT1(E604078EA627)	3.90	13104	 2021-05-17 20:58:08.509	0.621	-0.036	0.854	2.319	37.781	-0.671	-0.901	-35.200	-13.365	0.00	0.00	0.00	0.00000	0.00000	0.00000	0.00000
WT1(E604078EA627)	3.90	13104	 2021-05-17 20:58:08.620	0.564	0.010	0.896	2.319	38.635	-0.122	-0.632	-31.465	-13.799	0.00	0.00	0.00	0.00000	0.00000	0.00000	0.00000
WT1(E604078EA627)	3.90	13104	 2021-05-17 20:58:08.679	0.493	-0.003	0.905	1.587	40.649	-1.465	-0.291	-27.493	-14.403	0.00	0.00	0.00	0.00000	0.00000	0.00000	0.00000
WT2(D809BF402BC3)	3.93	13103	 2021-05-17 20:58:08.682	0.292	-0.958	0.046	1.038	4.089	42.297	-86.276	-14.958	-122.448	0.00	0.00	0.00	0.23425	-0.42032	0.54166	-0.68921
WT2(D809BF402BC3)	3.93	13103	 2021-05-17 20:58:08.773	0.215	-0.974	0.056	0.977	3.906	39.551	-86.193	-11.019	-120.460	0.00	0.00	0.00	0.23425	-0.42032	0.54166	-0.68921
WT1(E604078EA627)	3.90	13104	 2021-05-17 20:58:08.785	0.419	0.001	0.918	1.953	36.560	-2.014	-0.027	-23.632	-15.013	0.00	0.00	0.00	0.00000	0.00000	0.00000	0.00000
WT2(D809BF402BC3)	3.93	13103	 2021-05-17 20:58:08.877	0.157	-0.993	0.061	2.258	3.906	42.603	-86.028	-7.103	-118.559	0.00	0.00	0.00	0.33145	-0.38870	0.56113	-0.65125
WT1(E604078EA627)	3.90	13104	 2021-05-17 20:58:08.890	0.382	0.002	0.987	3.662	37.598	-2.319	0.341	-19.946	-15.645	0.00	0.00	0.00	0.00000	0.00000	0.00000	0.00000
WT2(D809BF402BC3)	3.93	13103	 2021-05-17 20:58:08.984	0.106	-0.990	0.057	-0.183	4.211	35.583	-85.941	-3.186	-116.708	0.00	0.00	0.00	0.33145	-0.38870	0.56113	-0.65125
WT1(E604078EA627)	3.90	13104	 2021-05-17 20:58:09.070	0.268	0.016	0.838	1.465	34.851	-2.441	0.621	-15.892	-16.177	0.00	0.00	0.00	0.00000	0.00000	0.00000	0.00000
WT2(D809BF402BC3)	3.93	13103	 2021-05-17 20:58:09.178	0.055	-0.988	0.049	0.610	-0.854	-7.202	-86.034	-1.939	-113.450	0.00	0.00	0.00	0.38522	-0.37381	0.57019	-0.62186
WT1(E604078EA627)	3.90	13104	 2021-05-17 20:58:09.235	0.192	0.009	0.808	-1.282	3.845	-1.221	0.648	-14.299	-16.842	0.00	0.00	0.00	0.00000	0.00000	0.00000	0.00000
WT1(E604078EA627)	3.90	13104	 2021-05-17 20:58:09.236	0.267	-0.015	0.966	0.732	-9.399	1.404	0.560	-15.150	-17.303	0.00	0.00	0.00	0.00000	0.00000	0.00000	0.00000
WT2(D809BF402BC3)	3.93	13103	 2021-05-17 20:58:09.267	0.079	-1.004	0.048	1.892	-5.127	-6.775	-85.957	-2.785	-111.566	0.00	0.00	0.00	0.38522	-0.37381	0.57019	-0.62186
WT1(E604078EA627)	3.90	13104	 2021-05-17 20:58:09.294	0.285	0.003	1.010	1.709	-9.705	5.920	0.555	-16.024	-17.309	0.00	0.00	0.00	0.00000	0.00000	0.00000	0.00000
WT2(D809BF402BC3)	3.93	13103	 2021-05-17 20:58:09.372	0.102	-1.018	0.080	-0.488	-3.601	2.319	-85.924	-3.186	-109.539	0.00	0.00	0.00	0.39938	-0.40137	0.55093	-0.61304
WT1(E604078EA627)	3.90	13104	 2021-05-17 20:58:09.444	0.319	0.065	1.007	-0.244	5.188	2.319	0.582	-16.348	-17.095	0.00	0.00	0.00	0.00000	0.00000	0.00000	0.00000
WT1(E604078EA627)	3.90	13104	 2021-05-17 20:58:09.489	0.291	0.049	0.980	-2.319	6.836	-5.188	0.687	-15.837	-17.474	0.00	0.00	0.00	0.00000	0.00000	0.00000	0.00000
WT2(D809BF402BC3)	3.93	13103	 2021-05-17 20:58:09.492	0.099	-1.000	0.081	-1.465	4.272	6.409	-85.930	-2.807	-108.089	0.00	0.00	0.00	0.39938	-0.40137	0.55093	-0.61304
WT2(D809BF402BC3)	3.93	13103	 2021-05-17 20:58:09.583	0.069	-0.987	0.049	-1.099	6.348	2.808	-86.006	-2.329	-107.353	0.00	0.00	0.00	0.39938	-0.40137	0.55093	-0.61304
WT1(E604078EA627)	3.90	13104	 2021-05-17 20:58:09.624	0.257	-0.036	0.967	-1.831	-0.854	-4.089	0.643	-15.353	-18.408	0.00	0.00	0.00	0.00000	0.00000	0.00000	0.00000
WT2(D809BF402BC3)	3.93	13103	 2021-05-17 20:58:09.673	0.057	-0.984	0.038	0.610	-1.709	-0.549	-86.111	-2.258	-106.337	0.00	0.00	0.00	0.42252	-0.41635	0.54044	-0.59668
WT1(E604078EA627)	3.90	13104	 2021-05-17 20:58:09.744	0.250	-0.011	0.939	0.122	-3.967	3.784	0.500	-15.326	-18.781	0.00	0.00	0.00	0.00000	0.00000	0.00000	0.00000
WT2(D809BF402BC3)	3.93	13103	 2021-05-17 20:58:09.762	0.066	-0.992	0.070	1.282	-3.113	-4.456	-86.083	-2.653	-104.837	0.00	0.00	0.00	0.42252	-0.41635	0.54044	-0.59668
WT1(E604078EA627)	3.90	13104	 2021-05-17 20:58:09.849	0.267	0.033	0.953	1.038	-5.493	2.441	0.560	-15.820	-18.721	0.00	0.00	0.00	0.00000	0.00000	0.00000	0.00000
WT2(D809BF402BC3)	3.93	13103	 2021-05-17 20:58:09.867	0.080	-1.003	0.063	0.366	-1.465	-5.127	-86.028	-3.329	-103.508	0.00	0.00	0.00	0.43433	-0.43185	0.52835	-0.58792
WT1(E604078EA627)	3.90	13104	 2021-05-17 20:58:09.895	0.306	0.013	1.006	0.854	-4.211	1.221	0.593	-16.551	-18.792	0.00	0.00	0.00	0.00000	0.00000	0.00000	0.00000
WT2(D809BF402BC3)	3.93	13103	 2021-05-17 20:58:09.974	0.076	-1.002	0.079	-0.610	-0.916	7.996	-85.979	-3.560	-102.332	0.00	0.00	0.00	0.43433	-0.43185	0.52835	-0.58792
WT1(E604078EA627)	3.90	13104	 2021-05-17 20:58:10.015	0.299	0.052	1.005	-0.305	19.714	1.526	0.632	-16.490	-18.820	0.00	0.00	0.00	0.00000	0.00000	0.00000	0.00000
WT1(E604078EA627)	3.90	13104	 2021-05-17 20:58:10.106	0.177	0.051	0.634	-5.310	-21.362	-4.822	0.654	-16.155	-19.171	0.00	0.00	0.00	0.00000	0.00000	0.00000	0.00000
WT2(D809BF402BC3)	3.93	13103	 2021-05-17 20:58:10.168	0.098	-0.938	0.042	-5.981	4.395	-49.805	-86.451	-6.740	-100.970	0.00	0.00	0.00	0.44867	-0.44778	0.51483	-0.57712
WT1(E604078EA627)	3.90	13104	 2021-05-17 20:58:10.194	0.344	-0.072	0.937	-3.235	-62.561	-5.798	0.022	-21.687	-19.841	0.00	0.00	0.00	0.00000	0.00000	0.00000	0.00000
WT2(D809BF402BC3)	3.93	13103	 2021-05-17 20:58:10.258	0.233	-0.973	-0.005	2.930	-6.592	-56.274	-86.561	-12.371	-100.410	0.00	0.00	0.00	0.40756	-0.49500	0.47504	-0.60260
WT1(E604078EA627)	3.90	13104	 2021-05-17 20:58:10.315	0.495	-0.100	0.916	4.150	-58.716	11.963	-0.412	-27.510	-19.391	0.00	0.00	0.00	0.00000	0.00000	0.00000	0.00000
WT2(D809BF402BC3)	3.93	13103	 2021-05-17 20:58:10.363	0.352	-0.983	0.052	2.502	-17.151	-51.270	-86.616	-18.078	-98.399	0.00	0.00	0.00	0.40756	-0.49500	0.47504	-0.60260
WT1(E604078EA627)	3.90	13104	 2021-05-17 20:58:10.406	0.602	0.079	1.000	0.732	-43.091	12.146	-0.961	-32.904	-17.672	0.00	0.00	0.00	0.00000	0.00000	0.00000	0.00000
WT2(D809BF402BC3)	3.93	13103	 2021-05-17 20:58:10.452	0.455	-0.945	0.099	-3.235	-4.456	-32.898	-86.814	-22.176	-96.652	0.00	0.00	0.00	0.40756	-0.49500	0.47504	-0.60260
WT1(E604078EA627)	3.90	13104	 2021-05-17 20:58:10.510	0.651	0.076	0.889	-8.057	-30.945	-2.747	-1.225	-36.046	-17.309	0.00	0.00	0.00	0.00000	0.00000	0.00000	0.00000
WT2(D809BF402BC3)	3.93	13103	 2021-05-17 20:58:10.557	0.461	-0.896	0.050	-8.301	7.935	-26.184	-87.100	-25.137	-96.449	0.00	0.00	0.00	0.36212	-0.56409	0.39795	-0.62628
WT1(E604078EA627)	3.90	13104	 2021-05-17 20:58:10.599	0.625	-0.044	0.764	-8.362	-26.001	-8.972	-1.571	-38.606	-18.105	0.00	0.00	0.00	0.00000	0.00000	0.00000	0.00000
WT2(D809BF402BC3)	3.93	13103	 2021-05-17 20:58:10.676	0.483	-0.841	0.022	-2.869	3.967	-37.903	-87.177	-28.268	-96.855	0.00	0.00	0.00	0.36212	-0.56409	0.39795	-0.62628
WT1(E604078EA627)	3.90	13104	 2021-05-17 20:58:10.704	0.629	-0.094	0.679	-5.066	-44.250	-1.465	-2.032	-42.286	-18.281	0.00	0.00	0.00	0.00000	0.00000	0.00000	0.00000
WT2(D809BF402BC3)	3.93	13103	 2021-05-17 20:58:10.758	0.524	-0.831	0.002	2.808	-5.920	-47.607	-87.369	-32.717	-96.509	0.00	0.00	0.00	0.32828	-0.58411	0.37222	-0.64221
WT1(E604078EA627)	3.90	13104	 2021-05-17 20:58:10.840	0.792	-0.064	0.662	5.188	-45.959	6.897	-2.703	-47.115	-17.292	0.00	0.00	0.00	0.00000	0.00000	0.00000	0.00000
WT2(D809BF402BC3)	3.93	13103	 2021-05-17 20:58:10.857	0.666	-0.788	0.056	2.075	-10.559	-47.241	-87.407	-37.656	-95.202	0.00	0.00	0.00	0.32828	-0.58411	0.37222	-0.64221
WT1(E604078EA627)	3.90	13104	 2021-05-17 20:58:10.915	0.866	0.034	0.751	-2.625	-34.180	4.456	-3.746	-51.982	-15.535	0.00	0.00	0.00	0.00000	0.00000	0.00000	0.00000
WT2(D809BF402BC3)	3.93	13103	 2021-05-17 20:58:10.948	0.747	-0.768	0.039	-1.770	0.061	-33.813	-87.869	-41.896	-94.070	0.00	0.00	0.00	0.32828	-0.58411	0.37222	-0.64221
WT1(E604078EA627)	3.90	13104	 2021-05-17 20:58:11.035	0.864	-0.041	0.677	-6.714	-28.442	-2.869	-4.142	-55.250	-15.282	0.00	0.00	0.00	0.00000	0.00000	0.00000	0.00000
WT2(D809BF402BC3)	3.93	13103	 2021-05-17 20:58:11.052	0.738	-0.674	0.019	-4.089	2.808	-33.386	-87.902	-45.071	-94.131	0.00	0.00	0.00	0.26929	-0.63391	0.29086	-0.66406
WT1(E604078EA627)	3.90	13104	 2021-05-17 20:58:11.110	0.856	-0.049	0.530	-8.179	-44.800	-1.648	-4.746	-58.200	-14.952	0.00	0.00	0.00	0.00000	0.00000	0.00000	0.00000
WT2(D809BF402BC3)	3.93	13103	 2021-05-17 20:58:11.156	0.732	-0.657	-0.004	-2.441	0.366	-40.649	-88.132	-48.724	-94.285	0.00	0.00	0.00	0.26929	-0.63391	0.29086	-0.66406
WT1(E604078EA627)	3.90	13104	 2021-05-17 20:58:11.214	0.897	-0.092	0.457	-0.916	-43.152	1.282	-5.795	-62.183	-14.013	0.00	0.00	0.00	0.00000	0.00000	0.00000	0.00000
WT2(D809BF402BC3)	3.93	13103	 2021-05-17 20:58:11.247	0.799	-0.591	0.001	2.319	-4.700	-44.128	-88.363	-52.927	-94.021	0.00	0.00	0.00	0.22501	-0.65231	0.25388	-0.67773
WT1(E604078EA627)	3.90	13104	 2021-05-17 20:58:11.320	1.000	-0.044	0.444	2.441	-46.692	2.380	-7.427	-66.550	-11.838	0.00	0.00	0.00	0.00000	0.00000	0.00000	0.00000
WT2(D809BF402BC3)	3.93	13103	 2021-05-17 20:58:11.351	0.882	-0.533	0.042	1.465	-4.639	-42.297	-88.632	-57.404	-93.241	0.00	0.00	0.00	0.22501	-0.65231	0.25388	-0.67773
WT1(E604078EA627)	3.90	13104	 2021-05-17 20:58:11.425	0.980	-0.022	0.388	-5.676	-25.635	0.671	-9.146	-69.988	-9.992	0.00	0.00	0.00	0.00000	0.00000	0.00000	0.00000
WT2(D809BF402BC3)	3.93	13103	 2021-05-17 20:58:11.442	0.898	-0.474	0.004	-3.540	0.183	-31.555	-89.094	-60.826	-92.867	0.00	0.00	0.00	0.22501	-0.65231	0.25388	-0.67773
WT1(E604078EA627)	3.90	13104	 2021-05-17 20:58:11.516	0.975	-0.083	0.277	-4.883	-33.997	1.038	-11.140	-72.883	-7.971	0.00	0.00	0.00	0.00000	0.00000	0.00000	0.00000
WT2(D809BF402BC3)	3.93	13103	 2021-05-17 20:58:11.547	0.899	-0.433	-0.017	-4.089	-2.319	-39.490	-89.676	-64.347	-92.889	0.00	0.00	0.00	0.22501	-0.65231	0.25388	-0.67773
WT1(E604078EA627)	3.90	13104	 2021-05-17 20:58:11.619	1.029	-0.077	0.267	-2.136	-48.035	2.563	-16.172	-76.954	-2.703	0.00	0.00	0.00	0.00000	0.00000	0.00000	0.00000
WT2(D809BF402BC3)	3.93	13103	 2021-05-17 20:58:11.652	0.931	-0.374	-0.017	0.916	-5.737	-46.082	-90.895	-68.785	-92.302	0.00	0.00	0.00	0.13690	-0.68607	0.16928	-0.69415
WT2(D809BF402BC3)	3.93	13103	 2021-05-17 20:58:11.742	0.982	-0.300	-0.003	-1.526	-3.601	-40.649	-92.626	-73.290	-91.159	0.00	0.00	0.00	0.09805	-0.69641	0.13910	-0.69711
WT1(E604078EA627)	3.90	13104	 2021-05-17 20:58:11.754	1.066	-0.038	0.210	-2.014	-46.692	3.601	-25.697	-80.980	7.267	0.00	0.00	0.00	0.00000	0.00000	0.00000	0.00000
WT1(E604078EA627)	3.90	13104	 2021-05-17 20:58:11.846	1.033	-0.081	0.073	-4.517	-33.020	0.366	-40.029	-83.809	21.654	0.00	0.00	0.00	0.00000	0.00000	0.00000	0.00000
WT2(D809BF402BC3)	3.93	13103	 2021-05-17 20:58:11.857	0.987	-0.177	-0.021	-3.479	-2.014	-38.818	-94.603	-77.124	-90.879	0.00	0.00	0.00	0.09805	-0.69641	0.13910	-0.69711
WT1(E604078EA627)	3.90	13104	 2021-05-17 20:58:11.949	1.019	-0.081	0.058	-3.784	-41.992	1.709	-78.173	-85.688	59.980	0.00	0.00	0.00	0.00000	0.00000	0.00000	0.00000
WT2(D809BF402BC3)	3.93	13103	 2021-05-17 20:58:11.955	0.985	-0.188	-0.033	-2.991	-2.502	-38.513	-99.201	-80.936	-88.835	0.00	0.00	0.00	0.00806	-0.70804	0.10547	-0.69818
WT1(E604078EA627)	3.90	13104	 2021-05-17 20:58:12.039	1.075	-0.070	0.113	3.479	-10.132	-2.258	-110.308	-85.578	92.043	0.00	0.00	0.00	0.00000	0.00000	0.00000	0.00000
WT2(D809BF402BC3)	3.93	13103	 2021-05-17 20:58:12.044	1.029	-0.127	-0.028	3.540	2.258	-9.399	-102.052	-83.139	-88.121	0.00	0.00	0.00	0.00806	-0.70804	0.10547	-0.69818
WT1(E604078EA627)	3.90	13104	 2021-05-17 20:58:12.145	1.076	-0.064	0.018	-0.793	5.371	1.709	-108.402	-85.726	90.396	0.00	0.00	0.00	0.00000	0.00000	0.00000	0.00000
WT2(D809BF402BC3)	3.93	13103	 2021-05-17 20:58:12.151	1.012	-0.089	-0.027	-2.075	-0.488	5.432	-101.805	-83.156	-91.708	0.00	0.00	0.00	0.00806	-0.70804	0.10547	-0.69818
WT1(E604078EA627)	3.90	13104	 2021-05-17 20:58:12.249	1.015	-0.066	-0.039	-1.526	12.207	1.343	-92.126	-85.858	74.290	0.00	0.00	0.00	0.00000	0.00000	0.00000	0.00000
WT1(E604078EA627)	3.90	13104	 2021-05-17 20:58:12.323	0.998	-0.072	-0.037	-0.122	1.709	-0.244	-87.709	-85.880	70.329	0.00	0.00	0.00	0.00000	0.00000	0.00000	0.00000
WT2(D809BF402BC3)	3.93	13103	 2021-05-17 20:58:12.357	0.988	-0.108	-0.042	1.282	0.610	-2.808	-100.909	-82.018	-98.657	0.00	0.00	0.00	-0.05487	-0.70016	0.15070	-0.69571
WT2(D809BF402BC3)	3.93	13103	 2021-05-17 20:58:12.433	1.012	-0.126	-0.027	1.465	1.038	-6.775	-101.717	-82.716	-100.421	0.00	0.00	0.00	-0.05487	-0.70016	0.15070	-0.69571
WT1(E604078EA627)	3.90	13104	 2021-05-17 20:58:12.445	1.039	-0.059	0.045	0.916	-12.451	-1.709	-100.525	-85.930	83.743	0.00	0.00	0.00	0.00000	0.00000	0.00000	0.00000
WT2(D809BF402BC3)	3.93	13103	 2021-05-17 20:58:12.537	1.044	-0.112	-0.048	0.671	0.854	0.854	-101.635	-82.941	-102.964	0.00	0.00	0.00	-0.10529	-0.68951	0.19220	-0.69028
WT1(E604078EA627)	3.90	13104	 2021-05-17 20:58:12.564	1.089	-0.073	0.022	1.526	1.038	-2.136	-104.491	-85.935	87.902	0.00	0.00	0.00	0.00000	0.00000	0.00000	0.00000
WT2(D809BF402BC3)	3.93	13103	 2021-05-17 20:58:12.656	0.970	-0.127	-0.055	-2.441	-0.305	9.033	-100.970	-82.156	-106.199	0.00	0.00	0.00	-0.10529	-0.68951	0.19220	-0.69028
WT1(E604078EA627)	3.90	13104	 2021-05-17 20:58:12.684	0.992	-0.074	-0.030	-0.427	14.709	0.244	-90.302	-85.952	73.608	0.00	0.00	0.00	0.00000	0.00000	0.00000	0.00000
WT2(D809BF402BC3)	3.93	13103	 2021-05-17 20:58:12.732	1.021	-0.120	-0.020	1.465	0.000	-4.211	-101.184	-82.326	-108.298	0.00	0.00	0.00	-0.12506	-0.68091	0.22232	-0.68646
WT1(E604078EA627)	3.90	13104	 2021-05-17 20:58:12.759	1.016	-0.054	-0.050	-0.610	-8.057	-0.061	-78.162	-85.968	62.292	0.00	0.00	0.00	0.00000	0.00000	0.00000	0.00000
WT1(E604078EA627)	3.90	13104	 2021-05-17 20:58:12.835	1.051	-0.063	0.044	-0.244	-9.094	-0.122	-92.922	-86.122	77.245	0.00	0.00	0.00	0.00000	0.00000	0.00000	0.00000
WT2(D809BF402BC3)	3.93	13103	 2021-05-17 20:58:12.852	1.002	-0.121	-0.028	0.305	0.610	-2.441	-101.887	-82.897	-109.847	0.00	0.00	0.00	-0.12506	-0.68091	0.22232	-0.68646
WT2(D809BF402BC3)	3.93	13103	 2021-05-17 20:58:12.927	1.006	-0.106	-0.011	-2.991	-0.427	5.310	-101.327	-82.903	-112.923	0.00	0.00	0.00	-0.12506	-0.68091	0.22232	-0.68646
WT1(E604078EA627)	3.90	13104	 2021-05-17 20:58:12.954	1.031	-0.057	0.043	-2.930	5.005	1.709	-91.313	-86.193	75.740	0.00	0.00	0.00	0.00000	0.00000	0.00000	0.00000
WT2(D809BF402BC3)	3.93	13103	 2021-05-17 20:58:13.032	0.997	-0.085	-0.029	1.282	0.305	0.000	-100.909	-82.496	-115.329	0.00	0.00	0.00	-0.16516	-0.66949	0.25287	-0.67862
WT1(E604078EA627)	3.90	13104	 2021-05-17 20:58:13.060	1.006	-0.064	-0.046	1.160	5.188	-0.122	-80.898	-86.138	65.610	0.00	0.00	0.00	0.00000	0.00000	0.00000	0.00000
WT2(D809BF402BC3)	3.93	13103	 2021-05-17 20:58:13.122	0.997	-0.123	-0.042	0.732	1.221	-3.357	-101.794	-82.705	-116.433	0.00	0.00	0.00	-0.16516	-0.66949	0.25287	-0.67862
WT1(E604078EA627)	3.90	13104	 2021-05-17 20:58:13.149	1.024	-0.079	0.024	1.221	-4.822	-1.831	-87.056	-86.177	71.988	0.00	0.00	0.00	0.00000	0.00000	0.00000	0.00000
WT2(D809BF402BC3)	3.93	13103	 2021-05-17 20:58:13.226	1.017	-0.100	-0.029	1.038	0.061	-1.526	-102.036	-83.051	-118.026	0.00	0.00	0.00	-0.18954	-0.66006	0.27762	-0.67175
WT1(E604078EA627)	3.90	13104	 2021-05-17 20:58:13.239	1.059	-0.053	-0.006	0.977	-3.906	0.183	-91.653	-86.204	76.915	0.00	0.00	0.00	0.00000	0.00000	0.00000	0.00000
WT2(D809BF402BC3)	3.93	13103	 2021-05-17 20:58:13.331	1.002	-0.103	-0.031	-1.404	-0.244	0.122	-102.458	-83.216	-119.564	0.00	0.00	0.00	-0.18954	-0.66006	0.27762	-0.67175
WT1(E604078EA627)	3.90	13104	 2021-05-17 20:58:13.344	1.024	-0.066	0.007	-1.404	0.977	0.793	-93.834	-86.199	79.151	0.00	0.00	0.00	0.00000	0.00000	0.00000	0.00000
WT2(D809BF402BC3)	3.93	13103	 2021-05-17 20:58:13.424	0.957	-0.128	-0.015	-4.028	-1.953	7.141	-101.964	-82.919	-121.800	0.00	0.00	0.00	-0.22006	-0.64752	0.30554	-0.66248
WT1(E604078EA627)	3.90	13104	 2021-05-17 20:58:13.457	0.991	-0.063	0.005	-2.563	6.775	3.723	-87.380	-86.100	72.664	0.00	0.00	0.00	0.00000	0.00000	0.00000	0.00000
WT1(E604078EA627)	3.90	13104	 2021-05-17 20:58:13.539	1.032	-0.050	-0.026	0.549	-12.573	-1.099	-89.808	-86.177	75.784	0.00	0.00	0.00	0.00000	0.00000	0.00000	0.00000
WT2(D809BF402BC3)	3.93	13103	 2021-05-17 20:58:13.544	1.016	-0.082	-0.021	2.258	0.671	-6.531	-102.980	-83.018	-122.289	0.00	0.00	0.00	-0.22006	-0.64752	0.30554	-0.66248
WT2(D809BF402BC3)	3.93	13103	 2021-05-17 20:58:13.617	1.013	-0.100	-0.030	-0.305	0.000	0.244	-104.068	-83.535	-123.058	0.00	0.00	0.00	-0.22006	-0.64752	0.30554	-0.66248
WT1(E604078EA627)	3.90	13104	 2021-05-17 20:58:13.644	1.049	-0.062	0.048	-0.305	-0.732	0.549	-98.663	-86.127	84.573	0.00	0.00	0.00	0.00000	0.00000	0.00000	0.00000
WT2(D809BF402BC3)	3.93	13103	 2021-05-17 20:58:13.722	1.024	-0.111	-0.044	-0.793	1.282	3.906	-103.447	-83.337	-125.255	0.00	0.00	0.00	-0.24377	-0.64011	0.32242	-0.65332
WT1(E604078EA627)	3.90	13104	 2021-05-17 20:58:13.794	1.034	-0.081	-0.013	-1.587	2.991	-0.122	-92.043	-86.204	78.014	0.00	0.00	0.00	0.00000	0.00000	0.00000	0.00000
WT2(D809BF402BC3)	3.93	13103	 2021-05-17 20:58:13.811	0.990	-0.119	-0.042	-1.160	-0.305	4.639	-103.195	-82.870	-127.117	0.00	0.00	0.00	-0.24377	-0.64011	0.32242	-0.65332
WT1(E604078EA627)	3.90	13104	 2021-05-17 20:58:13.868	1.041	-0.072	-0.015	2.014	3.967	-0.183	-85.457	-86.094	71.455	0.00	0.00	0.00	0.00000	0.00000	0.00000	0.00000
WT2(D809BF402BC3)	3.93	13103	 2021-05-17 20:58:13.931	0.991	-0.100	-0.034	-0.427	-0.244	-2.197	-103.239	-82.848	-128.353	0.00	0.00	0.00	-0.25729	-0.62881	0.34439	-0.64786
