设备名称	电压	版本	片上时间	加速度X(g)	加速度Y(g)	加速度Z(g)	角速度X(°/s)	角速度Y(°/s)	角速度Z(°/s)	角度X(°)	角度Y(°)	角度Z(°)	磁场X	磁场Y	磁场Z	四元数0	四元数1	四元数2	四元数3	状态
WT1(E604078EA627)	3.90	13104	 2021-05-17 20:59:33.231	1.024	-0.076	0.041	-0.122	-0.061	0.183	-55.860	-85.237	50.235	0.00	0.00	0.00	0.00000	0.00000	0.00000	0.00000
WT2(D809BF402BC3)	3.93	13103	 2021-05-17 20:59:33.231	0.996	-0.164	-0.039	0.061	0.366	0.488	-100.107	-79.360	-157.077	0.00	0.00	0.00	-0.37579	-0.52512	0.49072	-0.58496
WT2(D809BF402BC3)	3.93	13103	 2021-05-17 20:59:33.327	0.995	-0.161	-0.036	-0.854	0.366	-0.122	-99.943	-79.448	-157.747	0.00	0.00	0.00	-0.38196	-0.51874	0.49701	-0.58133
WT1(E604078EA627)	3.90	13104	 2021-05-17 20:59:33.369	1.023	-0.070	0.044	-0.732	-0.671	-0.061	-56.585	-85.309	50.982	0.00	0.00	0.00	0.00000	0.00000	0.00000	0.00000
WT1(E604078EA627)	3.90	13104	 2021-05-17 20:59:33.429	1.030	-0.074	0.062	-0.183	-0.366	0.610	-57.480	-85.391	51.855	0.00	0.00	0.00	0.00000	0.00000	0.00000	0.00000
WT2(D809BF402BC3)	3.93	13103	 2021-05-17 20:59:33.447	0.995	-0.163	-0.033	-0.305	0.122	0.122	-99.756	-79.547	-158.280	0.00	0.00	0.00	-0.38196	-0.51874	0.49701	-0.58133
WT2(D809BF402BC3)	3.93	13103	 2021-05-17 20:59:33.522	1.000	-0.159	-0.025	-0.488	0.122	1.648	-99.553	-79.525	-158.824	0.00	0.00	0.00	-0.38196	-0.51874	0.49701	-0.58133
WT1(E604078EA627)	3.90	13104	 2021-05-17 20:59:33.564	1.028	-0.061	0.058	-1.221	0.366	0.366	-56.860	-85.364	51.235	0.00	0.00	0.00	0.00000	0.00000	0.00000	0.00000
WT1(E604078EA627)	3.90	13104	 2021-05-17 20:59:33.626	1.027	-0.071	0.032	0.427	0.427	-0.305	-55.635	-85.270	49.949	0.00	0.00	0.00	0.00000	0.00000	0.00000	0.00000
WT2(D809BF402BC3)	3.93	13103	 2021-05-17 20:59:33.628	0.997	-0.162	-0.036	0.061	0.488	1.404	-99.437	-79.393	-159.302	0.00	0.00	0.00	-0.38910	-0.51343	0.50143	-0.57748
WT2(D809BF402BC3)	3.93	13103	 2021-05-17 20:59:33.716	0.997	-0.161	-0.032	0.427	0.610	0.244	-99.410	-79.420	-159.642	0.00	0.00	0.00	-0.38910	-0.51343	0.50143	-0.57748
WT1(E604078EA627)	3.90	13104	 2021-05-17 20:59:33.729	1.031	-0.068	0.045	0.366	-0.244	-0.305	-56.288	-85.303	50.636	0.00	0.00	0.00	0.00000	0.00000	0.00000	0.00000
WT2(D809BF402BC3)	3.93	13103	 2021-05-17 20:59:33.823	0.999	-0.169	-0.038	-0.427	0.183	0.793	-99.371	-79.459	-160.049	0.00	0.00	0.00	-0.39246	-0.50986	0.50488	-0.57538
WT1(E604078EA627)	3.90	13104	 2021-05-17 20:59:33.834	1.031	-0.066	0.057	-0.183	0.061	-0.244	-56.766	-85.309	51.086	0.00	0.00	0.00	0.00000	0.00000	0.00000	0.00000
WT2(D809BF402BC3)	3.93	13103	 2021-05-17 20:59:33.913	0.996	-0.161	-0.027	-0.122	0.000	1.038	-99.146	-79.420	-160.494	0.00	0.00	0.00	-0.39246	-0.50986	0.50488	-0.57538
WT1(E604078EA627)	3.90	13104	 2021-05-17 20:59:33.984	1.029	-0.063	0.048	-0.244	0.000	0.549	-56.255	-85.281	50.576	0.00	0.00	0.00	0.00000	0.00000	0.00000	0.00000
WT2(D809BF402BC3)	3.93	13103	 2021-05-17 20:59:34.016	0.995	-0.165	-0.043	-1.099	0.488	1.038	-99.058	-79.398	-160.939	0.00	0.00	0.00	-0.39246	-0.50986	0.50488	-0.57538
WT1(E604078EA627)	3.90	13104	 2021-05-17 20:59:34.090	1.023	-0.081	0.043	-0.916	-0.427	-0.183	-55.849	-85.259	50.109	0.00	0.00	0.00	0.00000	0.00000	0.00000	0.00000
WT2(D809BF402BC3)	3.93	13103	 2021-05-17 20:59:34.108	0.999	-0.165	-0.028	0.854	0.366	0.000	-99.003	-79.420	-161.169	0.00	0.00	0.00	-0.39752	-0.50500	0.50925	-0.57233
WT1(E604078EA627)	3.90	13104	 2021-05-17 20:59:34.165	1.033	-0.055	0.057	0.488	-0.977	-0.366	-56.486	-85.309	50.828	0.00	0.00	0.00	0.00000	0.00000	0.00000	0.00000
WT2(D809BF402BC3)	3.93	13103	 2021-05-17 20:59:34.212	0.997	-0.167	-0.042	-0.793	0.305	1.160	-98.893	-79.431	-161.494	0.00	0.00	0.00	-0.39752	-0.50500	0.50925	-0.57233
WT1(E604078EA627)	3.90	13104	 2021-05-17 20:59:34.239	1.030	-0.076	0.044	0.488	1.282	0.061	-55.920	-85.281	50.202	0.00	0.00	0.00	0.00000	0.00000	0.00000	0.00000
WT2(D809BF402BC3)	3.93	13103	 2021-05-17 20:59:34.318	0.997	-0.162	-0.030	-0.549	0.122	0.671	-98.806	-79.398	-161.889	0.00	0.00	0.00	-0.39752	-0.50500	0.50925	-0.57233
WT1(E604078EA627)	3.90	13104	 2021-05-17 20:59:34.343	1.024	-0.066	0.049	-0.488	-0.427	-0.305	-56.080	-85.287	50.383	0.00	0.00	0.00	0.00000	0.00000	0.00000	0.00000
WT2(D809BF402BC3)	3.93	13103	 2021-05-17 20:59:34.408	0.995	-0.164	-0.031	-0.183	0.061	0.122	-98.740	-79.453	-162.092	0.00	0.00	0.00	-0.40118	-0.50192	0.51181	-0.57019
WT1(E604078EA627)	3.90	13104	 2021-05-17 20:59:34.465	1.032	-0.074	0.061	-0.671	-0.610	0.916	-56.871	-85.303	51.136	0.00	0.00	0.00	0.00000	0.00000	0.00000	0.00000
WT2(D809BF402BC3)	3.93	13103	 2021-05-17 20:59:34.511	0.999	-0.163	-0.039	0.305	-0.061	1.648	-99.031	-79.420	-162.010	0.00	0.00	0.00	-0.40118	-0.50192	0.51181	-0.57019
WT1(E604078EA627)	3.90	13104	 2021-05-17 20:59:34.540	1.028	-0.070	0.041	0.977	1.221	0.488	-56.426	-85.210	50.729	0.00	0.00	0.00	0.00000	0.00000	0.00000	0.00000
WT2(D809BF402BC3)	3.93	13103	 2021-05-17 20:59:34.617	0.996	-0.164	-0.034	-0.671	0.061	0.549	-99.097	-79.393	-162.268	0.00	0.00	0.00	-0.40118	-0.50192	0.51181	-0.57019
WT1(E604078EA627)	3.90	13104	 2021-05-17 20:59:34.644	1.024	-0.071	0.050	0.000	-0.488	-0.671	-56.871	-85.226	51.191	0.00	0.00	0.00	0.00000	0.00000	0.00000	0.00000
WT1(E604078EA627)	3.90	13104	 2021-05-17 20:59:34.781	1.032	-0.063	0.053	-0.427	-3.662	-0.916	-58.958	-85.375	53.311	0.00	0.00	0.00	0.00000	0.00000	0.00000	0.00000
WT2(D809BF402BC3)	3.93	13103	 2021-05-17 20:59:34.826	0.997	-0.153	-0.048	-0.854	0.793	-0.793	-99.075	-79.700	-162.746	0.00	0.00	0.00	-0.40488	-0.49930	0.51483	-0.56714
WT1(E604078EA627)	3.90	13104	 2021-05-17 20:59:34.854	1.025	-0.091	0.044	-0.244	0.366	-0.732	-59.332	-85.413	53.542	0.00	0.00	0.00	0.00000	0.00000	0.00000	0.00000
WT2(D809BF402BC3)	3.93	13103	 2021-05-17 20:59:34.904	1.002	-0.190	-0.025	-0.122	0.244	1.709	-99.020	-79.689	-162.900	0.00	0.00	0.00	-0.40488	-0.49930	0.51483	-0.56714
WT1(E604078EA627)	3.90	13104	 2021-05-17 20:59:34.960	1.026	-0.066	0.038	-0.854	1.221	-0.183	-58.859	-85.347	53.042	0.00	0.00	0.00	0.00000	0.00000	0.00000	0.00000
WT2(D809BF402BC3)	3.93	13103	 2021-05-17 20:59:35.006	0.994	-0.151	-0.032	-1.099	-0.183	0.977	-98.965	-79.612	-163.295	0.00	0.00	0.00	-0.40720	-0.49850	0.51523	-0.56583
WT1(E604078EA627)	3.90	13104	 2021-05-17 20:59:35.048	1.026	-0.072	0.036	-0.427	-0.488	0.122	-59.156	-85.309	53.295	0.00	0.00	0.00	0.00000	0.00000	0.00000	0.00000
WT2(D809BF402BC3)	3.93	13103	 2021-05-17 20:59:35.111	0.995	-0.156	-0.034	0.549	0.488	-0.549	-99.135	-79.673	-163.334	0.00	0.00	0.00	-0.40720	-0.49850	0.51523	-0.56583
WT1(E604078EA627)	3.90	13104	 2021-05-17 20:59:35.154	1.031	-0.061	0.047	0.244	-0.732	-0.671	-60.491	-85.413	54.662	0.00	0.00	0.00	0.00000	0.00000	0.00000	0.00000
WT2(D809BF402BC3)	3.93	13103	 2021-05-17 20:59:35.202	0.999	-0.159	-0.041	-0.305	0.732	0.916	-98.910	-79.777	-163.685	0.00	0.00	0.00	-0.41061	-0.49591	0.51773	-0.56335
WT1(E604078EA627)	3.90	13104	 2021-05-17 20:59:35.258	1.023	-0.082	0.031	0.061	0.671	0.061	-59.727	-85.408	53.855	0.00	0.00	0.00	0.00000	0.00000	0.00000	0.00000
WT2(D809BF402BC3)	3.93	13103	 2021-05-17 20:59:35.306	1.003	-0.168	-0.032	0.122	0.183	1.770	-98.828	-79.706	-164.009	0.00	0.00	0.00	-0.41061	-0.49591	0.51773	-0.56335
WT1(E604078EA627)	3.90	13104	 2021-05-17 20:59:35.353	1.034	-0.062	0.050	-0.183	2.136	0.488	-58.997	-85.364	53.141	0.00	0.00	0.00	0.00000	0.00000	0.00000	0.00000
WT2(D809BF402BC3)	3.93	13103	 2021-05-17 20:59:35.398	0.994	-0.153	-0.031	-0.977	0.732	1.831	-98.531	-79.596	-164.432	0.00	0.00	0.00	-0.41061	-0.49591	0.51773	-0.56335
WT1(E604078EA627)	3.90	13104	 2021-05-17 20:59:35.454	1.026	-0.082	0.039	-0.427	-0.549	0.427	-58.189	-85.358	52.306	0.00	0.00	0.00	0.00000	0.00000	0.00000	0.00000
WT2(D809BF402BC3)	3.93	13103	 2021-05-17 20:59:35.502	0.997	-0.160	-0.032	0.854	0.244	0.244	-98.448	-79.596	-164.592	0.00	0.00	0.00	-0.41312	-0.49219	0.52060	-0.56216
WT1(E604078EA627)	3.90	13104	 2021-05-17 20:59:35.575	1.034	-0.053	0.042	-0.183	0.061	-0.916	-58.579	-85.413	52.745	0.00	0.00	0.00	0.00000	0.00000	0.00000	0.00000
WT2(D809BF402BC3)	3.93	13103	 2021-05-17 20:59:35.606	0.999	-0.153	-0.034	-1.465	0.732	0.671	-98.157	-79.656	-165.075	0.00	0.00	0.00	-0.41312	-0.49219	0.52060	-0.56216
WT1(E604078EA627)	3.90	13104	 2021-05-17 20:59:35.678	1.035	-0.086	0.058	1.099	1.892	0.305	-57.969	-85.397	52.026	0.00	0.00	0.00	0.00000	0.00000	0.00000	0.00000
WT2(D809BF402BC3)	3.93	13103	 2021-05-17 20:59:35.711	0.996	-0.157	-0.022	-0.122	-0.549	3.174	-98.130	-79.503	-165.097	0.00	0.00	0.00	-0.41428	-0.49124	0.52103	-0.56171
WT1(E604078EA627)	3.90	13104	 2021-05-17 20:59:35.757	1.024	-0.065	0.038	-0.732	1.099	-0.732	-55.860	-85.265	49.955	0.00	0.00	0.00	0.00000	0.00000	0.00000	0.00000
WT2(D809BF402BC3)	3.93	13103	 2021-05-17 20:59:35.801	0.991	-0.165	-0.034	-1.160	0.305	1.709	-97.905	-79.354	-165.366	0.00	0.00	0.00	-0.41428	-0.49124	0.52103	-0.56171
WT1(E604078EA627)	3.90	13104	 2021-05-17 20:59:35.878	1.025	-0.065	0.043	0.793	0.549	0.183	-55.591	-85.210	49.675	0.00	0.00	0.00	0.00000	0.00000	0.00000	0.00000
WT2(D809BF402BC3)	3.93	13103	 2021-05-17 20:59:35.910	0.994	-0.166	-0.024	-0.366	0.793	1.465	-97.839	-79.305	-165.267	0.00	0.00	0.00	-0.41428	-0.49124	0.52103	-0.56171
WT1(E604078EA627)	3.90	13104	 2021-05-17 20:59:35.965	1.101	-0.066	0.304	3.601	13.977	-3.662	-51.416	-85.215	45.110	0.00	0.00	0.00	0.00000	0.00000	0.00000	0.00000
WT2(D809BF402BC3)	3.93	13103	 2021-05-17 20:59:36.027	1.007	-0.239	-0.024	5.493	5.432	32.349	-95.372	-77.531	-165.954	0.00	0.00	0.00	-0.41428	-0.49124	0.52103	-0.56171
WT1(E604078EA627)	3.90	13104	 2021-05-17 20:59:36.085	1.097	-0.048	0.147	1.892	50.110	-2.136	-23.818	-81.815	17.380	0.00	0.00	0.00	0.00000	0.00000	0.00000	0.00000
WT2(D809BF402BC3)	3.93	13103	 2021-05-17 20:59:36.092	0.980	-0.265	0.010	-4.150	2.441	56.274	-91.972	-73.037	-167.437	0.00	0.00	0.00	-0.39404	-0.48849	0.52075	-0.57867
WT1(E604078EA627)	3.90	13104	 2021-05-17 20:59:36.174	1.001	-0.063	0.143	2.197	56.213	-0.854	-14.491	-76.569	7.625	0.00	0.00	0.00	0.00000	0.00000	0.00000	0.00000
WT2(D809BF402BC3)	3.93	13103	 2021-05-17 20:59:36.192	0.952	-0.327	0.002	2.686	5.432	50.598	-90.851	-67.637	-165.970	0.00	0.00	0.00	-0.39404	-0.48849	0.52075	-0.57867
WT2(D809BF402BC3)	3.93	13103	 2021-05-17 20:59:36.282	0.887	-0.430	-0.025	1.648	2.930	37.476	-90.000	-63.303	-163.548	0.00	0.00	0.00	-0.28503	-0.45374	0.54248	-0.64694
WT1(E604078EA627)	3.90	13104	 2021-05-17 20:59:36.314	0.968	-0.063	0.235	-0.305	39.917	-0.244	-10.574	-72.493	3.779	0.00	0.00	0.00	0.00000	0.00000	0.00000	0.00000
WT1(E604078EA627)	3.90	13104	 2021-05-17 20:59:36.370	0.961	-0.045	0.315	5.188	26.001	-1.404	-8.394	-69.582	1.802	0.00	0.00	0.00	0.00000	0.00000	0.00000	0.00000
WT2(D809BF402BC3)	3.93	13103	 2021-05-17 20:59:36.386	0.901	-0.472	-0.018	3.906	3.113	28.809	-89.072	-60.161	-160.681	0.00	0.00	0.00	-0.28503	-0.45374	0.54248	-0.64694
WT1(E604078EA627)	3.90	13104	 2021-05-17 20:59:36.489	0.979	-0.053	0.437	3.235	27.588	-1.648	-6.586	-67.132	0.077	0.00	0.00	0.00	0.00000	0.00000	0.00000	0.00000
WT2(D809BF402BC3)	3.93	13103	 2021-05-17 20:59:36.496	0.875	-0.543	-0.001	4.150	3.357	34.180	-88.176	-57.195	-157.780	0.00	0.00	0.00	-0.28503	-0.45374	0.54248	-0.64694
WT1(E604078EA627)	3.90	13104	 2021-05-17 20:59:36.564	0.949	-0.026	0.488	6.042	45.837	0.732	-5.010	-63.622	-1.516	0.00	0.00	0.00	0.00000	0.00000	0.00000	0.00000
WT2(D809BF402BC3)	3.93	13103	 2021-05-17 20:59:36.582	0.833	-0.592	0.029	4.578	1.282	45.593	-87.561	-53.146	-154.363	0.00	0.00	0.00	-0.18332	-0.45407	0.53195	-0.69080
WT1(E604078EA627)	3.90	13104	 2021-05-17 20:59:36.685	0.910	-0.017	0.500	0.305	43.396	-2.625	-3.807	-59.365	-2.642	0.00	0.00	0.00	0.00000	0.00000	0.00000	0.00000
WT2(D809BF402BC3)	3.93	13103	 2021-05-17 20:59:36.692	0.793	-0.622	0.030	-0.671	4.761	43.701	-87.116	-48.746	-151.073	0.00	0.00	0.00	-0.18332	-0.45407	0.53195	-0.69080
WT2(D809BF402BC3)	3.93	13103	 2021-05-17 20:59:36.777	0.720	-0.678	0.016	0.977	3.967	38.757	-86.902	-44.736	-148.140	0.00	0.00	0.00	-0.07166	-0.44064	0.53564	-0.71674
WT1(E604078EA627)	3.90	13104	 2021-05-17 20:59:36.789	0.833	-0.057	0.539	1.831	38.208	-1.953	-3.060	-55.503	-3.768	0.00	0.00	0.00	0.00000	0.00000	0.00000	0.00000
WT1(E604078EA627)	3.90	13104	 2021-05-17 20:59:36.895	0.816	-0.021	0.595	5.371	31.738	0.854	-2.554	-52.180	-4.241	0.00	0.00	0.00	0.00000	0.00000	0.00000	0.00000
WT2(D809BF402BC3)	3.93	13103	 2021-05-17 20:59:36.903	0.701	-0.723	0.031	4.272	0.366	33.325	-86.655	-41.237	-144.849	0.00	0.00	0.00	-0.07166	-0.44064	0.53564	-0.71674
WT1(E604078EA627)	3.90	13104	 2021-05-17 20:59:36.985	0.809	-0.008	0.679	4.272	35.583	-0.122	-1.928	-49.158	-4.757	0.00	0.00	0.00	0.00000	0.00000	0.00000	0.00000
WT2(D809BF402BC3)	3.93	13103	 2021-05-17 20:59:36.994	0.667	-0.785	0.046	3.113	2.075	36.987	-86.331	-37.831	-141.625	0.00	0.00	0.00	-0.07166	-0.44064	0.53564	-0.71674
WT2(D809BF402BC3)	3.93	13103	 2021-05-17 20:59:37.076	0.595	-0.823	0.046	-0.793	4.089	42.114	-86.144	-34.019	-138.675	0.00	0.00	0.00	0.01935	-0.43582	0.53348	-0.72458
WT1(E604078EA627)	3.90	13104	 2021-05-17 20:59:37.134	0.771	-0.004	0.777	0.610	39.185	-1.831	-1.434	-45.780	-5.499	0.00	0.00	0.00	0.00000	0.00000	0.00000	0.00000
WT2(D809BF402BC3)	3.93	13103	 2021-05-17 20:59:37.182	0.526	-0.857	0.043	0.793	4.456	47.363	-86.056	-29.608	-136.055	0.00	0.00	0.00	0.01935	-0.43582	0.53348	-0.72458
WT1(E604078EA627)	3.90	13104	 2021-05-17 20:59:37.200	0.702	-0.028	0.770	2.197	45.837	-1.770	-1.000	-41.375	-6.405	0.00	0.00	0.00	0.00000	0.00000	0.00000	0.00000
WT2(D809BF402BC3)	3.93	13103	 2021-05-17 20:59:37.286	0.459	-0.876	0.049	0.183	3.052	40.649	-85.984	-25.285	-133.347	0.00	0.00	0.00	0.11600	-0.41675	0.54382	-0.71909
WT1(E604078EA627)	3.90	13104	 2021-05-17 20:59:37.315	0.623	0.004	0.769	1.221	38.940	-0.610	-0.709	-37.123	-6.927	0.00	0.00	0.00	0.00000	0.00000	0.00000	0.00000
WT2(D809BF402BC3)	3.93	13103	 2021-05-17 20:59:37.380	0.391	-0.920	0.049	1.648	3.174	38.391	-85.875	-21.473	-130.803	0.00	0.00	0.00	0.11600	-0.41675	0.54382	-0.71909
WT1(E604078EA627)	3.90	13104	 2021-05-17 20:59:37.419	0.577	-0.005	0.846	2.991	38.391	-1.221	-0.412	-33.580	-7.575	0.00	0.00	0.00	0.00000	0.00000	0.00000	0.00000
WT2(D809BF402BC3)	3.93	13103	 2021-05-17 20:59:37.481	0.332	-0.947	0.058	0.916	2.441	38.513	-85.759	-17.803	-128.276	0.00	0.00	0.00	0.11600	-0.41675	0.54382	-0.71909
WT1(E604078EA627)	3.90	13104	 2021-05-17 20:59:37.495	0.535	0.010	0.911	2.136	34.119	-0.488	-0.137	-30.075	-8.102	0.00	0.00	0.00	0.00000	0.00000	0.00000	0.00000
WT2(D809BF402BC3)	3.93	13103	 2021-05-17 20:59:37.572	0.266	-0.964	0.065	0.427	3.967	42.053	-85.699	-13.903	-125.865	0.00	0.00	0.00	0.23383	-0.39243	0.55701	-0.69354
WT1(E604078EA627)	3.90	13104	 2021-05-17 20:59:37.586	0.478	0.017	0.927	1.709	42.908	-2.014	0.110	-26.224	-8.707	0.00	0.00	0.00	0.00000	0.00000	0.00000	0.00000
WT2(D809BF402BC3)	3.93	13103	 2021-05-17 20:59:37.676	0.210	-0.977	0.061	0.000	4.456	41.626	-85.660	-9.811	-123.690	0.00	0.00	0.00	0.23383	-0.39243	0.55701	-0.69354
WT1(E604078EA627)	3.90	13104	 2021-05-17 20:59:37.703	0.396	0.007	0.918	1.282	40.710	-2.075	0.319	-22.209	-9.360	0.00	0.00	0.00	0.00000	0.00000	0.00000	0.00000
WT2(D809BF402BC3)	3.93	13103	 2021-05-17 20:59:37.784	0.145	-0.987	0.053	0.305	4.089	40.771	-85.655	-5.900	-121.602	0.00	0.00	0.00	0.23383	-0.39243	0.55701	-0.69354
WT1(E604078EA627)	3.90	13104	 2021-05-17 20:59:37.813	0.335	0.009	0.977	1.709	38.940	-1.648	0.511	-18.402	-10.042	0.00	0.00	0.00	0.00000	0.00000	0.00000	0.00000
WT1(E604078EA627)	3.90	13104	 2021-05-17 20:59:37.915	0.242	0.025	0.874	0.977	41.199	0.305	0.780	-14.238	-10.585	0.00	0.00	0.00	0.00000	0.00000	0.00000	0.00000
WT2(D809BF402BC3)	3.93	13103	 2021-05-17 20:59:37.991	0.008	-0.957	0.075	-2.014	4.456	14.893	-85.649	0.692	-117.598	0.00	0.00	0.00	0.36029	-0.35196	0.58078	-0.63950
WT1(E604078EA627)	3.90	13104	 2021-05-17 20:59:38.005	0.162	0.042	0.841	-3.357	9.949	-3.845	0.835	-12.195	-11.272	0.00	0.00	0.00	0.00000	0.00000	0.00000	0.00000
WT2(D809BF402BC3)	3.93	13103	 2021-05-17 20:59:38.067	-0.005	-0.972	0.037	0.061	4.333	-3.296	-85.847	0.994	-116.197	0.00	0.00	0.00	0.38882	-0.35059	0.58319	-0.62106
WT1(E604078EA627)	3.90	13104	 2021-05-17 20:59:38.095	0.186	-0.044	0.914	0.122	-5.798	-3.540	0.714	-12.365	-12.310	0.00	0.00	0.00	0.00000	0.00000	0.00000	0.00000
WT2(D809BF402BC3)	3.93	13103	 2021-05-17 20:59:38.172	0.019	-1.005	0.039	1.465	-5.859	-7.263	-85.853	0.132	-114.434	0.00	0.00	0.00	0.38882	-0.35059	0.58319	-0.62106
WT1(E604078EA627)	3.90	13104	 2021-05-17 20:59:38.199	0.247	0.002	1.043	3.479	-3.357	7.813	0.582	-13.513	-12.442	0.00	0.00	0.00	0.00000	0.00000	0.00000	0.00000
WT2(D809BF402BC3)	3.93	13103	 2021-05-17 20:59:38.261	0.047	-1.008	0.086	-0.244	-5.920	-0.061	-85.726	-0.335	-112.044	0.00	0.00	0.00	0.38882	-0.35059	0.58319	-0.62106
WT1(E604078EA627)	3.90	13104	 2021-05-17 20:59:38.307	0.257	0.092	1.035	-0.488	2.502	2.869	0.714	-13.727	-12.107	0.00	0.00	0.00	0.00000	0.00000	0.00000	0.00000
WT2(D809BF402BC3)	3.93	13103	 2021-05-17 20:59:38.369	0.046	-1.004	0.087	-1.648	4.272	4.517	-85.737	-0.159	-110.303	0.00	0.00	0.00	0.41074	-0.38461	0.56100	-0.60712
WT1(E604078EA627)	3.90	13104	 2021-05-17 20:59:38.426	0.244	0.032	1.002	-2.625	3.784	-5.310	0.802	-13.354	-12.623	0.00	0.00	0.00	0.00000	0.00000	0.00000	0.00000
WT2(D809BF402BC3)	3.93	13103	 2021-05-17 20:59:38.472	0.030	-0.996	0.048	-0.671	5.310	4.700	-85.875	0.247	-109.325	0.00	0.00	0.00	0.41074	-0.38461	0.56100	-0.60712
WT1(E604078EA627)	3.90	13104	 2021-05-17 20:59:38.530	0.224	-0.022	0.970	-1.160	1.404	-2.747	0.692	-12.881	-13.480	0.00	0.00	0.00	0.00000	0.00000	0.00000	0.00000
WT1(E604078EA627)	3.90	13104	 2021-05-17 20:59:38.620	0.203	0.004	0.944	0.854	-1.770	1.404	0.615	-12.700	-13.898	0.00	0.00	0.00	0.00000	0.00000	0.00000	0.00000
WT2(D809BF402BC3)	3.93	13103	 2021-05-17 20:59:38.667	0.010	-0.990	0.061	0.671	-1.465	-2.197	-85.957	0.363	-106.760	0.00	0.00	0.00	0.43130	-0.39725	0.55417	-0.59076
WT1(E604078EA627)	3.90	13104	 2021-05-17 20:59:38.709	0.225	0.017	0.979	0.732	-3.967	1.343	0.665	-12.997	-14.084	0.00	0.00	0.00	0.00000	0.00000	0.00000	0.00000
WT2(D809BF402BC3)	3.93	13103	 2021-05-17 20:59:38.756	0.024	-1.000	0.067	0.427	-1.099	-1.465	-85.913	0.033	-105.381	0.00	0.00	0.00	0.43130	-0.39725	0.55417	-0.59076
WT1(E604078EA627)	3.90	13104	 2021-05-17 20:59:38.814	0.240	0.018	1.000	0.366	-1.709	1.526	0.714	-13.299	-14.260	0.00	0.00	0.00	0.00000	0.00000	0.00000	0.00000
WT2(D809BF402BC3)	3.93	13103	 2021-05-17 20:59:38.863	0.033	-1.003	0.066	0.061	-0.854	0.610	-85.891	-0.110	-104.079	0.00	0.00	0.00	0.44516	-0.41464	0.54068	-0.58093
WT1(E604078EA627)	3.90	13104	 2021-05-17 20:59:38.905	0.237	0.040	0.972	-0.061	1.343	-0.305	0.764	-13.326	-14.420	0.00	0.00	0.00	0.00000	0.00000	0.00000	0.00000
WT2(D809BF402BC3)	3.93	13103	 2021-05-17 20:59:38.967	0.034	-0.995	0.068	-0.244	1.465	-0.854	-85.891	-0.187	-103.008	0.00	0.00	0.00	0.44516	-0.41464	0.54068	-0.58093
WT1(E604078EA627)	3.90	13104	 2021-05-17 20:59:39.025	0.165	0.040	0.684	-2.319	2.197	-0.305	0.824	-13.250	-14.705	0.00	0.00	0.00	0.00000	0.00000	0.00000	0.00000
WT1(E604078EA627)	3.90	13104	 2021-05-17 20:59:39.115	0.277	-0.011	1.013	-5.249	-49.561	-5.737	0.363	-18.314	-15.260	0.00	0.00	0.00	0.00000	0.00000	0.00000	0.00000
WT2(D809BF402BC3)	3.93	13103	 2021-05-17 20:59:39.162	0.185	-0.968	0.007	5.554	-0.671	-58.350	-86.281	-7.657	-101.772	0.00	0.00	0.00	0.44650	-0.44205	0.52023	-0.57837
WT1(E604078EA627)	3.90	13104	 2021-05-17 20:59:39.234	0.461	-0.087	0.974	0.732	-76.843	7.263	0.258	-24.197	-15.359	0.00	0.00	0.00	0.00000	0.00000	0.00000	0.00000
WT2(D809BF402BC3)	3.93	13103	 2021-05-17 20:59:39.251	0.241	-0.987	0.042	2.563	-15.320	-54.443	-86.177	-13.722	-100.410	0.00	0.00	0.00	0.44650	-0.44205	0.52023	-0.57837
WT1(E604078EA627)	3.90	13104	 2021-05-17 20:59:39.309	0.539	0.042	0.937	2.869	-41.870	11.658	-0.099	-29.465	-14.041	0.00	0.00	0.00	0.00000	0.00000	0.00000	0.00000
WT2(D809BF402BC3)	3.93	13103	 2021-05-17 20:59:39.356	0.336	-0.967	0.096	-0.977	-8.789	-34.790	-86.215	-18.232	-98.454	0.00	0.00	0.00	0.39749	-0.50900	0.45703	-0.61154
WT1(E604078EA627)	3.90	13104	 2021-05-17 20:59:39.415	0.558	0.085	0.822	-5.737	-28.870	1.038	-0.308	-32.910	-13.343	0.00	0.00	0.00	0.00000	0.00000	0.00000	0.00000
WT2(D809BF402BC3)	3.93	13103	 2021-05-17 20:59:39.477	0.405	-0.918	0.069	-6.287	3.418	-35.339	-86.462	-21.868	-97.592	0.00	0.00	0.00	0.39749	-0.50900	0.45703	-0.61154
WT1(E604078EA627)	3.90	13104	 2021-05-17 20:59:39.519	0.602	-0.027	0.810	-5.554	-30.396	-5.371	-0.560	-36.513	-13.755	0.00	0.00	0.00	0.00000	0.00000	0.00000	0.00000
WT2(D809BF402BC3)	3.93	13103	 2021-05-17 20:59:39.552	0.447	-0.870	0.029	0.916	1.770	-40.527	-86.583	-25.543	-97.603	0.00	0.00	0.00	0.39749	-0.50900	0.45703	-0.61154
WT2(D809BF402BC3)	3.93	13103	 2021-05-17 20:59:39.656	0.510	-0.856	0.033	0.854	-4.639	-43.213	-86.688	-29.976	-97.037	0.00	0.00	0.00	0.35037	-0.56393	0.39377	-0.63568
WT1(E604078EA627)	3.90	13104	 2021-05-17 20:59:39.731	0.665	-0.044	0.752	-1.587	-45.288	2.075	-0.857	-40.611	-13.585	0.00	0.00	0.00	0.00000	0.00000	0.00000	0.00000
WT1(E604078EA627)	3.90	13104	 2021-05-17 20:59:39.733	0.750	0.019	0.741	0.793	-41.321	2.136	-1.219	-44.995	-12.925	0.00	0.00	0.00	0.00000	0.00000	0.00000	0.00000
WT2(D809BF402BC3)	3.93	13103	 2021-05-17 20:59:39.746	0.610	-0.818	0.054	-0.122	-3.235	-42.603	-86.737	-34.310	-96.229	0.00	0.00	0.00	0.35037	-0.56393	0.39377	-0.63568
WT1(E604078EA627)	3.90	13104	 2021-05-17 20:59:39.820	0.809	0.000	0.749	-2.808	-35.645	0.732	-1.582	-49.136	-12.409	0.00	0.00	0.00	0.00000	0.00000	0.00000	0.00000
WT2(D809BF402BC3)	3.93	13103	 2021-05-17 20:59:39.870	0.655	-0.748	0.050	-2.930	-1.953	-39.734	-86.902	-38.353	-95.641	0.00	0.00	0.00	0.30676	-0.60266	0.33737	-0.65485
WT1(E604078EA627)	3.90	13104	 2021-05-17 20:59:39.925	0.827	-0.025	0.688	-3.540	-35.767	0.366	-2.170	-52.652	-11.871	0.00	0.00	0.00	0.00000	0.00000	0.00000	0.00000
WT2(D809BF402BC3)	3.93	13103	 2021-05-17 20:59:39.941	0.671	-0.754	0.024	-1.953	-1.404	-33.203	-87.209	-41.973	-95.213	0.00	0.00	0.00	0.30676	-0.60266	0.33737	-0.65485
WT1(E604078EA627)	3.90	13104	 2021-05-17 20:59:40.030	0.846	-0.031	0.509	-4.639	-51.086	1.404	-2.807	-55.986	-11.058	0.00	0.00	0.00	0.00000	0.00000	0.00000	0.00000
WT2(D809BF402BC3)	3.93	13103	 2021-05-17 20:59:40.046	0.721	-0.679	0.022	-3.906	-2.197	-42.786	-87.506	-46.016	-94.779	0.00	0.00	0.00	0.30676	-0.60266	0.33737	-0.65485
WT1(E604078EA627)	3.90	13104	 2021-05-17 20:59:40.119	0.907	-0.039	0.491	-2.197	-43.030	1.099	-3.741	-60.491	-10.074	0.00	0.00	0.00	0.00000	0.00000	0.00000	0.00000
WT2(D809BF402BC3)	3.93	13103	 2021-05-17 20:59:40.152	0.792	-0.632	0.020	-0.366	-2.502	-44.434	-87.720	-50.488	-94.444	0.00	0.00	0.00	0.24359	-0.64264	0.26981	-0.67441
WT1(E604078EA627)	3.90	13104	 2021-05-17 20:59:40.227	0.966	-0.042	0.488	-1.892	-41.809	0.793	-4.900	-64.808	-8.718	0.00	0.00	0.00	0.00000	0.00000	0.00000	0.00000
WT2(D809BF402BC3)	3.93	13103	 2021-05-17 20:59:40.241	0.841	-0.575	0.021	-0.549	-2.441	-40.894	-88.017	-54.833	-94.048	0.00	0.00	0.00	0.24359	-0.64264	0.26981	-0.67441
WT1(E604078EA627)	3.90	13104	 2021-05-17 20:59:40.330	0.966	-0.047	0.420	-3.723	-30.518	1.587	-6.367	-68.225	-7.284	0.00	0.00	0.00	0.00000	0.00000	0.00000	0.00000
WT2(D809BF402BC3)	3.93	13103	 2021-05-17 20:59:40.348	0.875	-0.528	0.006	-2.258	-2.075	-31.494	-88.489	-58.414	-93.691	0.00	0.00	0.00	0.24359	-0.64264	0.26981	-0.67441
WT1(E604078EA627)	3.90	13104	 2021-05-17 20:59:40.435	0.974	-0.045	0.358	-4.150	-28.564	1.526	-8.086	-71.049	-5.559	0.00	0.00	0.00	0.00000	0.00000	0.00000	0.00000
WT2(D809BF402BC3)	3.93	13103	 2021-05-17 20:59:40.446	0.890	-0.473	0.002	-2.197	-1.648	-29.968	-88.989	-61.496	-93.466	0.00	0.00	0.00	0.16022	-0.67807	0.18942	-0.69183
WT1(E604078EA627)	3.90	13104	 2021-05-17 20:59:40.525	0.999	-0.061	0.217	-4.578	-50.049	1.221	-10.547	-74.235	-2.763	0.00	0.00	0.00	0.00000	0.00000	0.00000	0.00000
WT2(D809BF402BC3)	3.93	13103	 2021-05-17 20:59:40.542	0.917	-0.393	-0.014	-4.089	-2.747	-43.213	-89.802	-65.341	-93.510	0.00	0.00	0.00	0.16022	-0.67807	0.18942	-0.69183
WT1(E604078EA627)	3.90	13104	 2021-05-17 20:59:40.629	1.032	-0.068	0.221	0.244	-45.044	0.366	-15.864	-78.717	2.796	0.00	0.00	0.00	0.00000	0.00000	0.00000	0.00000
WT2(D809BF402BC3)	3.93	13103	 2021-05-17 20:59:40.634	0.948	-0.327	-0.011	2.197	-2.747	-48.035	-90.862	-69.928	-93.521	0.00	0.00	0.00	0.16022	-0.67807	0.18942	-0.69183
WT1(E604078EA627)	3.90	13104	 2021-05-17 20:59:40.736	1.066	-0.042	0.152	-2.991	-43.091	1.526	-26.093	-82.793	13.475	0.00	0.00	0.00	0.00000	0.00000	0.00000	0.00000
WT2(D809BF402BC3)	3.93	13103	 2021-05-17 20:59:40.738	1.002	-0.253	-0.010	-1.953	-1.953	-42.603	-92.236	-74.509	-93.647	0.00	0.00	0.00	0.09296	-0.69354	0.14749	-0.69897
WT1(E604078EA627)	3.90	13104	 2021-05-17 20:59:40.840	1.026	-0.063	0.100	-5.066	-36.926	3.357	-52.037	-85.638	39.441	0.00	0.00	0.00	0.00000	0.00000	0.00000	0.00000
WT2(D809BF402BC3)	3.93	13103	 2021-05-17 20:59:40.848	0.993	-0.219	-0.035	-3.052	-3.845	-33.875	-95.125	-78.514	-93.878	0.00	0.00	0.00	0.09296	-0.69354	0.14749	-0.69897
WT2(D809BF402BC3)	3.93	13103	 2021-05-17 20:59:40.934	1.003	-0.160	-0.024	2.075	0.061	-14.099	-97.723	-80.942	-94.323	0.00	0.00	0.00	-0.01660	-0.70279	0.12906	-0.69937
WT1(E604078EA627)	3.90	13104	 2021-05-17 20:59:40.975	1.066	-0.068	0.138	0.977	-12.817	-0.427	-84.397	-86.440	71.669	0.00	0.00	0.00	0.00000	0.00000	0.00000	0.00000
WT2(D809BF402BC3)	3.93	13103	 2021-05-17 20:59:41.037	1.019	-0.126	-0.015	0.366	0.671	0.549	-97.366	-81.420	-98.569	0.00	0.00	0.00	-0.01660	-0.70279	0.12906	-0.69937
WT1(E604078EA627)	3.90	13104	 2021-05-17 20:59:41.048	1.060	-0.067	0.022	-0.488	7.690	0.061	-81.255	-86.539	68.774	0.00	0.00	0.00	0.00000	0.00000	0.00000	0.00000
WT2(D809BF402BC3)	3.93	13103	 2021-05-17 20:59:41.142	0.988	-0.158	-0.034	-1.282	-1.221	4.517	-97.641	-81.046	-102.541	0.00	0.00	0.00	-0.01660	-0.70279	0.12906	-0.69937
WT1(E604078EA627)	3.90	13104	 2021-05-17 20:59:41.169	1.021	-0.077	0.045	-0.488	3.662	2.319	-75.630	-86.342	63.397	0.00	0.00	0.00	0.00000	0.00000	0.00000	0.00000
WT2(D809BF402BC3)	3.93	13103	 2021-05-17 20:59:41.231	0.999	-0.129	-0.017	-4.761	-1.160	1.526	-98.405	-80.804	-105.793	0.00	0.00	0.00	-0.07520	-0.68954	0.18744	-0.69550
WT1(E604078EA627)	3.90	13104	 2021-05-17 20:59:41.243	1.014	-0.033	-0.001	-5.127	-0.061	1.587	-71.966	-86.144	60.106	0.00	0.00	0.00	0.00000	0.00000	0.00000	0.00000
WT2(D809BF402BC3)	3.93	13103	 2021-05-17 20:59:41.339	0.996	-0.142	-0.074	-0.732	1.953	-1.526	-98.613	-80.881	-109.666	0.00	0.00	0.00	-0.07520	-0.68954	0.18744	-0.69550
WT1(E604078EA627)	3.90	13104	 2021-05-17 20:59:41.349	1.034	-0.108	0.008	0.488	-2.686	-2.136	-74.718	-86.298	63.056	0.00	0.00	0.00	0.00000	0.00000	0.00000	0.00000
WT1(E604078EA627)	3.90	13104	 2021-05-17 20:59:41.439	1.046	-0.036	0.046	1.160	-4.150	-0.793	-80.722	-86.446	69.659	0.00	0.00	0.00	0.00000	0.00000	0.00000	0.00000
WT2(D809BF402BC3)	3.93	13103	 2021-05-17 20:59:41.443	1.003	-0.145	-0.016	2.869	0.244	-3.296	-98.350	-81.189	-113.011	0.00	0.00	0.00	-0.13571	-0.67212	0.24371	-0.68585
WT2(D809BF402BC3)	3.93	13103	 2021-05-17 20:59:41.533	1.002	-0.147	-0.035	-1.648	0.061	1.587	-97.899	-81.282	-116.614	0.00	0.00	0.00	-0.13571	-0.67212	0.24371	-0.68585
WT1(E604078EA627)	3.90	13104	 2021-05-17 20:59:41.544	1.037	-0.088	0.035	-1.526	2.625	2.380	-79.898	-86.484	68.934	0.00	0.00	0.00	0.00000	0.00000	0.00000	0.00000
WT2(D809BF402BC3)	3.93	13103	 2021-05-17 20:59:41.621	1.000	-0.125	-0.010	-0.793	0.061	3.357	-98.086	-81.002	-119.647	0.00	0.00	0.00	-0.13571	-0.67212	0.24371	-0.68585
WT1(E604078EA627)	3.90	13104	 2021-05-17 20:59:41.694	1.027	-0.068	0.001	-1.892	1.831	1.892	-75.229	-86.320	64.512	0.00	0.00	0.00	0.00000	0.00000	0.00000	0.00000
WT2(D809BF402BC3)	3.93	13103	 2021-05-17 20:59:41.728	0.996	-0.138	-0.025	-0.427	0.610	2.869	-98.547	-80.766	-122.344	0.00	0.00	0.00	-0.17831	-0.65451	0.28784	-0.67596
WT1(E604078EA627)	3.90	13104	 2021-05-17 20:59:41.755	1.020	-0.071	0.003	0.122	1.709	-0.732	-72.867	-86.210	62.364	0.00	0.00	0.00	0.00000	0.00000	0.00000	0.00000
WT2(D809BF402BC3)	3.93	13103	 2021-05-17 20:59:41.817	0.994	-0.153	-0.037	0.305	0.671	-1.770	-98.701	-80.755	-124.931	0.00	0.00	0.00	-0.17831	-0.65451	0.28784	-0.67596
WT1(E604078EA627)	3.90	13104	 2021-05-17 20:59:41.861	1.022	-0.063	0.019	0.671	-3.479	-1.526	-75.679	-86.265	65.490	0.00	0.00	0.00	0.00000	0.00000	0.00000	0.00000
WT2(D809BF402BC3)	3.93	13103	 2021-05-17 20:59:41.922	1.006	-0.143	-0.029	0.122	0.671	-1.770	-98.745	-81.046	-127.326	0.00	0.00	0.00	-0.17831	-0.65451	0.28784	-0.67596
WT1(E604078EA627)	3.90	13104	 2021-05-17 20:59:41.951	1.038	-0.066	0.033	-0.549	-1.587	0.122	-79.640	-86.353	69.631	0.00	0.00	0.00	0.00000	0.00000	0.00000	0.00000
WT2(D809BF402BC3)	3.93	13103	 2021-05-17 20:59:42.028	1.003	-0.134	-0.031	-0.244	0.427	1.892	-98.849	-81.079	-129.803	0.00	0.00	0.00	-0.23599	-0.62848	0.34189	-0.65753
WT1(E604078EA627)	3.90	13104	 2021-05-17 20:59:42.054	1.036	-0.071	0.013	0.305	1.526	0.488	-78.239	-86.303	68.384	0.00	0.00	0.00	0.00000	0.00000	0.00000	0.00000
WT2(D809BF402BC3)	3.93	13103	 2021-05-17 20:59:42.116	1.000	-0.138	-0.029	-1.038	0.061	2.380	-99.014	-80.903	-132.149	0.00	0.00	0.00	-0.23599	-0.62848	0.34189	-0.65753
WT1(E604078EA627)	3.90	13104	 2021-05-17 20:59:42.159	1.025	-0.059	0.011	-0.610	1.648	-1.038	-75.927	-86.215	66.253	0.00	0.00	0.00	0.00000	0.00000	0.00000	0.00000
WT2(D809BF402BC3)	3.93	13103	 2021-05-17 20:59:42.221	0.989	-0.140	-0.037	-0.549	0.610	0.488	-98.784	-80.815	-134.703	0.00	0.00	0.00	-0.23599	-0.62848	0.34189	-0.65753
WT1(E604078EA627)	3.90	13104	 2021-05-17 20:59:42.265	1.028	-0.062	-0.005	1.770	-1.526	-0.610	-76.492	-86.270	67.099	0.00	0.00	0.00	0.00000	0.00000	0.00000	0.00000
WT2(D809BF402BC3)	3.93	13103	 2021-05-17 20:59:42.312	1.002	-0.146	-0.020	-0.305	0.793	-0.183	-98.630	-80.958	-136.873	0.00	0.00	0.00	-0.27454	-0.60617	0.38000	-0.64246
WT1(E604078EA627)	3.90	13104	 2021-05-17 20:59:42.354	1.033	-0.075	0.027	-0.610	1.892	-0.305	-77.509	-86.342	68.220	0.00	0.00	0.00	0.00000	0.00000	0.00000	0.00000
WT2(D809BF402BC3)	3.93	13103	 2021-05-17 20:59:42.417	1.004	-0.135	-0.027	-0.061	0.122	1.587	-98.476	-80.887	-139.054	0.00	0.00	0.00	-0.27454	-0.60617	0.38000	-0.64246
WT1(E604078EA627)	3.90	13104	 2021-05-17 20:59:42.474	1.028	-0.062	0.030	-0.427	0.916	-0.122	-76.256	-86.298	67.121	0.00	0.00	0.00	0.00000	0.00000	0.00000	0.00000
WT2(D809BF402BC3)	3.93	13103	 2021-05-17 20:59:42.522	0.997	-0.140	-0.030	0.122	0.610	1.526	-98.306	-80.755	-141.010	0.00	0.00	0.00	-0.27454	-0.60617	0.38000	-0.64246
WT1(E604078EA627)	3.90	13104	 2021-05-17 20:59:42.609	1.031	-0.065	0.011	0.366	-1.099	0.122	-74.954	-86.281	66.033	0.00	0.00	0.00	0.00000	0.00000	0.00000	0.00000
WT2(D809BF402BC3)	3.93	13103	 2021-05-17 20:59:42.611	1.000	-0.137	-0.022	0.122	0.366	-0.183	-98.234	-80.777	-142.756	0.00	0.00	0.00	-0.29898	-0.58951	0.40497	-0.63171
WT1(E604078EA627)	3.90	13104	 2021-05-17 20:59:42.670	1.030	-0.061	0.020	0.061	-0.366	-0.305	-75.916	-86.320	67.181	0.00	0.00	0.00	0.00000	0.00000	0.00000	0.00000
WT2(D809BF402BC3)	3.93	13103	 2021-05-17 20:59:42.719	1.005	-0.140	-0.028	-0.305	0.488	0.549	-98.168	-80.821	-144.536	0.00	0.00	0.00	-0.29898	-0.58951	0.40497	-0.63171
WT1(E604078EA627)	3.90	13104	 2021-05-17 20:59:42.774	1.037	-0.067	0.025	-0.610	-0.183	0.061	-76.146	-86.331	67.527	0.00	0.00	0.00	0.00000	0.00000	0.00000	0.00000
WT2(D809BF402BC3)	3.93	13103	 2021-05-17 20:59:42.807	0.999	-0.144	-0.027	0.061	0.854	1.465	-98.053	-80.760	-146.212	0.00	0.00	0.00	-0.29898	-0.58951	0.40497	-0.63171
WT1(E604078EA627)	3.90	13104	 2021-05-17 20:59:42.878	1.029	-0.074	0.011	-0.427	0.488	0.366	-74.811	-86.303	66.297	0.00	0.00	0.00	0.00000	0.00000	0.00000	0.00000
WT2(D809BF402BC3)	3.93	13103	 2021-05-17 20:59:42.911	0.999	-0.142	-0.021	0.244	0.183	0.610	-98.020	-80.728	-147.678	0.00	0.00	0.00	-0.32364	-0.57300	0.42758	-0.61972
WT1(E604078EA627)	3.90	13104	 2021-05-17 20:59:43.000	1.028	-0.059	0.018	-0.427	0.671	-0.671	-74.696	-86.320	66.330	0.00	0.00	0.00	0.00000	0.00000	0.00000	0.00000
WT2(D809BF402BC3)	3.93	13103	 2021-05-17 20:59:43.017	1.000	-0.139	-0.031	-0.244	0.061	0.916	-97.894	-80.717	-149.222	0.00	0.00	0.00	-0.32364	-0.57300	0.42758	-0.61972
WT1(E604078EA627)	3.90	13104	 2021-05-17 20:59:43.089	1.029	-0.055	0.021	0.427	-0.244	-0.305	-74.811	-86.314	66.605	0.00	0.00	0.00	0.00000	0.00000	0.00000	0.00000
WT2(D809BF402BC3)	3.93	13103	 2021-05-17 20:59:43.108	1.001	-0.141	-0.025	-0.366	0.366	0.549	-97.773	-80.711	-150.557	0.00	0.00	0.00	-0.34421	-0.55792	0.44681	-0.60873
WT1(E604078EA627)	3.90	13104	 2021-05-17 20:59:43.194	1.032	-0.063	0.020	-0.183	-0.061	0.000	-74.696	-86.336	66.610	0.00	0.00	0.00	0.00000	0.00000	0.00000	0.00000
WT2(D809BF402BC3)	3.93	13103	 2021-05-17 20:59:43.211	1.003	-0.141	-0.026	-0.183	0.183	0.854	-97.679	-80.711	-151.859	0.00	0.00	0.00	-0.34421	-0.55792	0.44681	-0.60873
WT1(E604078EA627)	3.90	13104	 2021-05-17 20:59:43.286	1.038	-0.060	0.018	-0.549	-0.854	0.122	-74.564	-86.331	66.572	0.00	0.00	0.00	0.00000	0.00000	0.00000	0.00000
WT2(D809BF402BC3)	3.93	13103	 2021-05-17 20:59:43.316	0.999	-0.141	-0.027	-0.671	0.549	0.610	-97.663	-80.706	-153.067	0.00	0.00	0.00	-0.34421	-0.55792	0.44681	-0.60873
WT1(E604078EA627)	3.90	13104	 2021-05-17 20:59:43.374	1.027	-0.069	0.015	-0.244	0.061	-0.061	-74.800	-86.342	66.868	0.00	0.00	0.00	0.00000	0.00000	0.00000	0.00000
WT2(D809BF402BC3)	3.93	13103	 2021-05-17 20:59:43.407	1.002	-0.140	-0.031	0.122	0.427	0.183	-97.630	-80.728	-154.199	0.00	0.00	0.00	-0.35974	-0.54614	0.46088	-0.59988
WT1(E604078EA627)	3.90	13104	 2021-05-17 20:59:43.480	1.038	-0.057	0.028	0.000	0.183	0.610	-75.317	-86.331	67.489	0.00	0.00	0.00	0.00000	0.00000	0.00000	0.00000
WT2(D809BF402BC3)	3.93	13103	 2021-05-17 20:59:43.511	1.002	-0.143	-0.021	0.122	0.305	1.160	-97.614	-80.717	-155.149	0.00	0.00	0.00	-0.35974	-0.54614	0.46088	-0.59988
WT1(E604078EA627)	3.90	13104	 2021-05-17 20:59:43.586	1.029	-0.070	0.019	-0.366	-0.732	0.183	-74.927	-86.342	67.198	0.00	0.00	0.00	0.00000	0.00000	0.00000	0.00000
WT2(D809BF402BC3)	3.93	13103	 2021-05-17 20:59:43.602	0.998	-0.147	-0.028	-0.061	0.183	0.183	-97.542	-80.728	-156.204	0.00	0.00	0.00	-0.35974	-0.54614	0.46088	-0.59988
WT2(D809BF402BC3)	3.93	13103	 2021-05-17 20:59:43.708	1.000	-0.136	-0.026	-0.732	0.366	0.549	-97.570	-80.766	-157.143	0.00	0.00	0.00	-0.37772	-0.53238	0.47653	-0.58887
WT1(E604078EA627)	3.90	13104	 2021-05-17 20:59:43.748	1.027	-0.056	0.015	-0.366	0.000	0.000	-75.580	-86.342	67.939	0.00	0.00	0.00	0.00000	0.00000	0.00000	0.00000
WT2(D809BF402BC3)	3.93	13103	 2021-05-17 20:59:43.797	1.000	-0.141	-0.022	0.183	0.671	0.427	-97.487	-80.788	-158.005	0.00	0.00	0.00	-0.37772	-0.53238	0.47653	-0.58887
WT1(E604078EA627)	3.90	13104	 2021-05-17 20:59:43.853	1.033	-0.054	0.022	0.183	-0.183	0.122	-76.042	-86.342	68.467	0.00	0.00	0.00	0.00000	0.00000	0.00000	0.00000
WT1(E604078EA627)	3.90	13104	 2021-05-17 20:59:43.899	1.033	-0.060	0.020	0.244	1.648	0.061	-75.646	-86.336	68.115	0.00	0.00	0.00	0.00000	0.00000	0.00000	0.00000
WT2(D809BF402BC3)	3.93	13103	 2021-05-17 20:59:43.917	1.001	-0.136	-0.023	0.305	0.244	2.319	-97.504	-80.739	-158.923	0.00	0.00	0.00	-0.37772	-0.53238	0.47653	-0.58887
WT1(E604078EA627)	3.90	13104	 2021-05-17 20:59:44.008	1.025	-0.053	0.014	-0.854	1.892	-0.427	-73.037	-86.287	65.561	0.00	0.00	0.00	0.00000	0.00000	0.00000	0.00000
WT2(D809BF402BC3)	3.93	13103	 2021-05-17 20:59:44.011	0.998	-0.142	-0.027	-0.793	0.793	1.587	-97.295	-80.585	-159.933	0.00	0.00	0.00	-0.38901	-0.52200	0.48785	-0.58148
WT1(E604078EA627)	3.90	13104	 2021-05-17 20:59:44.083	1.028	-0.055	0.024	0.610	-0.427	0.061	-73.120	-86.270	65.704	0.00	0.00	0.00	0.00000	0.00000	0.00000	0.00000
