设备名称	电压	版本	片上时间	加速度X(g)	加速度Y(g)	加速度Z(g)	角速度X(°/s)	角速度Y(°/s)	角速度Z(°/s)	角度X(°)	角度Y(°)	角度Z(°)	磁场X	磁场Y	磁场Z	四元数0	四元数1	四元数2	四元数3	状态
WT1(E604078EA627)	3.88	13104	 2021-05-17 21:03:28.689	1.022	-0.006	-0.049	1.099	2.441	1.038	-123.404	-87.567	109.742	0.00	0.00	0.00	0.00000	0.00000	0.00000	0.00000
WT2(D809BF402BC3)	3.93	13103	 2021-05-17 21:03:28.695	0.998	-0.067	0.048	-0.366	-0.244	2.991	-67.742	-84.007	167.745	0.00	0.00	0.00	-0.43448	-0.51352	0.46429	-0.57611
WT1(E604078EA627)	3.88	13104	 2021-05-17 21:03:28.779	1.026	-0.033	-0.035	-0.366	-1.709	0.549	-123.640	-87.578	110.012	0.00	0.00	0.00	0.00000	0.00000	0.00000	0.00000
WT2(D809BF402BC3)	3.93	13103	 2021-05-17 21:03:28.785	1.004	-0.074	0.026	-0.122	0.000	-0.366	-67.863	-84.023	167.706	0.00	0.00	0.00	-0.43741	-0.50769	0.47180	-0.57294
WT1(E604078EA627)	3.88	13104	 2021-05-17 21:03:28.869	1.039	-0.030	-0.012	-0.793	-1.892	-0.244	-128.024	-87.473	114.395	0.00	0.00	0.00	0.00000	0.00000	0.00000	0.00000
WT2(D809BF402BC3)	3.93	13103	 2021-05-17 21:03:28.888	1.011	-0.076	0.032	-0.610	0.427	-0.488	-67.088	-84.183	166.871	0.00	0.00	0.00	-0.43741	-0.50769	0.47180	-0.57294
WT1(E604078EA627)	3.88	13104	 2021-05-17 21:03:28.989	1.036	-0.039	-0.026	0.122	0.549	0.244	-127.430	-87.484	113.698	0.00	0.00	0.00	0.00000	0.00000	0.00000	0.00000
WT2(D809BF402BC3)	3.93	13103	 2021-05-17 21:03:28.990	1.013	-0.072	0.026	0.183	0.305	1.404	-67.242	-84.177	167.053	0.00	0.00	0.00	-0.43741	-0.50769	0.47180	-0.57294
WT1(E604078EA627)	3.88	13104	 2021-05-17 21:03:29.079	1.030	-0.026	-0.035	-0.061	1.404	0.366	-124.816	-87.506	111.072	0.00	0.00	0.00	0.00000	0.00000	0.00000	0.00000
WT2(D809BF402BC3)	3.93	13103	 2021-05-17 21:03:29.082	1.009	-0.072	0.029	-0.122	0.244	1.587	-67.852	-84.100	167.662	0.00	0.00	0.00	-0.43839	-0.50809	0.47141	-0.57217
WT1(E604078EA627)	3.88	13104	 2021-05-17 21:03:29.184	1.023	-0.040	-0.032	0.000	-1.770	0.183	-126.090	-87.484	112.368	0.00	0.00	0.00	0.00000	0.00000	0.00000	0.00000
WT2(D809BF402BC3)	3.93	13103	 2021-05-17 21:03:29.185	1.003	-0.076	0.030	0.183	0.244	-1.160	-67.709	-84.144	167.415	0.00	0.00	0.00	-0.43839	-0.50809	0.47141	-0.57217
WT1(E604078EA627)	3.88	13104	 2021-05-17 21:03:29.277	1.039	-0.042	-0.006	-1.221	0.671	0.000	-129.034	-87.424	115.269	0.00	0.00	0.00	0.00000	0.00000	0.00000	0.00000
WT2(D809BF402BC3)	3.93	13103	 2021-05-17 21:03:29.282	1.009	-0.074	0.026	-1.282	0.427	1.282	-67.099	-84.260	166.635	0.00	0.00	0.00	-0.43839	-0.50809	0.47141	-0.57217
WT2(D809BF402BC3)	3.93	13103	 2021-05-17 21:03:29.381	1.010	-0.068	0.042	0.061	-0.061	1.770	-67.440	-84.172	166.948	0.00	0.00	0.00	-0.43976	-0.50720	0.47250	-0.57101
WT1(E604078EA627)	3.88	13104	 2021-05-17 21:03:29.394	1.036	-0.027	-0.024	0.122	-0.305	0.366	-126.568	-87.473	112.824	0.00	0.00	0.00	0.00000	0.00000	0.00000	0.00000
WT1(E604078EA627)	3.88	13104	 2021-05-17 21:03:29.483	1.026	-0.039	-0.048	0.488	0.854	-0.305	-123.690	-87.545	109.891	0.00	0.00	0.00	0.00000	0.00000	0.00000	0.00000
WT2(D809BF402BC3)	3.93	13103	 2021-05-17 21:03:29.485	1.009	-0.069	0.029	0.366	0.488	0.793	-68.071	-84.073	167.750	0.00	0.00	0.00	-0.43976	-0.50720	0.47250	-0.57101
WT2(D809BF402BC3)	3.93	13103	 2021-05-17 21:03:29.575	1.008	-0.075	0.028	0.488	0.488	0.366	-68.099	-84.122	167.767	0.00	0.00	0.00	-0.43872	-0.50717	0.47275	-0.57162
WT1(E604078EA627)	3.88	13104	 2021-05-17 21:03:29.588	1.033	-0.029	-0.017	0.366	0.305	0.183	-125.316	-87.468	111.550	0.00	0.00	0.00	0.00000	0.00000	0.00000	0.00000
WT1(E604078EA627)	3.88	13104	 2021-05-17 21:03:29.678	1.030	-0.042	-0.016	-0.488	-0.244	0.488	-126.304	-87.473	112.533	0.00	0.00	0.00	0.00000	0.00000	0.00000	0.00000
WT2(D809BF402BC3)	3.93	13103	 2021-05-17 21:03:29.684	1.004	-0.077	0.026	-0.366	0.000	0.732	-67.670	-84.150	167.146	0.00	0.00	0.00	-0.43872	-0.50717	0.47275	-0.57162
WT2(D809BF402BC3)	3.93	13103	 2021-05-17 21:03:29.771	1.007	-0.073	0.031	-0.427	0.488	0.549	-67.698	-84.150	167.250	0.00	0.00	0.00	-0.43872	-0.50717	0.47275	-0.57162
WT1(E604078EA627)	3.88	13104	 2021-05-17 21:03:29.783	1.029	-0.037	-0.025	-0.427	-0.793	-0.488	-126.387	-87.479	112.615	0.00	0.00	0.00	0.00000	0.00000	0.00000	0.00000
WT2(D809BF402BC3)	3.93	13103	 2021-05-17 21:03:29.875	1.011	-0.070	0.029	0.366	0.061	0.732	-67.731	-84.188	167.250	0.00	0.00	0.00	-0.43933	-0.50729	0.47253	-0.57123
WT1(E604078EA627)	3.88	13104	 2021-05-17 21:03:29.887	1.035	-0.042	-0.017	-0.244	-0.366	0.366	-126.617	-87.435	112.841	0.00	0.00	0.00	0.00000	0.00000	0.00000	0.00000
WT2(D809BF402BC3)	3.93	13103	 2021-05-17 21:03:29.980	1.000	-0.074	0.030	1.099	0.061	0.427	-68.417	-84.155	168.102	0.00	0.00	0.00	-0.43933	-0.50729	0.47253	-0.57123
WT1(E604078EA627)	3.88	13104	 2021-05-17 21:03:29.993	1.023	-0.033	-0.052	1.160	-0.671	0.732	-124.266	-87.418	110.544	0.00	0.00	0.00	0.00000	0.00000	0.00000	0.00000
WT2(D809BF402BC3)	3.93	13103	 2021-05-17 21:03:30.071	1.004	-0.073	0.029	-0.732	-0.366	0.061	-68.159	-84.315	167.789	0.00	0.00	0.00	-0.43854	-0.50833	0.47211	-0.57126
WT1(E604078EA627)	3.88	13104	 2021-05-17 21:03:30.083	1.032	-0.031	-0.005	-0.488	0.732	0.488	-126.947	-87.303	113.220	0.00	0.00	0.00	0.00000	0.00000	0.00000	0.00000
WT2(D809BF402BC3)	3.93	13103	 2021-05-17 21:03:30.176	1.008	-0.064	0.016	0.305	0.000	-1.526	-67.835	-84.446	167.003	0.00	0.00	0.00	-0.43854	-0.50833	0.47211	-0.57126
WT1(E604078EA627)	3.88	13104	 2021-05-17 21:03:30.189	1.028	-0.045	-0.039	0.610	-4.089	-0.244	-130.062	-87.188	116.477	0.00	0.00	0.00	0.00000	0.00000	0.00000	0.00000
WT2(D809BF402BC3)	3.93	13103	 2021-05-17 21:03:30.270	1.008	-0.063	0.039	2.625	1.465	-2.258	-66.094	-84.683	165.234	0.00	0.00	0.00	-0.43854	-0.50833	0.47211	-0.57126
WT1(E604078EA627)	3.88	13104	 2021-05-17 21:03:30.293	1.033	-0.028	-0.044	2.197	-2.930	-1.160	-135.604	-87.083	122.245	0.00	0.00	0.00	0.00000	0.00000	0.00000	0.00000
WT2(D809BF402BC3)	3.93	13103	 2021-05-17 21:03:30.386	1.016	-0.053	0.046	-2.441	1.648	-0.244	-63.594	-84.897	161.774	0.00	0.00	0.00	-0.44971	-0.50540	0.47424	-0.56335
WT1(E604078EA627)	3.88	13104	 2021-05-17 21:03:30.398	1.043	-0.011	-0.019	-3.357	0.427	-1.465	-140.427	-87.034	126.947	0.00	0.00	0.00	0.00000	0.00000	0.00000	0.00000
WT2(D809BF402BC3)	3.93	13103	 2021-05-17 21:03:30.461	1.002	-0.051	0.037	-2.686	0.122	3.601	-62.880	-84.771	160.016	0.00	0.00	0.00	-0.44971	-0.50540	0.47424	-0.56335
WT1(E604078EA627)	3.88	13104	 2021-05-17 21:03:30.504	1.020	-0.010	-0.049	-2.869	3.479	1.465	-137.785	-87.220	123.981	0.00	0.00	0.00	0.00000	0.00000	0.00000	0.00000
WT2(D809BF402BC3)	3.93	13103	 2021-05-17 21:03:30.566	0.993	-0.071	0.039	-1.709	2.319	-1.709	-62.798	-84.639	159.483	0.00	0.00	0.00	-0.44971	-0.50540	0.47424	-0.56335
WT1(E604078EA627)	3.88	13104	 2021-05-17 21:03:30.593	1.020	-0.064	-0.027	-1.099	-4.883	-0.854	-142.081	-87.253	128.172	0.00	0.00	0.00	0.00000	0.00000	0.00000	0.00000
WT2(D809BF402BC3)	3.93	13103	 2021-05-17 21:03:30.671	1.016	-0.066	0.043	2.502	0.549	-1.709	-60.842	-84.897	157.978	0.00	0.00	0.00	-0.45755	-0.49747	0.48041	-0.55887
WT1(E604078EA627)	3.88	13104	 2021-05-17 21:03:30.716	1.046	-0.022	-0.006	-1.038	-1.160	0.671	-144.739	-87.034	130.847	0.00	0.00	0.00	0.00000	0.00000	0.00000	0.00000
WT2(D809BF402BC3)	3.93	13103	 2021-05-17 21:03:30.763	0.946	-0.121	-0.074	11.719	6.714	-2.686	-61.040	-84.880	158.483	0.00	0.00	0.00	-0.45755	-0.49747	0.48041	-0.55887
WT1(E604078EA627)	3.88	13104	 2021-05-17 21:03:30.803	1.055	-0.002	-0.115	-1.038	-2.502	6.470	-147.195	-87.270	133.654	0.00	0.00	0.00	0.00000	0.00000	0.00000	0.00000
WT2(D809BF402BC3)	3.93	13103	 2021-05-17 21:03:30.869	1.062	-0.053	0.032	-4.822	-4.822	5.371	-62.562	-85.221	156.978	0.00	0.00	0.00	-0.45755	-0.49747	0.48041	-0.55887
WT1(E604078EA627)	3.88	13104	 2021-05-17 21:03:30.908	1.012	-0.008	0.042	4.333	10.010	1.526	-139.977	-87.039	125.964	0.00	0.00	0.00	0.00000	0.00000	0.00000	0.00000
WT2(D809BF402BC3)	3.93	13103	 2021-05-17 21:03:30.957	1.019	-0.058	0.053	-6.653	1.282	11.536	-67.709	-84.320	160.576	0.00	0.00	0.00	-0.47223	-0.48038	0.50049	-0.54376
WT1(E604078EA627)	3.88	13104	 2021-05-17 21:03:31.059	1.040	-0.054	0.053	0.610	28.442	-3.845	-84.446	-88.198	69.944	0.00	0.00	0.00	0.00000	0.00000	0.00000	0.00000
WT2(D809BF402BC3)	3.93	13103	 2021-05-17 21:03:31.066	0.996	-0.116	0.034	0.732	2.625	19.836	-71.285	-82.507	165.471	0.00	0.00	0.00	-0.47223	-0.48038	0.50049	-0.54376
WT1(E604078EA627)	3.88	13104	 2021-05-17 21:03:31.120	1.043	-0.025	0.033	2.686	38.391	-1.831	-22.236	-85.715	7.778	0.00	0.00	0.00	0.00000	0.00000	0.00000	0.00000
WT2(D809BF402BC3)	3.93	13103	 2021-05-17 21:03:31.167	1.005	-0.144	0.037	-0.549	2.319	15.930	-72.938	-80.848	169.547	0.00	0.00	0.00	-0.47223	-0.48038	0.50049	-0.54376
WT1(E604078EA627)	3.88	13104	 2021-05-17 21:03:31.211	1.047	-0.032	0.121	1.587	27.954	0.183	-12.014	-82.771	-2.395	0.00	0.00	0.00	0.00000	0.00000	0.00000	0.00000
WT1(E604078EA627)	3.88	13104	 2021-05-17 21:03:31.343	1.029	-0.025	0.189	1.892	33.630	-0.183	-7.932	-79.574	-6.498	0.00	0.00	0.00	0.00000	0.00000	0.00000	0.00000
WT2(D809BF402BC3)	3.93	13103	 2021-05-17 21:03:31.377	0.995	-0.200	0.042	1.892	2.747	19.958	-75.894	-77.234	178.852	0.00	0.00	0.00	-0.41663	-0.48264	0.49210	-0.59265
WT1(E604078EA627)	3.88	13104	 2021-05-17 21:03:31.403	1.008	-0.030	0.232	2.991	36.926	-0.671	-5.312	-75.883	-9.009	0.00	0.00	0.00	0.00000	0.00000	0.00000	0.00000
WT2(D809BF402BC3)	3.93	13103	 2021-05-17 21:03:31.451	0.985	-0.213	0.054	1.404	1.648	19.958	-76.778	-75.322	-176.418	0.00	0.00	0.00	-0.41663	-0.48264	0.49210	-0.59265
WT1(E604078EA627)	3.88	13104	 2021-05-17 21:03:31.509	0.984	-0.004	0.261	1.343	33.813	-1.465	-3.790	-72.328	-10.459	0.00	0.00	0.00	0.00000	0.00000	0.00000	0.00000
WT2(D809BF402BC3)	3.93	13103	 2021-05-17 21:03:31.571	0.969	-0.253	0.053	-0.977	2.502	15.259	-77.141	-73.586	-172.227	0.00	0.00	0.00	-0.35062	-0.49615	0.47339	-0.63776
WT1(E604078EA627)	3.88	13104	 2021-05-17 21:03:31.629	0.960	-0.026	0.346	2.380	33.020	-1.160	-2.763	-69.060	-11.602	0.00	0.00	0.00	0.00000	0.00000	0.00000	0.00000
WT2(D809BF402BC3)	3.93	13103	 2021-05-17 21:03:31.645	0.966	-0.297	0.058	1.343	1.160	17.334	-77.487	-71.993	-168.179	0.00	0.00	0.00	-0.35062	-0.49615	0.47339	-0.63776
WT1(E604078EA627)	3.88	13104	 2021-05-17 21:03:31.707	0.957	0.005	0.422	3.113	33.081	-0.732	-2.038	-65.874	-12.321	0.00	0.00	0.00	0.00000	0.00000	0.00000	0.00000
WT2(D809BF402BC3)	3.93	13103	 2021-05-17 21:03:31.752	0.963	-0.315	0.055	0.183	2.319	20.142	-77.882	-70.197	-163.932	0.00	0.00	0.00	-0.35062	-0.49615	0.47339	-0.63776
WT1(E604078EA627)	3.88	13104	 2021-05-17 21:03:31.811	0.938	-0.015	0.458	2.869	37.354	-0.488	-1.412	-62.325	-13.035	0.00	0.00	0.00	0.00000	0.00000	0.00000	0.00000
WT2(D809BF402BC3)	3.93	13103	 2021-05-17 21:03:31.857	0.945	-0.339	0.065	0.122	1.160	20.020	-78.283	-68.291	-159.922	0.00	0.00	0.00	-0.25946	-0.51617	0.44427	-0.68469
WT1(E604078EA627)	3.88	13104	 2021-05-17 21:03:31.913	0.900	0.005	0.511	3.113	37.964	0.244	-1.027	-58.738	-13.447	0.00	0.00	0.00	0.00000	0.00000	0.00000	0.00000
WT2(D809BF402BC3)	3.93	13103	 2021-05-17 21:03:31.947	0.942	-0.377	0.074	0.244	2.197	20.020	-78.717	-66.440	-155.912	0.00	0.00	0.00	-0.25946	-0.51617	0.44427	-0.68469
WT2(D809BF402BC3)	3.93	13103	 2021-05-17 21:03:32.052	0.926	-0.394	0.067	0.122	2.136	18.677	-79.014	-64.589	-152.249	0.00	0.00	0.00	-0.17664	-0.52869	0.42398	-0.71378
WT1(E604078EA627)	3.88	13104	 2021-05-17 21:03:32.079	0.863	-0.009	0.575	2.380	39.551	-1.160	-0.533	-54.987	-14.041	0.00	0.00	0.00	0.00000	0.00000	0.00000	0.00000
WT1(E604078EA627)	3.88	13104	 2021-05-17 21:03:32.124	0.820	0.003	0.638	1.770	34.302	0.000	-0.225	-51.411	-14.403	0.00	0.00	0.00	0.00000	0.00000	0.00000	0.00000
WT2(D809BF402BC3)	3.93	13103	 2021-05-17 21:03:32.140	0.917	-0.429	0.076	0.305	1.587	20.203	-79.343	-62.831	-148.656	0.00	0.00	0.00	-0.17664	-0.52869	0.42398	-0.71378
WT1(E604078EA627)	3.88	13104	 2021-05-17 21:03:32.213	0.768	0.016	0.695	1.953	38.147	-0.549	0.044	-47.637	-14.793	0.00	0.00	0.00	0.00000	0.00000	0.00000	0.00000
WT2(D809BF402BC3)	3.93	13103	 2021-05-17 21:03:32.245	0.896	-0.455	0.079	-0.732	2.502	20.325	-79.623	-60.914	-145.135	0.00	0.00	0.00	-0.17664	-0.52869	0.42398	-0.71378
WT1(E604078EA627)	3.88	13104	 2021-05-17 21:03:32.321	0.723	-0.003	0.736	1.343	35.889	-0.488	0.264	-43.819	-15.216	0.00	0.00	0.00	0.00000	0.00000	0.00000	0.00000
WT2(D809BF402BC3)	3.93	13103	 2021-05-17 21:03:32.353	0.877	-0.487	0.072	-0.610	1.709	19.165	-79.969	-59.068	-141.883	0.00	0.00	0.00	-0.10080	-0.53784	0.40802	-0.73077
WT1(E604078EA627)	3.88	13104	 2021-05-17 21:03:32.424	0.667	0.015	0.755	2.747	41.077	0.305	0.439	-40.051	-15.540	0.00	0.00	0.00	0.00000	0.00000	0.00000	0.00000
WT2(D809BF402BC3)	3.93	13103	 2021-05-17 21:03:32.441	0.868	-0.511	0.081	0.305	1.587	17.639	-80.239	-57.316	-138.702	0.00	0.00	0.00	-0.10080	-0.53784	0.40802	-0.73077
WT1(E604078EA627)	3.88	13104	 2021-05-17 21:03:32.529	0.590	0.016	0.815	1.221	39.368	-0.610	0.698	-36.244	-15.875	0.00	0.00	0.00	0.00000	0.00000	0.00000	0.00000
WT2(D809BF402BC3)	3.93	13103	 2021-05-17 21:03:32.562	0.855	-0.540	0.081	-0.916	2.014	20.325	-80.453	-55.585	-135.610	0.00	0.00	0.00	-0.10080	-0.53784	0.40802	-0.73077
WT1(E604078EA627)	3.88	13104	 2021-05-17 21:03:32.633	0.573	0.014	0.871	2.502	44.861	-0.488	0.901	-32.322	-16.320	0.00	0.00	0.00	0.00000	0.00000	0.00000	0.00000
WT2(D809BF402BC3)	3.93	13103	 2021-05-17 21:03:32.638	0.829	-0.570	0.080	-0.488	2.197	24.597	-80.755	-53.383	-132.682	0.00	0.00	0.00	-0.10080	-0.53784	0.40802	-0.73077
WT1(E604078EA627)	3.88	13104	 2021-05-17 21:03:32.725	0.511	0.031	0.918	2.075	41.992	0.366	1.060	-28.180	-16.606	0.00	0.00	0.00	0.00000	0.00000	0.00000	0.00000
WT2(D809BF402BC3)	3.93	13103	 2021-05-17 21:03:32.756	0.808	-0.604	0.089	0.061	1.587	22.156	-81.057	-51.268	-129.809	0.00	0.00	0.00	0.01108	-0.54562	0.39270	-0.74020
WT1(E604078EA627)	3.88	13104	 2021-05-17 21:03:32.828	0.433	0.022	0.928	2.380	40.161	-0.305	1.280	-24.120	-16.924	0.00	0.00	0.00	0.00000	0.00000	0.00000	0.00000
WT2(D809BF402BC3)	3.93	13103	 2021-05-17 21:03:32.832	0.786	-0.635	0.084	-0.122	1.587	18.799	-81.238	-49.400	-127.178	0.00	0.00	0.00	0.01108	-0.54562	0.39270	-0.74020
WT2(D809BF402BC3)	3.93	13103	 2021-05-17 21:03:32.938	0.766	-0.671	0.096	-0.549	1.831	22.339	-81.409	-47.565	-124.612	0.00	0.00	0.00	0.08542	-0.54794	0.38654	-0.73688
WT1(E604078EA627)	3.88	13104	 2021-05-17 21:03:32.948	0.345	0.040	0.972	1.465	35.461	-0.427	1.494	-20.253	-17.254	0.00	0.00	0.00	0.00000	0.00000	0.00000	0.00000
WT1(E604078EA627)	3.88	13104	 2021-05-17 21:03:33.024	0.288	0.029	0.961	2.136	44.373	-1.282	1.736	-16.068	-17.666	0.00	0.00	0.00	0.00000	0.00000	0.00000	0.00000
WT2(D809BF402BC3)	3.93	13103	 2021-05-17 21:03:33.042	0.749	-0.685	0.090	-0.732	2.686	25.085	-81.584	-45.264	-122.239	0.00	0.00	0.00	0.08542	-0.54794	0.38654	-0.73688
WT1(E604078EA627)	3.88	13104	 2021-05-17 21:03:33.188	0.216	0.032	0.972	1.526	41.504	-0.427	1.923	-11.805	-17.990	0.00	0.00	0.00	0.00000	0.00000	0.00000	0.00000
WT1(E604078EA627)	3.88	13104	 2021-05-17 21:03:33.233	0.172	0.038	1.035	2.502	38.574	-0.183	2.093	-8.009	-18.336	0.00	0.00	0.00	0.00000	0.00000	0.00000	0.00000
WT2(D809BF402BC3)	3.93	13103	 2021-05-17 21:03:33.235	0.686	-0.735	0.095	-0.305	1.648	20.996	-81.964	-41.484	-117.729	0.00	0.00	0.00	0.14267	-0.54581	0.38727	-0.72919
WT2(D809BF402BC3)	3.93	13103	 2021-05-17 21:03:33.325	0.662	-0.749	0.093	-0.244	1.343	22.705	-82.112	-39.375	-115.582	0.00	0.00	0.00	0.14267	-0.54581	0.38727	-0.72919
WT1(E604078EA627)	3.88	13104	 2021-05-17 21:03:33.340	0.094	0.051	1.021	1.953	41.748	0.671	2.313	-3.834	-18.578	0.00	0.00	0.00	0.00000	0.00000	0.00000	0.00000
WT2(D809BF402BC3)	3.93	13103	 2021-05-17 21:03:33.432	0.632	-0.793	0.096	-0.488	1.465	26.367	-82.326	-37.084	-113.516	0.00	0.00	0.00	0.19733	-0.54410	0.38837	-0.71704
WT1(E604078EA627)	3.88	13104	 2021-05-17 21:03:33.443	0.002	0.038	1.026	2.197	46.753	0.122	2.527	0.593	-18.825	0.00	0.00	0.00	0.00000	0.00000	0.00000	0.00000
WT1(E604078EA627)	3.88	13104	 2021-05-17 21:03:33.534	-0.088	0.042	0.973	2.075	49.438	1.770	2.769	5.554	-18.929	0.00	0.00	0.00	0.00000	0.00000	0.00000	0.00000
WT2(D809BF402BC3)	3.93	13103	 2021-05-17 21:03:33.544	0.589	-0.799	0.089	0.488	1.404	27.405	-82.408	-34.574	-111.797	0.00	0.00	0.00	0.19733	-0.54410	0.38837	-0.71704
WT1(E604078EA627)	3.88	13104	 2021-05-17 21:03:33.668	-0.195	0.047	0.970	1.099	44.678	3.418	2.939	10.201	-18.935	0.00	0.00	0.00	0.00000	0.00000	0.00000	0.00000
WT2(D809BF402BC3)	3.93	13103	 2021-05-17 21:03:33.732	0.547	-0.849	0.108	1.221	-3.052	21.606	-82.831	-30.504	-107.556	0.00	0.00	0.00	0.26440	-0.53598	0.39813	-0.69586
WT1(E604078EA627)	3.88	13104	 2021-05-17 21:03:33.752	-0.238	0.080	0.970	0.610	43.274	4.028	3.170	14.447	-18.704	0.00	0.00	0.00	0.00000	0.00000	0.00000	0.00000
WT2(D809BF402BC3)	3.93	13103	 2021-05-17 21:03:33.821	0.509	-0.857	0.113	-0.854	1.770	25.269	-82.930	-28.301	-105.601	0.00	0.00	0.00	0.26440	-0.53598	0.39813	-0.69586
WT2(D809BF402BC3)	3.93	13103	 2021-05-17 21:03:33.929	0.467	-0.881	0.099	-2.686	4.395	23.804	-83.057	-25.867	-104.156	0.00	0.00	0.00	0.32944	-0.52982	0.40604	-0.66772
WT1(E604078EA627)	3.88	13104	 2021-05-17 21:03:33.953	-0.298	0.093	0.971	2.625	48.828	-1.221	3.532	18.885	-18.589	0.00	0.00	0.00	0.00000	0.00000	0.00000	0.00000
WT1(E604078EA627)	3.88	13104	 2021-05-17 21:03:33.955	-0.393	0.061	0.886	3.357	45.715	-2.930	3.917	23.956	-18.858	0.00	0.00	0.00	0.00000	0.00000	0.00000	0.00000
WT2(D809BF402BC3)	3.93	13103	 2021-05-17 21:03:34.016	0.425	-0.899	0.077	-1.709	2.014	23.132	-83.287	-23.538	-102.964	0.00	0.00	0.00	0.32944	-0.52982	0.40604	-0.66772
WT1(E604078EA627)	3.88	13104	 2021-05-17 21:03:34.044	-0.508	0.041	0.816	1.587	47.974	-1.343	4.213	28.960	-19.166	0.00	0.00	0.00	0.00000	0.00000	0.00000	0.00000
WT2(D809BF402BC3)	3.93	13103	 2021-05-17 21:03:34.121	0.390	-0.928	0.095	-0.793	1.099	22.156	-83.513	-21.346	-101.514	0.00	0.00	0.00	0.32944	-0.52982	0.40604	-0.66772
WT1(E604078EA627)	3.88	13104	 2021-05-17 21:03:34.148	-0.531	0.077	0.807	0.732	48.645	1.831	4.543	33.695	-19.056	0.00	0.00	0.00	0.00000	0.00000	0.00000	0.00000
WT2(D809BF402BC3)	3.93	13103	 2021-05-17 21:03:34.211	0.371	-0.926	0.097	-1.343	0.244	23.987	-83.699	-19.100	-99.926	0.00	0.00	0.00	0.38586	-0.51819	0.42368	-0.63483
WT1(E604078EA627)	3.88	13104	 2021-05-17 21:03:34.293	-0.621	0.074	0.767	1.343	51.697	-2.319	4.966	38.677	-18.732	0.00	0.00	0.00	0.00000	0.00000	0.00000	0.00000
WT2(D809BF402BC3)	3.93	13103	 2021-05-17 21:03:34.316	0.332	-0.952	0.103	-2.747	1.953	27.405	-83.969	-16.650	-98.630	0.00	0.00	0.00	0.38586	-0.51819	0.42368	-0.63483
WT1(E604078EA627)	3.88	13104	 2021-05-17 21:03:34.344	-0.668	0.082	0.689	2.258	50.293	-2.563	5.433	44.011	-18.545	0.00	0.00	0.00	0.00000	0.00000	0.00000	0.00000
WT2(D809BF402BC3)	3.93	13103	 2021-05-17 21:03:34.422	0.282	-0.953	0.096	-2.075	4.456	26.489	-84.172	-14.052	-97.608	0.00	0.00	0.00	0.38586	-0.51819	0.42368	-0.63483
WT1(E604078EA627)	3.88	13104	 2021-05-17 21:03:34.449	-0.743	0.075	0.585	5.859	56.274	-2.502	6.180	49.400	-18.188	0.00	0.00	0.00	0.00000	0.00000	0.00000	0.00000
WT2(D809BF402BC3)	3.93	13103	 2021-05-17 21:03:34.512	0.223	-0.978	0.089	-1.221	6.531	24.719	-84.254	-11.530	-96.817	0.00	0.00	0.00	0.43863	-0.49911	0.44925	-0.59714
WT1(E604078EA627)	3.88	13104	 2021-05-17 21:03:34.568	-0.798	0.071	0.543	4.761	50.110	-1.099	7.284	54.492	-17.463	0.00	0.00	0.00	0.00000	0.00000	0.00000	0.00000
WT2(D809BF402BC3)	3.93	13103	 2021-05-17 21:03:34.615	0.185	-0.996	0.083	-1.221	2.991	25.940	-84.375	-9.020	-96.037	0.00	0.00	0.00	0.43863	-0.49911	0.44925	-0.59714
WT1(E604078EA627)	3.88	13104	 2021-05-17 21:03:34.674	-0.830	0.075	0.471	3.540	49.255	-0.916	8.591	59.799	-16.447	0.00	0.00	0.00	0.00000	0.00000	0.00000	0.00000
WT2(D809BF402BC3)	3.93	13103	 2021-05-17 21:03:34.720	0.145	-0.993	0.080	-2.563	2.625	25.940	-84.562	-6.460	-95.070	0.00	0.00	0.00	0.43863	-0.49911	0.44925	-0.59714
WT1(E604078EA627)	3.88	13104	 2021-05-17 21:03:34.764	-0.861	0.064	0.395	2.563	53.467	-1.282	10.195	65.012	-14.859	0.00	0.00	0.00	0.00000	0.00000	0.00000	0.00000
WT2(D809BF402BC3)	3.93	13103	 2021-05-17 21:03:34.810	0.090	-0.986	0.075	-1.282	0.793	29.419	-84.908	-3.576	-94.120	0.00	0.00	0.00	0.47687	-0.48126	0.47189	-0.56412
WT1(E604078EA627)	3.88	13104	 2021-05-17 21:03:34.853	-0.897	0.072	0.284	2.014	54.626	-1.099	13.046	70.576	-11.871	0.00	0.00	0.00	0.00000	0.00000	0.00000	0.00000
WT2(D809BF402BC3)	3.93	13103	 2021-05-17 21:03:34.919	0.048	-0.984	0.086	-0.916	0.000	17.334	-85.018	-1.110	-92.950	0.00	0.00	0.00	0.47687	-0.48126	0.47189	-0.56412
WT1(E604078EA627)	3.88	13104	 2021-05-17 21:03:34.974	-0.944	0.104	0.036	3.601	16.113	-1.526	17.523	75.685	-7.619	0.00	0.00	0.00	0.00000	0.00000	0.00000	0.00000
WT2(D809BF402BC3)	3.93	13103	 2021-05-17 21:03:35.007	0.041	-0.978	0.093	-0.610	2.747	-1.221	-85.084	-0.483	-92.065	0.00	0.00	0.00	0.50931	-0.47144	0.48465	-0.53238
WT1(E604078EA627)	3.88	13104	 2021-05-17 21:03:35.079	-0.924	0.059	0.244	0.854	-9.644	-2.197	17.012	75.536	-7.938	0.00	0.00	0.00	0.00000	0.00000	0.00000	0.00000
WT2(D809BF402BC3)	3.93	13103	 2021-05-17 21:03:35.112	0.043	-1.000	0.063	0.488	0.000	-0.427	-85.111	-0.786	-91.478	0.00	0.00	0.00	0.50931	-0.47144	0.48465	-0.53238
WT1(E604078EA627)	3.88	13104	 2021-05-17 21:03:35.168	-0.960	0.062	0.204	-1.526	-3.235	1.465	16.891	75.460	-7.690	0.00	0.00	0.00	0.00000	0.00000	0.00000	0.00000
WT2(D809BF402BC3)	3.93	13103	 2021-05-17 21:03:35.200	0.045	-1.003	0.082	0.427	-0.610	1.404	-85.095	-0.884	-90.692	0.00	0.00	0.00	0.50931	-0.47144	0.48465	-0.53238
WT1(E604078EA627)	3.88	13104	 2021-05-17 21:03:35.261	-0.948	0.081	0.197	0.732	3.845	0.000	17.364	75.641	-6.790	0.00	0.00	0.00	0.00000	0.00000	0.00000	0.00000
WT2(D809BF402BC3)	3.93	13103	 2021-05-17 21:03:35.306	0.038	-0.991	0.083	-0.549	0.854	2.136	-85.139	-0.725	-90.011	0.00	0.00	0.00	0.51508	-0.47989	0.47641	-0.52667
WT1(E604078EA627)	3.88	13104	 2021-05-17 21:03:35.364	-0.956	0.071	0.201	-1.770	-14.648	-1.892	17.078	75.712	-6.790	0.00	0.00	0.00	0.00000	0.00000	0.00000	0.00000
WT2(D809BF402BC3)	3.93	13103	 2021-05-17 21:03:35.397	0.044	-0.944	0.044	0.305	-1.038	-19.653	-85.150	-1.511	-89.374	0.00	0.00	0.00	0.51508	-0.47989	0.47641	-0.52667
WT1(E604078EA627)	3.88	13104	 2021-05-17 21:03:35.469	-0.801	0.022	0.377	-0.549	-44.189	3.784	15.134	74.031	-8.536	0.00	0.00	0.00	0.00000	0.00000	0.00000	0.00000
WT2(D809BF402BC3)	3.93	13103	 2021-05-17 21:03:35.502	0.062	-1.053	0.085	-0.916	-0.244	-1.099	-85.193	-2.642	-88.841	0.00	0.00	0.00	0.51508	-0.47989	0.47641	-0.52667
WT1(E604078EA627)	3.88	13104	 2021-05-17 21:03:35.573	-0.964	0.062	0.163	-3.357	-5.981	0.183	16.068	74.537	-7.185	0.00	0.00	0.00	0.00000	0.00000	0.00000	0.00000
WT2(D809BF402BC3)	3.93	13103	 2021-05-17 21:03:35.606	0.087	-0.937	0.088	2.014	-1.770	-11.597	-85.078	-2.829	-88.143	0.00	0.00	0.00	0.51767	-0.49750	0.45810	-0.52399
WT1(E604078EA627)	3.88	13104	 2021-05-17 21:03:35.679	-0.799	0.078	0.492	4.272	-2.869	-0.305	14.733	73.032	-8.267	0.00	0.00	0.00	0.00000	0.00000	0.00000	0.00000
WT2(D809BF402BC3)	3.93	13103	 2021-05-17 21:03:35.696	0.077	-1.023	0.064	-1.831	3.052	3.235	-85.166	-3.384	-87.775	0.00	0.00	0.00	0.51767	-0.49750	0.45810	-0.52399
WT1(E604078EA627)	3.88	13104	 2021-05-17 21:03:35.771	-0.902	0.068	0.046	-2.563	-6.714	3.784	15.672	74.312	-7.344	0.00	0.00	0.00	0.00000	0.00000	0.00000	0.00000
WT2(D809BF402BC3)	3.93	13103	 2021-05-17 21:03:35.801	0.081	-1.010	0.090	-1.709	-3.601	-16.663	-85.188	-3.779	-87.248	0.00	0.00	0.00	0.51779	-0.50473	0.45081	-0.52332
WT1(E604078EA627)	3.88	13104	 2021-05-17 21:03:35.889	-0.779	0.037	0.353	3.845	16.113	-2.441	13.749	71.834	-8.871	0.00	0.00	0.00	0.00000	0.00000	0.00000	0.00000
WT2(D809BF402BC3)	3.93	13103	 2021-05-17 21:03:35.906	0.127	-0.968	0.039	2.441	0.305	-18.677	-85.133	-4.933	-86.863	0.00	0.00	0.00	0.51779	-0.50473	0.45081	-0.52332
WT1(E604078EA627)	3.88	13104	 2021-05-17 21:03:35.979	-1.053	0.134	0.172	-11.597	-78.613	2.686	13.008	70.790	-9.794	0.00	0.00	0.00	0.00000	0.00000	0.00000	0.00000
WT1(E604078EA627)	3.88	13104	 2021-05-17 21:03:36.069	-0.849	0.036	0.484	-1.404	-42.969	-0.122	9.360	63.929	-13.074	0.00	0.00	0.00	0.00000	0.00000	0.00000	0.00000
WT2(D809BF402BC3)	3.93	13103	 2021-05-17 21:03:36.102	0.209	-1.031	0.069	1.160	-3.052	-21.118	-85.051	-9.761	-85.984	0.00	0.00	0.00	0.50677	-0.52429	0.42725	-0.53448
WT1(E604078EA627)	3.88	13104	 2021-05-17 21:03:36.174	-0.790	0.076	0.363	-2.991	-25.757	2.930	8.427	60.255	-13.694	0.00	0.00	0.00	0.00000	0.00000	0.00000	0.00000
WT2(D809BF402BC3)	3.93	13103	 2021-05-17 21:03:36.192	0.229	-0.970	0.087	0.061	-3.113	-23.926	-84.880	-11.448	-85.397	0.00	0.00	0.00	0.49438	-0.54282	0.40201	-0.54706
WT1(E604078EA627)	3.88	13104	 2021-05-17 21:03:36.293	-0.661	0.091	0.731	-0.122	-50.354	-2.747	7.191	54.822	-14.952	0.00	0.00	0.00	0.00000	0.00000	0.00000	0.00000
WT2(D809BF402BC3)	3.93	13103	 2021-05-17 21:03:36.297	0.261	-0.959	0.076	-1.221	1.404	-18.799	-84.913	-13.590	-85.106	0.00	0.00	0.00	0.49438	-0.54282	0.40201	-0.54706
WT2(D809BF402BC3)	3.93	13103	 2021-05-17 21:03:36.387	0.297	-0.975	0.097	1.648	-3.418	-21.729	-84.831	-15.485	-84.891	0.00	0.00	0.00	0.49438	-0.54282	0.40201	-0.54706
WT1(E604078EA627)	3.88	13104	 2021-05-17 21:03:36.399	-0.797	0.028	0.514	-4.333	-45.532	2.136	6.356	51.334	-15.919	0.00	0.00	0.00	0.00000	0.00000	0.00000	0.00000
WT1(E604078EA627)	3.88	13104	 2021-05-17 21:03:36.489	-0.690	0.090	0.728	-1.404	-44.739	-0.549	5.801	45.967	-16.463	0.00	0.00	0.00	0.00000	0.00000	0.00000	0.00000
WT2(D809BF402BC3)	3.93	13103	 2021-05-17 21:03:36.495	0.327	-0.950	0.093	0.244	0.122	-21.729	-84.710	-17.770	-84.540	0.00	0.00	0.00	0.47162	-0.56815	0.36520	-0.56689
WT1(E604078EA627)	3.88	13104	 2021-05-17 21:03:36.581	-0.596	0.055	0.681	-2.625	-46.265	2.686	5.229	41.776	-17.205	0.00	0.00	0.00	0.00000	0.00000	0.00000	0.00000
WT2(D809BF402BC3)	3.93	13103	 2021-05-17 21:03:36.596	0.372	-0.906	0.073	0.549	-3.784	-25.940	-84.655	-19.858	-84.370	0.00	0.00	0.00	0.47162	-0.56815	0.36520	-0.56689
WT2(D809BF402BC3)	3.93	13103	 2021-05-17 21:03:36.687	0.394	-0.914	0.087	0.244	-0.122	-14.343	-84.639	-21.698	-84.205	0.00	0.00	0.00	0.45807	-0.58032	0.34610	-0.57755
WT1(E604078EA627)	3.88	13104	 2021-05-17 21:03:36.774	-0.539	0.063	0.787	-1.648	-24.963	0.305	4.686	37.337	-17.792	0.00	0.00	0.00	0.00000	0.00000	0.00000	0.00000
WT2(D809BF402BC3)	3.93	13103	 2021-05-17 21:03:36.791	0.415	-0.929	0.101	0.183	0.122	-19.043	-84.650	-23.632	-84.172	0.00	0.00	0.00	0.45807	-0.58032	0.34610	-0.57755
WT1(E604078EA627)	3.88	13104	 2021-05-17 21:03:36.818	-0.533	0.049	0.887	-3.235	-49.805	-1.343	4.180	32.772	-18.556	0.00	0.00	0.00	0.00000	0.00000	0.00000	0.00000
WT2(D809BF402BC3)	3.93	13103	 2021-05-17 21:03:36.882	0.463	-0.901	0.081	0.183	0.183	-22.400	-84.534	-25.878	-84.150	0.00	0.00	0.00	0.45807	-0.58032	0.34610	-0.57755
WT1(E604078EA627)	3.88	13104	 2021-05-17 21:03:36.893	-0.462	0.064	0.878	-3.052	-56.030	1.770	3.823	28.114	-19.105	0.00	0.00	0.00	0.00000	0.00000	0.00000	0.00000
WT2(D809BF402BC3)	3.93	13103	 2021-05-17 21:03:36.986	0.491	-0.878	0.089	0.854	-2.319	-18.982	-84.435	-28.059	-84.062	0.00	0.00	0.00	0.42578	-0.60336	0.30508	-0.60129
WT1(E604078EA627)	3.88	13104	 2021-05-17 21:03:36.999	-0.411	0.049	0.896	-2.991	-51.025	0.427	3.455	23.242	-19.594	0.00	0.00	0.00	0.00000	0.00000	0.00000	0.00000
WT1(E604078EA627)	3.88	13104	 2021-05-17 21:03:37.089	-0.303	0.063	0.909	-2.197	-42.053	0.305	3.164	18.572	-20.006	0.00	0.00	0.00	0.00000	0.00000	0.00000	0.00000
WT2(D809BF402BC3)	3.93	13103	 2021-05-17 21:03:37.094	0.521	-0.852	0.084	0.061	-1.099	-18.860	-84.348	-29.932	-84.040	0.00	0.00	0.00	0.42578	-0.60336	0.30508	-0.60129
WT2(D809BF402BC3)	3.93	13103	 2021-05-17 21:03:37.181	0.544	-0.825	0.075	1.038	-0.793	-16.418	-84.282	-31.800	-84.122	0.00	0.00	0.00	0.41180	-0.61218	0.28760	-0.61063
WT1(E604078EA627)	3.88	13104	 2021-05-17 21:03:37.226	-0.185	0.049	0.915	-2.686	-44.922	0.244	2.829	13.667	-20.522	0.00	0.00	0.00	0.00000	0.00000	0.00000	0.00000
WT2(D809BF402BC3)	3.93	13103	 2021-05-17 21:03:37.286	0.570	-0.823	0.081	1.160	0.366	-20.996	-84.155	-33.953	-84.265	0.00	0.00	0.00	0.41180	-0.61218	0.28760	-0.61063
WT1(E604078EA627)	3.88	13104	 2021-05-17 21:03:37.314	-0.040	0.038	1.098	-1.343	-38.452	1.343	2.488	8.201	-20.830	0.00	0.00	0.00	0.00000	0.00000	0.00000	0.00000
WT2(D809BF402BC3)	3.93	13103	 2021-05-17 21:03:37.376	0.609	-0.786	0.078	1.526	-3.784	-12.512	-83.979	-35.750	-84.375	0.00	0.00	0.00	0.41180	-0.61218	0.28760	-0.61063
WT1(E604078EA627)	3.88	13104	 2021-05-17 21:03:37.388	-0.045	0.039	1.033	-2.991	-50.354	1.587	2.291	4.147	-21.083	0.00	0.00	0.00	0.00000	0.00000	0.00000	0.00000
WT2(D809BF402BC3)	3.93	13103	 2021-05-17 21:03:37.481	0.621	-0.760	0.071	0.610	0.000	-17.029	-83.892	-37.469	-84.479	0.00	0.00	0.00	0.37808	-0.62885	0.24966	-0.63184
WT1(E604078EA627)	3.88	13104	 2021-05-17 21:03:37.494	-0.067	0.023	0.885	-3.967	-47.119	-0.793	2.032	0.319	-21.275	0.00	0.00	0.00	0.00000	0.00000	0.00000	0.00000
WT2(D809BF402BC3)	3.93	13103	 2021-05-17 21:03:37.586	0.638	-0.737	0.071	1.099	0.244	-17.029	-83.886	-39.337	-84.666	0.00	0.00	0.00	0.37808	-0.62885	0.24966	-0.63184
WT1(E604078EA627)	3.88	13104	 2021-05-17 21:03:37.613	0.099	0.017	0.978	-2.991	-37.415	0.488	1.703	-4.460	-21.462	0.00	0.00	0.00	0.00000	0.00000	0.00000	0.00000
WT2(D809BF402BC3)	3.93	13103	 2021-05-17 21:03:37.676	0.667	-0.708	0.070	0.122	-0.732	-22.156	-83.760	-41.364	-84.864	0.00	0.00	0.00	0.36188	-0.63565	0.23419	-0.64038
WT1(E604078EA627)	3.88	13104	 2021-05-17 21:03:37.704	0.194	0.006	0.994	-1.892	-37.903	-0.427	1.329	-9.075	-21.517	0.00	0.00	0.00	0.00000	0.00000	0.00000	0.00000
WT2(D809BF402BC3)	3.93	13103	 2021-05-17 21:03:37.780	0.692	-0.689	0.069	0.122	-2.319	-14.648	-83.699	-43.380	-84.946	0.00	0.00	0.00	0.36188	-0.63565	0.23419	-0.64038
WT1(E604078EA627)	3.88	13104	 2021-05-17 21:03:37.796	0.271	0.015	1.022	-2.869	-41.321	0.061	1.049	-13.788	-21.665	0.00	0.00	0.00	0.00000	0.00000	0.00000	0.00000
WT2(D809BF402BC3)	3.93	13103	 2021-05-17 21:03:37.886	0.727	-0.709	0.076	0.916	-0.916	-14.771	-83.606	-45.165	-85.166	0.00	0.00	0.00	0.36188	-0.63565	0.23419	-0.64038
WT1(E604078EA627)	3.88	13104	 2021-05-17 21:03:37.898	0.312	0.017	0.958	-1.892	-36.560	1.221	0.797	-17.666	-21.709	0.00	0.00	0.00	0.00000	0.00000	0.00000	0.00000
WT2(D809BF402BC3)	3.93	13103	 2021-05-17 21:03:37.975	0.735	-0.646	0.072	-0.610	-1.404	-21.240	-83.496	-46.862	-85.325	0.00	0.00	0.00	0.36188	-0.63565	0.23419	-0.64038
WT1(E604078EA627)	3.88	13104	 2021-05-17 21:03:38.034	0.389	0.019	0.893	-4.272	-54.626	-0.305	0.560	-21.863	-21.649	0.00	0.00	0.00	0.00000	0.00000	0.00000	0.00000
WT2(D809BF402BC3)	3.93	13103	 2021-05-17 21:03:38.066	0.769	-0.654	0.071	0.854	-0.549	-20.264	-83.480	-49.081	-85.485	0.00	0.00	0.00	0.32321	-0.65057	0.19525	-0.65887
WT1(E604078EA627)	3.88	13104	 2021-05-17 21:03:38.123	0.500	0.004	0.923	-2.136	-39.673	-0.366	0.324	-26.466	-21.709	0.00	0.00	0.00	0.00000	0.00000	0.00000	0.00000
WT2(D809BF402BC3)	3.93	13103	 2021-05-17 21:03:38.171	0.800	-0.608	0.060	1.465	-1.099	-13.916	-83.331	-51.004	-85.803	0.00	0.00	0.00	0.32321	-0.65057	0.19525	-0.65887
WT1(E604078EA627)	3.88	13104	 2021-05-17 21:03:38.216	0.479	0.003	0.741	-3.113	-43.640	1.038	0.104	-30.157	-21.605	0.00	0.00	0.00	0.00000	0.00000	0.00000	0.00000
WT2(D809BF402BC3)	3.93	13103	 2021-05-17 21:03:38.262	0.825	-0.601	0.062	0.671	-1.953	-17.944	-83.337	-53.091	-86.028	0.00	0.00	0.00	0.28647	-0.66241	0.16214	-0.67291
WT1(E604078EA627)	3.88	13104	 2021-05-17 21:03:38.318	0.632	-0.012	0.901	-2.258	-40.405	0.488	-0.319	-34.991	-21.440	0.00	0.00	0.00	0.00000	0.00000	0.00000	0.00000
WT2(D809BF402BC3)	3.93	13103	 2021-05-17 21:03:38.367	0.831	-0.522	0.064	1.709	-1.343	-14.526	-83.216	-54.657	-86.298	0.00	0.00	0.00	0.28647	-0.66241	0.16214	-0.67291
WT1(E604078EA627)	3.88	13104	 2021-05-17 21:03:38.408	0.585	0.002	0.611	-2.502	-39.917	2.014	-0.527	-38.040	-21.061	0.00	0.00	0.00	0.00000	0.00000	0.00000	0.00000
WT2(D809BF402BC3)	3.93	13103	 2021-05-17 21:03:38.471	0.855	-0.565	0.061	-1.404	-2.136	-23.682	-83.199	-56.937	-86.611	0.00	0.00	0.00	0.28647	-0.66241	0.16214	-0.67291
WT1(E604078EA627)	3.88	13104	 2021-05-17 21:03:38.514	0.727	-0.011	0.786	-1.953	-32.776	0.122	-0.945	-43.094	-20.781	0.00	0.00	0.00	0.00000	0.00000	0.00000	0.00000
WT2(D809BF402BC3)	3.93	13103	 2021-05-17 21:03:38.562	0.867	-0.466	0.058	0.549	-1.526	-21.240	-82.936	-58.936	-87.045	0.00	0.00	0.00	0.24936	-0.67172	0.13040	-0.68524
WT1(E604078EA627)	3.88	13104	 2021-05-17 21:03:38.633	0.842	0.007	0.823	-1.831	-37.048	0.916	-1.263	-47.411	-20.363	0.00	0.00	0.00	0.00000	0.00000	0.00000	0.00000
WT2(D809BF402BC3)	3.93	13103	 2021-05-17 21:03:38.667	0.886	-0.454	0.055	-1.465	0.061	-20.020	-82.562	-60.974	-87.720	0.00	0.00	0.00	0.24936	-0.67172	0.13040	-0.68524
WT1(E604078EA627)	3.88	13104	 2021-05-17 21:03:38.710	0.797	-0.032	0.713	-3.967	-52.795	-1.160	-1.582	-51.246	-20.154	0.00	0.00	0.00	0.00000	0.00000	0.00000	0.00000
WT2(D809BF402BC3)	3.93	13103	 2021-05-17 21:03:38.757	0.899	-0.432	0.046	1.770	-1.038	-17.822	-82.392	-62.781	-88.533	0.00	0.00	0.00	0.22110	-0.67609	0.11224	-0.69382
WT1(E604078EA627)	3.88	13104	 2021-05-17 21:03:38.815	0.831	-0.011	0.651	-1.953	-55.237	1.648	-2.159	-54.921	-19.424	0.00	0.00	0.00	0.00000	0.00000	0.00000	0.00000
WT2(D809BF402BC3)	3.93	13103	 2021-05-17 21:03:38.863	0.918	-0.407	0.064	2.380	-0.671	-17.151	-82.194	-64.693	-89.000	0.00	0.00	0.00	0.22110	-0.67609	0.11224	-0.69382
WT1(E604078EA627)	3.88	13104	 2021-05-17 21:03:38.934	0.872	-0.017	0.468	-2.686	-50.598	-0.305	-2.455	-58.392	-18.885	0.00	0.00	0.00	0.00000	0.00000	0.00000	0.00000
WT2(D809BF402BC3)	3.93	13103	 2021-05-17 21:03:38.967	0.947	-0.385	0.050	0.122	-1.038	-23.132	-81.552	-66.973	-89.956	0.00	0.00	0.00	0.22110	-0.67609	0.11224	-0.69382
WT1(E604078EA627)	3.88	13104	 2021-05-17 21:03:39.023	0.873	-0.020	0.459	-1.770	-41.077	2.258	-3.038	-62.446	-18.155	0.00	0.00	0.00	0.00000	0.00000	0.00000	0.00000
WT2(D809BF402BC3)	3.93	13103	 2021-05-17 21:03:39.057	0.969	-0.321	0.081	-0.916	-1.343	-16.357	-81.096	-69.126	-90.807	0.00	0.00	0.00	0.22110	-0.67609	0.11224	-0.69382
WT1(E604078EA627)	3.88	13104	 2021-05-17 21:03:39.145	0.916	0.012	0.337	-4.395	-20.142	-3.418	-3.444	-65.446	-17.792	0.00	0.00	0.00	0.00000	0.00000	0.00000	0.00000
WT2(D809BF402BC3)	3.93	13103	 2021-05-17 21:03:39.160	0.934	-0.299	0.059	-7.080	0.610	-16.174	-80.365	-70.554	-92.236	0.00	0.00	0.00	0.17505	-0.68298	0.07724	-0.70490
WT1(E604078EA627)	3.88	13104	 2021-05-17 21:03:39.219	0.957	-0.084	0.362	2.136	-41.992	-0.427	-4.323	-69.467	-17.001	0.00	0.00	0.00	0.00000	0.00000	0.00000	0.00000
WT2(D809BF402BC3)	3.93	13103	 2021-05-17 21:03:39.250	0.977	-0.315	0.033	3.113	-4.883	-26.917	-79.843	-72.762	-93.988	0.00	0.00	0.00	0.17505	-0.68298	0.07724	-0.70490
WT1(E604078EA627)	3.88	13104	 2021-05-17 21:03:39.323	1.031	0.017	0.291	-0.854	-46.692	1.282	-6.317	-73.850	-14.469	0.00	0.00	0.00	0.00000	0.00000	0.00000	0.00000
WT2(D809BF402BC3)	3.93	13103	 2021-05-17 21:03:39.359	1.024	-0.247	0.073	0.183	-0.916	-21.484	-78.959	-75.201	-95.361	0.00	0.00	0.00	0.13812	-0.68588	0.06479	-0.71149
WT1(E604078EA627)	3.88	13104	 2021-05-17 21:03:39.429	1.028	-0.013	0.275	-4.517	-29.907	-1.038	-8.152	-77.640	-12.585	0.00	0.00	0.00	0.00000	0.00000	0.00000	0.00000
WT2(D809BF402BC3)	3.93	13103	 2021-05-17 21:03:39.446	1.002	-0.185	0.048	-5.920	-1.404	-9.277	-78.047	-76.718	-96.960	0.00	0.00	0.00	0.13812	-0.68588	0.06479	-0.71149
WT1(E604078EA627)	3.88	13104	 2021-05-17 21:03:39.519	1.011	-0.015	0.113	-10.559	-28.809	-2.625	-10.596	-80.129	-10.448	0.00	0.00	0.00	0.00000	0.00000	0.00000	0.00000
WT2(D809BF402BC3)	3.93	13103	 2021-05-17 21:03:39.552	0.978	-0.191	0.022	-7.263	3.113	-8.179	-77.756	-77.454	-99.366	0.00	0.00	0.00	0.13812	-0.68588	0.06479	-0.71149
WT1(E604078EA627)	3.88	13104	 2021-05-17 21:03:39.623	0.998	-0.062	0.016	-1.648	-23.193	2.197	-15.095	-82.996	-6.004	0.00	0.00	0.00	0.00000	0.00000	0.00000	0.00000
WT2(D809BF402BC3)	3.93	13103	 2021-05-17 21:03:39.655	1.001	-0.162	0.021	0.488	-2.502	-23.254	-76.575	-79.107	-102.777	0.00	0.00	0.00	0.07239	-0.68848	0.06128	-0.71899
WT2(D809BF402BC3)	3.93	13103	 2021-05-17 21:03:39.745	0.999	-0.160	0.026	4.211	-2.014	-20.508	-75.789	-81.118	-105.359	0.00	0.00	0.00	0.07239	-0.68848	0.06128	-0.71899
WT1(E604078EA627)	3.88	13104	 2021-05-17 21:03:39.774	1.077	-0.030	0.166	-0.854	-49.866	2.502	-46.000	-87.034	25.307	0.00	0.00	0.00	0.00000	0.00000	0.00000	0.00000
WT1(E604078EA627)	3.88	13104	 2021-05-17 21:03:39.848	1.064	-0.037	0.045	-0.671	-38.635	1.099	-120.361	-87.451	100.096	0.00	0.00	0.00	0.00000	0.00000	0.00000	0.00000
WT2(D809BF402BC3)	3.93	13103	 2021-05-17 21:03:39.851	1.024	-0.132	0.051	1.587	-2.136	-7.568	-73.954	-82.766	-109.254	0.00	0.00	0.00	0.07239	-0.68848	0.06128	-0.71899
WT1(E604078EA627)	3.88	13104	 2021-05-17 21:03:39.939	1.056	-0.036	0.099	2.197	-9.033	-1.587	-144.608	-85.913	124.404	0.00	0.00	0.00	0.00000	0.00000	0.00000	0.00000
WT2(D809BF402BC3)	3.93	13103	 2021-05-17 21:03:39.956	1.004	-0.094	0.049	1.282	-0.549	-4.517	-73.976	-83.787	-112.950	0.00	0.00	0.00	0.01001	-0.69232	0.06992	-0.71808
WT1(E604078EA627)	3.88	13104	 2021-05-17 21:03:40.044	1.033	-0.056	-0.072	3.845	7.629	-3.906	-139.279	-86.512	119.427	0.00	0.00	0.00	0.00000	0.00000	0.00000	0.00000
WT2(D809BF402BC3)	3.93	13103	 2021-05-17 21:03:40.049	1.006	-0.070	0.031	-0.122	1.343	-0.427	-73.180	-83.826	-117.861	0.00	0.00	0.00	0.01001	-0.69232	0.06992	-0.71808
WT1(E604078EA627)	3.88	13104	 2021-05-17 21:03:40.136	1.023	-0.053	-0.058	0.488	-1.892	-0.854	-137.560	-86.743	118.207	0.00	0.00	0.00	0.00000	0.00000	0.00000	0.00000
WT2(D809BF402BC3)	3.93	13103	 2021-05-17 21:03:40.151	1.002	-0.082	0.027	0.305	-0.061	-1.892	-72.532	-83.969	-122.168	0.00	0.00	0.00	0.01001	-0.69232	0.06992	-0.71808
WT1(E604078EA627)	3.88	13104	 2021-05-17 21:03:40.254	1.036	-0.037	-0.039	-0.854	-2.869	-0.610	-141.438	-86.517	122.459	0.00	0.00	0.00	0.00000	0.00000	0.00000	0.00000
WT1(E604078EA627)	3.88	13104	 2021-05-17 21:03:40.343	1.034	-0.041	-0.052	1.587	-1.770	-1.648	-144.075	-86.418	125.420	0.00	0.00	0.00	0.00000	0.00000	0.00000	0.00000
WT2(D809BF402BC3)	3.93	13103	 2021-05-17 21:03:40.348	1.010	-0.068	0.040	0.977	0.488	-0.977	-70.565	-84.375	-131.050	0.00	0.00	0.00	-0.08057	-0.68079	0.14380	-0.71365
WT1(E604078EA627)	3.88	13104	 2021-05-17 21:03:40.465	1.045	-0.025	-0.039	-0.977	1.282	-1.038	-144.470	-86.391	126.068	0.00	0.00	0.00	0.00000	0.00000	0.00000	0.00000
WT2(D809BF402BC3)	3.93	13103	 2021-05-17 21:03:40.473	1.011	-0.070	0.028	-1.160	1.099	2.747	-70.587	-84.402	-134.681	0.00	0.00	0.00	-0.08057	-0.68079	0.14380	-0.71365
WT1(E604078EA627)	3.88	13104	 2021-05-17 21:03:40.539	1.020	-0.010	-0.065	0.366	2.441	0.183	-140.784	-86.594	122.657	0.00	0.00	0.00	0.00000	0.00000	0.00000	0.00000
WT2(D809BF402BC3)	3.93	13103	 2021-05-17 21:03:40.541	1.000	-0.078	0.036	0.549	0.854	1.038	-71.510	-84.166	-136.846	0.00	0.00	0.00	-0.08057	-0.68079	0.14380	-0.71365
WT2(D809BF402BC3)	3.93	13103	 2021-05-17 21:03:40.631	1.002	-0.083	0.020	-0.061	0.427	-1.221	-70.878	-84.238	-140.229	0.00	0.00	0.00	-0.14511	-0.66446	0.20554	-0.70364
WT1(E604078EA627)	3.88	13104	 2021-05-17 21:03:40.661	1.030	-0.043	-0.039	0.183	-2.563	-0.305	-142.943	-86.567	125.151	0.00	0.00	0.00	0.00000	0.00000	0.00000	0.00000
WT1(E604078EA627)	3.88	13104	 2021-05-17 21:03:40.749	1.036	-0.048	-0.035	0.000	0.732	-0.549	-144.108	-86.517	126.491	0.00	0.00	0.00	0.00000	0.00000	0.00000	0.00000
WT2(D809BF402BC3)	3.93	13103	 2021-05-17 21:03:40.768	1.009	-0.080	0.024	-0.793	0.610	0.671	-70.367	-84.326	-143.454	0.00	0.00	0.00	-0.14511	-0.66446	0.20554	-0.70364
WT1(E604078EA627)	3.88	13104	 2021-05-17 21:03:40.839	1.028	-0.037	-0.046	0.366	1.709	-0.061	-142.130	-86.605	124.755	0.00	0.00	0.00	0.00000	0.00000	0.00000	0.00000
WT2(D809BF402BC3)	3.93	13103	 2021-05-17 21:03:40.845	1.007	-0.074	0.033	0.122	0.000	2.197	-70.994	-84.216	-145.415	0.00	0.00	0.00	-0.14511	-0.66446	0.20554	-0.70364
WT2(D809BF402BC3)	3.93	13103	 2021-05-17 21:03:40.930	1.007	-0.069	0.033	0.916	0.183	0.183	-71.499	-84.166	-147.508	0.00	0.00	0.00	-0.19522	-0.64810	0.25217	-0.69153
WT1(E604078EA627)	3.88	13104	 2021-05-17 21:03:40.958	1.028	-0.033	-0.059	0.427	-1.404	0.061	-141.218	-86.627	124.222	0.00	0.00	0.00	0.00000	0.00000	0.00000	0.00000
WT2(D809BF402BC3)	3.93	13103	 2021-05-17 21:03:41.036	1.013	-0.073	0.037	-0.427	0.244	0.671	-71.499	-84.238	-149.980	0.00	0.00	0.00	-0.19522	-0.64810	0.25217	-0.69153
WT1(E604078EA627)	3.88	13104	 2021-05-17 21:03:41.050	1.040	-0.033	-0.031	-0.977	0.244	0.488	-142.059	-86.556	125.261	0.00	0.00	0.00	0.00000	0.00000	0.00000	0.00000
WT2(D809BF402BC3)	3.93	13103	 2021-05-17 21:03:41.128	1.005	-0.081	0.023	-0.793	0.183	2.441	-72.246	-84.111	-151.370	0.00	0.00	0.00	-0.23383	-0.63275	0.28973	-0.67892
WT1(E604078EA627)	3.88	13104	 2021-05-17 21:03:41.153	1.027	-0.037	-0.053	-0.305	2.014	-0.061	-139.318	-86.688	122.635	0.00	0.00	0.00	0.00000	0.00000	0.00000	0.00000
WT2(D809BF402BC3)	3.93	13103	 2021-05-17 21:03:41.261	1.003	-0.077	0.031	-0.122	-0.244	1.038	-72.878	-84.029	-152.809	0.00	0.00	0.00	-0.23383	-0.63275	0.28973	-0.67892
WT1(E604078EA627)	3.88	13104	 2021-05-17 21:03:41.289	1.029	-0.028	-0.039	-0.488	0.183	0.977	-138.290	-86.671	121.800	0.00	0.00	0.00	0.00000	0.00000	0.00000	0.00000
WT1(E604078EA627)	3.88	13104	 2021-05-17 21:03:41.349	1.031	-0.031	-0.046	-0.305	-1.892	0.305	-139.565	-86.627	123.305	0.00	0.00	0.00	0.00000	0.00000	0.00000	0.00000
WT2(D809BF402BC3)	3.93	13103	 2021-05-17 21:03:41.351	1.007	-0.074	0.026	-0.366	0.305	-0.305	-72.713	-84.073	-154.979	0.00	0.00	0.00	-0.23383	-0.63275	0.28973	-0.67892
WT2(D809BF402BC3)	3.93	13103	 2021-05-17 21:03:41.426	1.006	-0.078	0.028	-1.099	0.793	0.854	-72.274	-84.128	-157.407	0.00	0.00	0.00	-0.26297	-0.61969	0.31714	-0.66797
WT1(E604078EA627)	3.88	13104	 2021-05-17 21:03:41.453	1.024	-0.046	-0.047	-0.916	0.977	-0.244	-140.279	-86.660	124.069	0.00	0.00	0.00	0.00000	0.00000	0.00000	0.00000
WT2(D809BF402BC3)	3.93	13103	 2021-05-17 21:03:41.530	1.007	-0.079	0.030	0.000	0.122	-0.244	-71.999	-84.161	-159.439	0.00	0.00	0.00	-0.26297	-0.61969	0.31714	-0.66797
WT1(E604078EA627)	3.88	13104	 2021-05-17 21:03:41.561	1.032	-0.038	-0.031	-0.183	-1.709	-0.061	-141.400	-86.572	125.359	0.00	0.00	0.00	0.00000	0.00000	0.00000	0.00000
WT2(D809BF402BC3)	3.93	13103	 2021-05-17 21:03:41.621	1.011	-0.076	0.032	0.000	0.793	1.465	-71.845	-84.150	-160.994	0.00	0.00	0.00	-0.28354	-0.60989	0.33514	-0.65973
WT1(E604078EA627)	3.88	13104	 2021-05-17 21:03:41.679	1.033	-0.046	-0.043	-0.183	0.671	-0.122	-140.867	-86.649	124.931	0.00	0.00	0.00	0.00000	0.00000	0.00000	0.00000
WT2(D809BF402BC3)	3.93	13103	 2021-05-17 21:03:41.726	1.005	-0.076	0.032	0.061	0.366	2.380	-72.114	-84.029	-162.125	0.00	0.00	0.00	-0.28354	-0.60989	0.33514	-0.65973
WT1(E604078EA627)	3.88	13104	 2021-05-17 21:03:41.783	1.027	-0.025	-0.057	0.183	2.014	-0.732	-138.873	-86.781	123.124	0.00	0.00	0.00	0.00000	0.00000	0.00000	0.00000
WT2(D809BF402BC3)	3.93	13103	 2021-05-17 21:03:41.831	1.003	-0.075	0.031	-0.549	0.122	0.244	-71.719	-83.996	-164.136	0.00	0.00	0.00	-0.28354	-0.60989	0.33514	-0.65973
WT1(E604078EA627)	3.88	13104	 2021-05-17 21:03:41.858	1.027	-0.027	-0.040	0.061	-1.099	-0.854	-140.493	-86.743	124.931	0.00	0.00	0.00	0.00000	0.00000	0.00000	0.00000
WT1(E604078EA627)	3.88	13104	 2021-05-17 21:03:41.963	1.036	-0.037	-0.034	0.183	-1.221	-0.488	-142.086	-86.671	126.634	0.00	0.00	0.00	0.00000	0.00000	0.00000	0.00000
WT2(D809BF402BC3)	3.93	13103	 2021-05-17 21:03:42.026	1.009	-0.080	0.035	-0.488	0.549	1.221	-70.757	-84.100	-167.536	0.00	0.00	0.00	-0.31329	-0.59317	0.36249	-0.64691
WT1(E604078EA627)	3.88	13104	 2021-05-17 21:03:42.085	1.030	-0.046	-0.047	-0.549	0.793	0.061	-141.652	-86.743	126.277	0.00	0.00	0.00	0.00000	0.00000	0.00000	0.00000
WT2(D809BF402BC3)	3.93	13103	 2021-05-17 21:03:42.118	1.006	-0.075	0.027	0.488	0.244	1.160	-70.895	-84.040	-168.618	0.00	0.00	0.00	-0.31329	-0.59317	0.36249	-0.64691
WT1(E604078EA627)	3.88	13104	 2021-05-17 21:03:42.158	1.032	-0.026	-0.044	0.183	0.000	0.732	-140.757	-86.748	125.552	0.00	0.00	0.00	0.00000	0.00000	0.00000	0.00000
WT2(D809BF402BC3)	3.93	13103	 2021-05-17 21:03:42.224	1.006	-0.078	0.036	-0.732	0.183	1.404	-71.021	-84.007	-169.673	0.00	0.00	0.00	-0.33188	-0.58191	0.38000	-0.63779
WT1(E604078EA627)	3.88	13104	 2021-05-17 21:03:42.299	1.027	-0.030	-0.052	-0.793	0.366	0.549	-139.933	-86.792	124.805	0.00	0.00	0.00	0.00000	0.00000	0.00000	0.00000
WT2(D809BF402BC3)	3.93	13103	 2021-05-17 21:03:42.325	1.005	-0.075	0.029	-0.305	0.427	0.183	-71.016	-83.996	-170.788	0.00	0.00	0.00	-0.33188	-0.58191	0.38000	-0.63779
WT1(E604078EA627)	3.88	13104	 2021-05-17 21:03:42.393	1.026	-0.030	-0.043	0.488	-0.977	0.122	-140.735	-86.737	125.711	0.00	0.00	0.00	0.00000	0.00000	0.00000	0.00000
