设备名称	电压	版本	片上时间	加速度X(g)	加速度Y(g)	加速度Z(g)	角速度X(°/s)	角速度Y(°/s)	角速度Z(°/s)	角度X(°)	角度Y(°)	角度Z(°)	磁场X	磁场Y	磁场Z	四元数0	四元数1	四元数2	四元数3	状态
WT1(E604078EA627)	3.88	13104	 2021-05-17 21:04:09.773	1.030	-0.055	-0.032	0.793	0.671	-0.671	-123.475	-87.006	108.402	0.00	0.00	0.00	0.00000	0.00000	0.00000	0.00000
WT2(D809BF402BC3)	3.93	13103	 2021-05-17 21:04:09.778	1.005	-0.088	0.025	1.099	0.244	1.526	-74.108	-83.304	-167.706	0.00	0.00	0.00	-0.33386	-0.57623	0.38998	-0.63589
WT1(E604078EA627)	3.88	13104	 2021-05-17 21:04:09.864	1.031	-0.030	-0.033	0.183	0.854	-0.854	-122.338	-87.039	107.320	0.00	0.00	0.00	0.00000	0.00000	0.00000	0.00000
WT2(D809BF402BC3)	3.93	13103	 2021-05-17 21:04:09.881	1.005	-0.089	0.030	-0.488	0.610	0.916	-74.125	-83.243	-167.596	0.00	0.00	0.00	-0.33386	-0.57623	0.38998	-0.63589
WT1(E604078EA627)	3.88	13104	 2021-05-17 21:04:09.968	1.032	-0.046	-0.027	0.366	-0.427	0.427	-122.910	-87.006	107.902	0.00	0.00	0.00	0.00000	0.00000	0.00000	0.00000
WT2(D809BF402BC3)	3.93	13103	 2021-05-17 21:04:09.973	1.006	-0.090	0.026	0.122	0.122	0.366	-74.202	-83.271	-167.558	0.00	0.00	0.00	-0.33386	-0.57559	0.39078	-0.63596
WT1(E604078EA627)	3.88	13104	 2021-05-17 21:04:10.073	1.033	-0.049	-0.028	-0.305	-0.610	-0.122	-124.102	-87.006	109.127	0.00	0.00	0.00	0.00000	0.00000	0.00000	0.00000
WT2(D809BF402BC3)	3.93	13103	 2021-05-17 21:04:10.078	1.006	-0.090	0.023	-0.549	0.183	0.549	-73.889	-83.315	-167.948	0.00	0.00	0.00	-0.33386	-0.57559	0.39078	-0.63596
WT1(E604078EA627)	3.88	13104	 2021-05-17 21:04:10.179	1.029	-0.043	-0.029	-0.183	0.305	-0.305	-123.690	-87.001	108.693	0.00	0.00	0.00	0.00000	0.00000	0.00000	0.00000
WT2(D809BF402BC3)	3.93	13103	 2021-05-17 21:04:10.188	1.004	-0.093	0.021	-0.183	0.427	1.038	-73.993	-83.304	-167.921	0.00	0.00	0.00	-0.33386	-0.57559	0.39078	-0.63596
WT1(E604078EA627)	3.88	13104	 2021-05-17 21:04:10.268	1.030	-0.041	-0.030	-0.122	-0.427	0.061	-123.635	-86.995	108.649	0.00	0.00	0.00	0.00000	0.00000	0.00000	0.00000
WT1(E604078EA627)	3.88	13104	 2021-05-17 21:04:10.374	1.032	-0.041	-0.020	-0.610	0.732	1.526	-123.679	-86.973	108.649	0.00	0.00	0.00	0.00000	0.00000	0.00000	0.00000
WT2(D809BF402BC3)	3.93	13103	 2021-05-17 21:04:10.392	1.007	-0.087	0.030	-0.427	-0.244	1.221	-74.141	-83.315	-167.794	0.00	0.00	0.00	-0.33453	-0.57541	0.39105	-0.63562
WT2(D809BF402BC3)	3.93	13103	 2021-05-17 21:04:10.467	1.004	-0.090	0.025	-0.793	0.183	0.427	-74.191	-83.293	-167.844	0.00	0.00	0.00	-0.33453	-0.57541	0.39105	-0.63562
WT1(E604078EA627)	3.88	13104	 2021-05-17 21:04:10.479	1.026	-0.048	-0.033	-0.732	-1.221	0.488	-123.300	-86.990	108.276	0.00	0.00	0.00	0.00000	0.00000	0.00000	0.00000
WT2(D809BF402BC3)	3.93	13103	 2021-05-17 21:04:10.571	1.008	-0.086	0.022	-0.671	0.305	0.427	-74.191	-83.370	-167.926	0.00	0.00	0.00	-0.33591	-0.57504	0.39188	-0.63474
WT1(E604078EA627)	3.88	13104	 2021-05-17 21:04:10.598	1.033	-0.044	-0.026	-0.916	0.183	0.000	-124.354	-86.940	109.308	0.00	0.00	0.00	0.00000	0.00000	0.00000	0.00000
WT1(E604078EA627)	3.88	13104	 2021-05-17 21:04:10.673	1.035	-0.030	-0.018	0.000	0.916	1.099	-123.344	-86.929	108.314	0.00	0.00	0.00	0.00000	0.00000	0.00000	0.00000
WT2(D809BF402BC3)	3.93	13103	 2021-05-17 21:04:10.675	1.008	-0.090	0.028	0.183	-0.427	1.709	-74.366	-83.348	-167.855	0.00	0.00	0.00	-0.33591	-0.57504	0.39188	-0.63474
WT2(D809BF402BC3)	3.93	13103	 2021-05-17 21:04:10.765	1.003	-0.093	0.018	-0.610	0.183	1.221	-74.652	-83.243	-167.602	0.00	0.00	0.00	-0.33624	-0.57440	0.39301	-0.63440
WT1(E604078EA627)	3.88	13104	 2021-05-17 21:04:10.777	1.024	-0.058	-0.038	-0.427	-0.122	0.427	-121.569	-87.001	106.507	0.00	0.00	0.00	0.00000	0.00000	0.00000	0.00000
WT2(D809BF402BC3)	3.93	13103	 2021-05-17 21:04:10.870	1.009	-0.089	0.028	-0.122	0.366	0.244	-74.883	-83.282	-167.338	0.00	0.00	0.00	-0.33624	-0.57440	0.39301	-0.63440
WT1(E604078EA627)	3.88	13104	 2021-05-17 21:04:10.883	1.035	-0.039	-0.022	-0.671	-0.427	-0.061	-122.371	-86.940	107.314	0.00	0.00	0.00	0.00000	0.00000	0.00000	0.00000
WT2(D809BF402BC3)	3.93	13103	 2021-05-17 21:04:10.961	1.005	-0.093	0.019	0.122	0.244	1.221	-74.938	-83.271	-167.371	0.00	0.00	0.00	-0.33624	-0.57440	0.39301	-0.63440
WT1(E604078EA627)	3.88	13104	 2021-05-17 21:04:10.989	1.030	-0.046	-0.030	0.305	0.549	0.305	-121.635	-86.962	106.534	0.00	0.00	0.00	0.00000	0.00000	0.00000	0.00000
WT2(D809BF402BC3)	3.93	13103	 2021-05-17 21:04:11.080	1.004	-0.095	0.022	-0.366	0.427	1.038	-74.982	-83.238	-167.322	0.00	0.00	0.00	-0.33649	-0.57407	0.39401	-0.63400
WT1(E604078EA627)	3.88	13104	 2021-05-17 21:04:11.108	1.030	-0.042	-0.025	-0.183	0.488	-0.183	-121.317	-86.984	106.238	0.00	0.00	0.00	0.00000	0.00000	0.00000	0.00000
WT2(D809BF402BC3)	3.93	13103	 2021-05-17 21:04:11.155	1.005	-0.092	0.022	0.000	0.366	0.488	-74.828	-83.238	-167.465	0.00	0.00	0.00	-0.33649	-0.57407	0.39401	-0.63400
WT1(E604078EA627)	3.88	13104	 2021-05-17 21:04:11.205	1.034	-0.042	-0.021	-0.183	-0.488	0.122	-121.882	-86.979	106.820	0.00	0.00	0.00	0.00000	0.00000	0.00000	0.00000
WT2(D809BF402BC3)	3.93	13103	 2021-05-17 21:04:11.261	1.006	-0.090	0.023	-0.061	0.610	0.977	-74.713	-83.227	-167.563	0.00	0.00	0.00	-0.33649	-0.57407	0.39401	-0.63400
WT1(E604078EA627)	3.88	13104	 2021-05-17 21:04:11.303	1.028	-0.042	-0.033	-0.122	0.061	-0.305	-121.580	-87.012	106.529	0.00	0.00	0.00	0.00000	0.00000	0.00000	0.00000
WT2(D809BF402BC3)	3.93	13103	 2021-05-17 21:04:11.367	1.006	-0.095	0.027	0.244	0.244	0.122	-74.460	-83.249	-167.679	0.00	0.00	0.00	-0.33633	-0.57379	0.39383	-0.63440
WT1(E604078EA627)	3.88	13104	 2021-05-17 21:04:11.393	1.034	-0.037	-0.019	0.061	-0.793	-0.061	-122.822	-86.990	107.809	0.00	0.00	0.00	0.00000	0.00000	0.00000	0.00000
WT2(D809BF402BC3)	3.93	13103	 2021-05-17 21:04:11.456	1.009	-0.090	0.019	-0.061	0.732	1.282	-74.295	-83.254	-167.805	0.00	0.00	0.00	-0.33633	-0.57379	0.39383	-0.63440
WT1(E604078EA627)	3.88	13104	 2021-05-17 21:04:11.498	1.033	-0.055	-0.024	0.183	0.671	0.183	-122.091	-87.034	107.056	0.00	0.00	0.00	0.00000	0.00000	0.00000	0.00000
WT2(D809BF402BC3)	3.93	13103	 2021-05-17 21:04:11.564	1.003	-0.092	0.030	0.000	0.183	2.014	-74.608	-83.145	-167.399	0.00	0.00	0.00	-0.33551	-0.57431	0.39276	-0.63504
WT1(E604078EA627)	3.88	13104	 2021-05-17 21:04:11.589	1.023	-0.032	-0.039	-0.183	0.732	-0.610	-120.037	-87.094	105.062	0.00	0.00	0.00	0.00000	0.00000	0.00000	0.00000
WT2(D809BF402BC3)	3.93	13103	 2021-05-17 21:04:11.654	1.003	-0.094	0.021	0.000	-0.061	-0.610	-74.323	-83.188	-167.646	0.00	0.00	0.00	-0.33551	-0.57431	0.39276	-0.63504
WT1(E604078EA627)	3.88	13104	 2021-05-17 21:04:11.694	1.034	-0.038	-0.015	0.244	-1.648	0.122	-122.695	-87.012	107.748	0.00	0.00	0.00	0.00000	0.00000	0.00000	0.00000
WT2(D809BF402BC3)	3.93	13103	 2021-05-17 21:04:11.756	1.010	-0.090	0.026	-0.488	0.549	0.671	-73.993	-83.265	-167.893	0.00	0.00	0.00	-0.33551	-0.57431	0.39276	-0.63504
WT1(E604078EA627)	3.88	13104	 2021-05-17 21:04:11.814	1.033	-0.048	-0.022	-0.549	0.122	0.061	-122.997	-87.039	108.023	0.00	0.00	0.00	0.00000	0.00000	0.00000	0.00000
WT2(D809BF402BC3)	3.93	13103	 2021-05-17 21:04:11.847	1.005	-0.090	0.027	0.000	0.305	1.282	-74.108	-83.216	-167.745	0.00	0.00	0.00	-0.33423	-0.57501	0.39139	-0.63593
WT1(E604078EA627)	3.88	13104	 2021-05-17 21:04:11.888	1.028	-0.042	-0.033	-0.183	-0.549	-0.549	-122.091	-87.067	107.128	0.00	0.00	0.00	0.00000	0.00000	0.00000	0.00000
WT2(D809BF402BC3)	3.93	13103	 2021-05-17 21:04:11.950	1.001	-0.094	0.022	-0.061	0.122	0.427	-74.053	-83.227	-167.772	0.00	0.00	0.00	-0.33423	-0.57501	0.39139	-0.63593
WT1(E604078EA627)	3.88	13104	 2021-05-17 21:04:12.009	1.024	-0.030	-0.029	-0.244	-1.526	-0.549	-122.959	-87.034	108.012	0.00	0.00	0.00	0.00000	0.00000	0.00000	0.00000
WT2(D809BF402BC3)	3.93	13103	 2021-05-17 21:04:12.055	1.001	-0.132	0.019	-0.549	1.526	1.831	-73.663	-83.265	-168.278	0.00	0.00	0.00	-0.33423	-0.57501	0.39139	-0.63593
WT1(E604078EA627)	3.88	13104	 2021-05-17 21:04:12.131	1.080	-0.030	0.134	3.113	30.151	-1.404	-120.328	-87.248	105.046	0.00	0.00	0.00	0.00000	0.00000	0.00000	0.00000
WT2(D809BF402BC3)	3.93	13103	 2021-05-17 21:04:12.147	1.011	-0.097	0.042	1.038	2.930	20.142	-74.394	-82.095	-166.794	0.00	0.00	0.00	-0.33182	-0.57455	0.39081	-0.63794
WT1(E604078EA627)	3.88	13104	 2021-05-17 21:04:12.204	1.063	-0.055	0.065	2.625	49.683	-0.549	-36.947	-86.391	21.495	0.00	0.00	0.00	0.00000	0.00000	0.00000	0.00000
WT2(D809BF402BC3)	3.93	13103	 2021-05-17 21:04:12.251	0.996	-0.146	0.036	-0.671	1.221	26.550	-76.915	-79.739	-163.257	0.00	0.00	0.00	-0.33182	-0.57455	0.39081	-0.63794
WT1(E604078EA627)	3.88	13104	 2021-05-17 21:04:12.308	1.025	-0.040	0.107	3.357	44.312	0.793	-16.562	-82.128	1.165	0.00	0.00	0.00	0.00000	0.00000	0.00000	0.00000
WT2(D809BF402BC3)	3.93	13103	 2021-05-17 21:04:12.342	0.990	-0.176	0.034	0.427	1.343	22.400	-78.981	-77.316	-159.445	0.00	0.00	0.00	-0.28455	-0.56299	0.40262	-0.66324
WT1(E604078EA627)	3.88	13104	 2021-05-17 21:04:12.398	1.012	-0.048	0.159	3.784	32.471	-1.404	-10.860	-78.453	-4.263	0.00	0.00	0.00	0.00000	0.00000	0.00000	0.00000
WT2(D809BF402BC3)	3.93	13103	 2021-05-17 21:04:12.446	0.979	-0.224	0.031	3.235	0.488	16.663	-79.618	-75.449	-156.594	0.00	0.00	0.00	-0.28455	-0.56299	0.40262	-0.66324
WT1(E604078EA627)	3.88	13104	 2021-05-17 21:04:12.505	1.005	-0.031	0.252	6.531	28.076	0.488	-8.394	-75.438	-6.422	0.00	0.00	0.00	0.00000	0.00000	0.00000	0.00000
WT2(D809BF402BC3)	3.93	13103	 2021-05-17 21:04:12.555	0.977	-0.253	0.050	4.456	1.648	15.137	-79.838	-73.998	-153.572	0.00	0.00	0.00	-0.28455	-0.56299	0.40262	-0.66324
WT1(E604078EA627)	3.88	13104	 2021-05-17 21:04:12.608	0.991	-0.005	0.279	2.747	29.846	-2.930	-5.949	-72.345	-8.602	0.00	0.00	0.00	0.00000	0.00000	0.00000	0.00000
WT2(D809BF402BC3)	3.93	13103	 2021-05-17 21:04:12.645	0.972	-0.276	0.054	-0.549	4.150	14.038	-79.277	-72.592	-151.210	0.00	0.00	0.00	-0.21271	-0.56924	0.38510	-0.69452
WT1(E604078EA627)	3.88	13104	 2021-05-17 21:04:12.714	0.977	-0.039	0.370	1.465	34.790	-0.916	-4.252	-69.423	-10.536	0.00	0.00	0.00	0.00000	0.00000	0.00000	0.00000
WT2(D809BF402BC3)	3.93	13103	 2021-05-17 21:04:12.746	0.995	-0.292	0.036	-0.183	2.014	18.616	-79.398	-71.049	-148.579	0.00	0.00	0.00	-0.21271	-0.56924	0.38510	-0.69452
WT1(E604078EA627)	3.88	13104	 2021-05-17 21:04:12.803	0.941	-0.035	0.462	2.136	43.274	1.343	-3.488	-65.682	-11.580	0.00	0.00	0.00	0.00000	0.00000	0.00000	0.00000
WT2(D809BF402BC3)	3.93	13103	 2021-05-17 21:04:12.896	0.929	-0.352	0.023	1.099	1.282	25.452	-80.272	-68.692	-145.250	0.00	0.00	0.00	-0.21271	-0.56924	0.38510	-0.69452
WT1(E604078EA627)	3.88	13104	 2021-05-17 21:04:12.923	0.886	-0.046	0.440	7.141	37.781	2.014	-2.834	-61.458	-12.140	0.00	0.00	0.00	0.00000	0.00000	0.00000	0.00000
WT2(D809BF402BC3)	3.93	13103	 2021-05-17 21:04:12.940	0.949	-0.350	0.062	3.113	-2.930	19.470	-80.662	-66.605	-142.020	0.00	0.00	0.00	-0.13330	-0.57104	0.37625	-0.71732
WT1(E604078EA627)	3.88	13104	 2021-05-17 21:04:13.016	0.941	0.036	0.585	0.488	37.170	3.174	-2.752	-58.162	-12.057	0.00	0.00	0.00	0.00000	0.00000	0.00000	0.00000
WT2(D809BF402BC3)	3.93	13103	 2021-05-17 21:04:13.045	0.922	-0.407	0.077	-3.662	0.854	25.696	-81.584	-64.567	-138.186	0.00	0.00	0.00	-0.13330	-0.57104	0.37625	-0.71732
WT1(E604078EA627)	3.88	13104	 2021-05-17 21:04:13.118	0.873	0.013	0.579	-2.319	46.143	-2.625	-2.203	-53.866	-13.041	0.00	0.00	0.00	0.00000	0.00000	0.00000	0.00000
WT2(D809BF402BC3)	3.93	13103	 2021-05-17 21:04:13.135	0.908	-0.432	0.049	-4.700	3.906	22.705	-81.985	-62.106	-135.582	0.00	0.00	0.00	-0.13330	-0.57104	0.37625	-0.71732
WT1(E604078EA627)	3.88	13104	 2021-05-17 21:04:13.209	0.791	-0.049	0.601	2.380	40.833	0.061	-1.829	-49.592	-13.821	0.00	0.00	0.00	0.00000	0.00000	0.00000	0.00000
WT2(D809BF402BC3)	3.93	13103	 2021-05-17 21:04:13.242	0.888	-0.476	0.047	0.488	0.549	19.104	-82.304	-60.178	-133.308	0.00	0.00	0.00	-0.04730	-0.57211	0.37338	-0.72870
WT1(E604078EA627)	3.88	13104	 2021-05-17 21:04:13.328	0.760	-0.005	0.692	2.502	31.494	0.793	-1.566	-46.274	-14.161	0.00	0.00	0.00	0.00000	0.00000	0.00000	0.00000
WT2(D809BF402BC3)	3.93	13103	 2021-05-17 21:04:13.333	0.872	-0.498	0.061	0.610	1.160	13.489	-82.463	-58.634	-130.776	0.00	0.00	0.00	-0.04730	-0.57211	0.37338	-0.72870
WT1(E604078EA627)	3.88	13104	 2021-05-17 21:04:13.435	0.695	-0.002	0.738	0.610	28.564	-0.732	-1.219	-43.116	-14.689	0.00	0.00	0.00	0.00000	0.00000	0.00000	0.00000
WT2(D809BF402BC3)	3.93	13103	 2021-05-17 21:04:13.437	0.873	-0.530	0.059	-1.831	1.526	15.564	-82.502	-57.453	-128.573	0.00	0.00	0.00	-0.04730	-0.57211	0.37338	-0.72870
WT1(E604078EA627)	3.88	13104	 2021-05-17 21:04:13.542	0.681	-0.014	0.809	1.587	38.574	-0.122	-1.038	-39.727	-15.309	0.00	0.00	0.00	0.00000	0.00000	0.00000	0.00000
WT2(D809BF402BC3)	3.93	13103	 2021-05-17 21:04:13.545	0.851	-0.544	0.060	-0.488	1.892	19.226	-82.749	-55.717	-126.337	0.00	0.00	0.00	0.00726	-0.57666	0.36374	-0.73148
WT1(E604078EA627)	3.88	13104	 2021-05-17 21:04:13.614	0.608	-0.006	0.832	2.625	45.593	-0.488	-0.720	-35.541	-15.864	0.00	0.00	0.00	0.00000	0.00000	0.00000	0.00000
WT2(D809BF402BC3)	3.93	13103	 2021-05-17 21:04:13.630	0.834	-0.569	0.064	-0.366	1.526	22.095	-82.930	-53.718	-124.178	0.00	0.00	0.00	0.00726	-0.57666	0.36374	-0.73148
WT1(E604078EA627)	3.88	13104	 2021-05-17 21:04:13.719	0.547	-0.002	0.855	2.319	41.687	-0.916	-0.412	-31.382	-16.397	0.00	0.00	0.00	0.00000	0.00000	0.00000	0.00000
WT2(D809BF402BC3)	3.93	13103	 2021-05-17 21:04:13.736	0.814	-0.593	0.061	-0.427	2.319	21.667	-83.079	-51.630	-122.168	0.00	0.00	0.00	0.00726	-0.57666	0.36374	-0.73148
WT1(E604078EA627)	3.88	13104	 2021-05-17 21:04:13.823	0.500	-0.004	0.934	1.709	33.203	0.122	-0.187	-27.702	-16.875	0.00	0.00	0.00	0.00000	0.00000	0.00000	0.00000
WT2(D809BF402BC3)	3.93	13103	 2021-05-17 21:04:13.828	0.789	-0.631	0.063	-0.671	1.526	19.287	-83.216	-49.894	-120.212	0.00	0.00	0.00	0.08099	-0.57358	0.36499	-0.72882
WT2(D809BF402BC3)	3.93	13103	 2021-05-17 21:04:13.930	0.772	-0.657	0.072	-0.427	1.099	17.212	-83.293	-48.142	-118.295	0.00	0.00	0.00	0.08099	-0.57358	0.36499	-0.72882
WT1(E604078EA627)	3.88	13104	 2021-05-17 21:04:13.974	0.405	0.009	0.938	1.953	36.987	-0.122	0.060	-23.978	-17.292	0.00	0.00	0.00	0.00000	0.00000	0.00000	0.00000
WT2(D809BF402BC3)	3.93	13103	 2021-05-17 21:04:14.021	0.743	-0.656	0.055	-0.610	1.831	19.043	-83.397	-46.324	-116.439	0.00	0.00	0.00	0.08099	-0.57358	0.36499	-0.72882
WT1(E604078EA627)	3.88	13104	 2021-05-17 21:04:14.050	0.358	0.008	0.931	2.075	38.208	-0.488	0.319	-20.094	-17.787	0.00	0.00	0.00	0.00000	0.00000	0.00000	0.00000
WT1(E604078EA627)	3.88	13104	 2021-05-17 21:04:14.123	0.277	0.012	0.961	2.930	44.739	0.732	0.566	-16.024	-18.199	0.00	0.00	0.00	0.00000	0.00000	0.00000	0.00000
WT2(D809BF402BC3)	3.93	13103	 2021-05-17 21:04:14.128	0.728	-0.698	0.067	0.549	1.282	23.682	-83.507	-44.154	-114.598	0.00	0.00	0.00	0.14816	-0.57092	0.36615	-0.71970
WT1(E604078EA627)	3.88	13104	 2021-05-17 21:04:14.229	0.197	0.031	0.941	1.343	42.725	0.061	0.813	-11.678	-18.484	0.00	0.00	0.00	0.00000	0.00000	0.00000	0.00000
WT2(D809BF402BC3)	3.93	13103	 2021-05-17 21:04:14.238	0.707	-0.725	0.071	-0.854	0.061	17.212	-83.617	-42.182	-112.813	0.00	0.00	0.00	0.14816	-0.57092	0.36615	-0.71970
WT2(D809BF402BC3)	3.93	13103	 2021-05-17 21:04:14.322	0.679	-0.757	0.077	-1.465	1.648	20.630	-83.815	-40.446	-111.110	0.00	0.00	0.00	0.20352	-0.56674	0.37119	-0.70679
WT1(E604078EA627)	3.88	13104	 2021-05-17 21:04:14.409	0.142	0.026	1.039	0.977	39.978	-1.038	0.972	-7.905	-18.896	0.00	0.00	0.00	0.00000	0.00000	0.00000	0.00000
WT2(D809BF402BC3)	3.93	13103	 2021-05-17 21:04:14.425	0.654	-0.767	0.066	-0.122	1.221	23.254	-83.952	-38.326	-109.545	0.00	0.00	0.00	0.20352	-0.56674	0.37119	-0.70679
WT1(E604078EA627)	3.88	13104	 2021-05-17 21:04:14.438	0.095	0.021	1.023	2.563	44.006	0.427	1.187	-3.664	-19.292	0.00	0.00	0.00	0.00000	0.00000	0.00000	0.00000
WT1(E604078EA627)	3.88	13104	 2021-05-17 21:04:14.530	-0.006	0.040	1.029	1.770	42.664	0.000	1.434	0.775	-19.594	0.00	0.00	0.00	0.00000	0.00000	0.00000	0.00000
WT2(D809BF402BC3)	3.93	13103	 2021-05-17 21:04:14.532	0.623	-0.813	0.081	-0.977	1.526	25.452	-84.073	-36.118	-107.985	0.00	0.00	0.00	0.20352	-0.56674	0.37119	-0.70679
WT2(D809BF402BC3)	3.93	13103	 2021-05-17 21:04:14.623	0.576	-0.829	0.069	-2.441	5.127	22.461	-84.155	-33.843	-106.661	0.00	0.00	0.00	0.25607	-0.55887	0.38190	-0.69006
WT2(D809BF402BC3)	3.93	13103	 2021-05-17 21:04:14.725	0.546	-0.848	0.081	-1.221	1.831	19.836	-84.265	-31.794	-105.414	0.00	0.00	0.00	0.25607	-0.55887	0.38190	-0.69006
WT1(E604078EA627)	3.88	13104	 2021-05-17 21:04:14.814	-0.079	0.027	0.995	1.526	44.861	-1.648	1.664	5.334	-19.984	0.00	0.00	0.00	0.00000	0.00000	0.00000	0.00000
WT2(D809BF402BC3)	3.93	13103	 2021-05-17 21:04:14.831	0.532	-0.857	0.071	-0.122	0.793	20.020	-84.364	-29.899	-104.030	0.00	0.00	0.00	0.25607	-0.55887	0.38190	-0.69006
WT1(E604078EA627)	3.88	13104	 2021-05-17 21:04:14.843	-0.189	0.022	0.968	1.526	40.405	-0.549	1.846	9.739	-20.374	0.00	0.00	0.00	0.00000	0.00000	0.00000	0.00000
WT1(E604078EA627)	3.88	13104	 2021-05-17 21:04:14.858	-0.270	0.032	0.927	2.441	42.725	-0.244	2.131	14.156	-20.638	0.00	0.00	0.00	0.00000	0.00000	0.00000	0.00000
WT2(D809BF402BC3)	3.93	13103	 2021-05-17 21:04:14.921	0.491	-0.901	0.072	-0.549	1.770	25.024	-84.518	-27.740	-102.656	0.00	0.00	0.00	0.25607	-0.55887	0.38190	-0.69006
WT1(E604078EA627)	3.88	13104	 2021-05-17 21:04:14.949	-0.316	0.043	0.947	2.380	50.964	0.610	2.411	18.556	-20.786	0.00	0.00	0.00	0.00000	0.00000	0.00000	0.00000
WT2(D809BF402BC3)	3.93	13103	 2021-05-17 21:04:15.011	0.458	-0.891	0.082	-0.305	1.282	27.954	-84.622	-25.192	-101.272	0.00	0.00	0.00	0.32407	-0.54626	0.39908	-0.66125
WT1(E604078EA627)	3.88	13104	 2021-05-17 21:04:15.038	-0.396	0.056	0.868	2.563	57.068	-0.061	2.791	23.741	-20.808	0.00	0.00	0.00	0.00000	0.00000	0.00000	0.00000
WT2(D809BF402BC3)	3.93	13103	 2021-05-17 21:04:15.117	0.426	-0.915	0.081	-1.648	2.441	26.794	-84.776	-22.709	-100.129	0.00	0.00	0.00	0.32407	-0.54626	0.39908	-0.66125
WT1(E604078EA627)	3.88	13104	 2021-05-17 21:04:15.146	-0.459	0.050	0.850	2.991	52.673	-1.404	3.131	28.850	-20.978	0.00	0.00	0.00	0.00000	0.00000	0.00000	0.00000
WT2(D809BF402BC3)	3.93	13103	 2021-05-17 21:04:15.209	0.376	-0.915	0.072	-0.671	1.709	22.217	-84.886	-20.319	-99.075	0.00	0.00	0.00	0.37912	-0.53055	0.42035	-0.63089
WT1(E604078EA627)	3.88	13104	 2021-05-17 21:04:15.248	-0.558	0.045	0.792	3.174	48.279	-1.282	3.532	33.937	-21.061	0.00	0.00	0.00	0.00000	0.00000	0.00000	0.00000
WT2(D809BF402BC3)	3.93	13103	 2021-05-17 21:04:15.311	0.335	-0.941	0.074	-0.366	1.465	22.644	-84.968	-18.193	-98.042	0.00	0.00	0.00	0.37912	-0.53055	0.42035	-0.63089
WT1(E604078EA627)	3.88	13104	 2021-05-17 21:04:15.353	-0.636	0.060	0.748	2.075	52.490	-0.854	4.054	38.727	-20.863	0.00	0.00	0.00	0.00000	0.00000	0.00000	0.00000
WT2(D809BF402BC3)	3.93	13103	 2021-05-17 21:04:15.416	0.294	-0.956	0.078	-2.686	3.662	23.621	-85.100	-15.991	-97.097	0.00	0.00	0.00	0.37912	-0.53055	0.42035	-0.63089
WT1(E604078EA627)	3.88	13104	 2021-05-17 21:04:15.443	-0.679	0.064	0.650	1.831	44.739	-1.953	4.548	43.698	-20.704	0.00	0.00	0.00	0.00000	0.00000	0.00000	0.00000
WT2(D809BF402BC3)	3.93	13103	 2021-05-17 21:04:15.522	0.261	-0.954	0.069	-2.930	3.723	17.761	-85.292	-14.013	-96.152	0.00	0.00	0.00	0.42566	-0.51620	0.44006	-0.59888
WT1(E604078EA627)	3.88	13104	 2021-05-17 21:04:15.551	-0.741	0.051	0.620	0.122	23.132	-3.052	4.620	47.593	-20.962	0.00	0.00	0.00	0.00000	0.00000	0.00000	0.00000
WT2(D809BF402BC3)	3.93	13103	 2021-05-17 21:04:15.613	0.262	-1.001	0.020	2.747	3.418	15.503	-85.419	-12.755	-95.295	0.00	0.00	0.00	0.42566	-0.51620	0.44006	-0.59888
WT1(E604078EA627)	3.88	13104	 2021-05-17 21:04:15.671	-0.806	0.027	0.667	0.488	57.739	0.671	5.026	51.191	-20.594	0.00	0.00	0.00	0.00000	0.00000	0.00000	0.00000
WT2(D809BF402BC3)	3.93	13103	 2021-05-17 21:04:15.718	0.222	-0.988	0.099	-4.700	4.272	46.265	-85.512	-9.921	-94.378	0.00	0.00	0.00	0.42566	-0.51620	0.44006	-0.59888
WT1(E604078EA627)	3.88	13104	 2021-05-17 21:04:15.744	-0.813	0.066	0.483	6.287	80.872	-1.709	6.553	57.849	-19.072	0.00	0.00	0.00	0.00000	0.00000	0.00000	0.00000
WT1(E604078EA627)	3.88	13104	 2021-05-17 21:04:15.863	-0.887	0.058	0.282	3.174	62.317	-1.221	8.542	65.440	-17.413	0.00	0.00	0.00	0.00000	0.00000	0.00000	0.00000
WT2(D809BF402BC3)	3.93	13103	 2021-05-17 21:04:15.911	0.073	-0.985	0.069	-2.014	1.221	28.809	-86.133	-2.335	-92.928	0.00	0.00	0.00	0.47626	-0.49097	0.47214	-0.55603
WT1(E604078EA627)	3.88	13104	 2021-05-17 21:04:15.953	-0.905	0.058	0.254	4.089	50.110	-1.038	11.025	70.856	-14.996	0.00	0.00	0.00	0.00000	0.00000	0.00000	0.00000
WT2(D809BF402BC3)	3.93	13103	 2021-05-17 21:04:16.000	0.021	-0.986	0.049	-0.793	2.319	21.118	-86.248	0.033	-92.159	0.00	0.00	0.00	0.47626	-0.49097	0.47214	-0.55603
WT1(E604078EA627)	3.88	13104	 2021-05-17 21:04:16.058	-0.958	0.053	0.062	4.028	24.780	-0.488	14.299	75.701	-11.992	0.00	0.00	0.00	0.00000	0.00000	0.00000	0.00000
WT2(D809BF402BC3)	3.93	13103	 2021-05-17 21:04:16.105	0.001	-0.996	0.066	-0.916	1.526	2.991	-86.325	0.983	-91.351	0.00	0.00	0.00	0.50909	-0.47299	0.49371	-0.52280
WT1(E604078EA627)	3.88	13104	 2021-05-17 21:04:16.149	-0.898	0.028	0.245	1.526	-6.653	1.038	14.656	76.223	-11.525	0.00	0.00	0.00	0.00000	0.00000	0.00000	0.00000
WT2(D809BF402BC3)	3.93	13103	 2021-05-17 21:04:16.213	0.013	-1.010	0.057	-0.854	2.197	2.991	-86.495	0.972	-90.813	0.00	0.00	0.00	0.50909	-0.47299	0.49371	-0.52280
WT1(E604078EA627)	3.88	13104	 2021-05-17 21:04:16.284	-0.957	0.044	0.161	-0.977	11.475	0.244	14.321	76.580	-11.536	0.00	0.00	0.00	0.00000	0.00000	0.00000	0.00000
WT1(E604078EA627)	3.88	13104	 2021-05-17 21:04:16.389	-0.964	0.066	0.207	-0.549	-0.488	-2.197	14.365	76.723	-11.069	0.00	0.00	0.00	0.00000	0.00000	0.00000	0.00000
WT2(D809BF402BC3)	3.93	13103	 2021-05-17 21:04:16.406	0.006	-0.994	0.034	-0.183	0.000	0.549	-86.644	1.219	-89.396	0.00	0.00	0.00	0.51962	-0.47891	0.49060	-0.50980
WT1(E604078EA627)	3.88	13104	 2021-05-17 21:04:16.463	-0.927	0.026	0.102	-3.662	-0.488	0.732	14.167	77.042	-10.871	0.00	0.00	0.00	0.00000	0.00000	0.00000	0.00000
WT2(D809BF402BC3)	3.93	13103	 2021-05-17 21:04:16.496	0.022	-0.960	0.045	0.732	-6.714	-17.395	-86.666	0.582	-88.478	0.00	0.00	0.00	0.51962	-0.47891	0.49060	-0.50980
WT1(E604078EA627)	3.88	13104	 2021-05-17 21:04:16.552	-0.912	0.064	0.394	-4.578	-25.635	1.526	12.409	75.130	-11.739	0.00	0.00	0.00	0.00000	0.00000	0.00000	0.00000
WT2(D809BF402BC3)	3.93	13103	 2021-05-17 21:04:16.600	0.034	-1.021	0.071	-0.183	0.366	2.991	-86.616	-0.088	-87.539	0.00	0.00	0.00	0.52472	-0.49557	0.47427	-0.50409
WT1(E604078EA627)	3.88	13104	 2021-05-17 21:04:16.661	-0.915	0.031	0.014	4.211	6.531	-2.197	13.991	76.470	-10.080	0.00	0.00	0.00	0.00000	0.00000	0.00000	0.00000
WT2(D809BF402BC3)	3.93	13103	 2021-05-17 21:04:16.690	0.039	-1.025	0.082	-1.648	0.427	-10.315	-86.699	-0.818	-87.083	0.00	0.00	0.00	0.52472	-0.49557	0.47427	-0.50409
WT1(E604078EA627)	3.88	13104	 2021-05-17 21:04:16.764	-1.001	0.072	0.412	0.183	1.648	-4.150	11.255	74.377	-12.365	0.00	0.00	0.00	0.00000	0.00000	0.00000	0.00000
WT2(D809BF402BC3)	3.93	13103	 2021-05-17 21:04:16.795	0.046	-0.977	0.033	1.221	0.061	5.249	-86.710	-1.154	-86.616	0.00	0.00	0.00	0.52472	-0.49557	0.47427	-0.50409
WT1(E604078EA627)	3.88	13104	 2021-05-17 21:04:16.869	-0.982	0.085	-0.001	7.996	3.418	-1.831	13.090	76.124	-10.679	0.00	0.00	0.00	0.00000	0.00000	0.00000	0.00000
WT2(D809BF402BC3)	3.93	13103	 2021-05-17 21:04:16.887	0.062	-0.997	0.087	-0.183	2.014	-4.944	-86.710	-1.934	-86.061	0.00	0.00	0.00	0.52362	-0.50961	0.45999	-0.50446
WT1(E604078EA627)	3.88	13104	 2021-05-17 21:04:16.973	-0.938	0.001	0.377	2.319	18.921	-2.991	10.882	74.004	-12.244	0.00	0.00	0.00	0.00000	0.00000	0.00000	0.00000
WT2(D809BF402BC3)	3.93	13103	 2021-05-17 21:04:16.991	0.064	-0.987	0.023	1.892	0.305	5.188	-86.704	-2.043	-85.787	0.00	0.00	0.00	0.52362	-0.50961	0.45999	-0.50446
WT1(E604078EA627)	3.88	13104	 2021-05-17 21:04:17.063	-0.991	0.080	0.066	-6.714	-51.270	-0.183	11.711	74.509	-11.442	0.00	0.00	0.00	0.00000	0.00000	0.00000	0.00000
WT2(D809BF402BC3)	3.93	13103	 2021-05-17 21:04:17.096	0.084	-0.992	0.096	0.732	-1.953	-24.109	-86.589	-3.840	-85.150	0.00	0.00	0.00	0.52362	-0.50961	0.45999	-0.50446
WT1(E604078EA627)	3.88	13104	 2021-05-17 21:04:17.186	-0.838	0.027	0.543	-4.150	-102.051	-2.136	7.674	67.346	-15.315	0.00	0.00	0.00	0.00000	0.00000	0.00000	0.00000
WT2(D809BF402BC3)	3.93	13103	 2021-05-17 21:04:17.188	0.138	-0.984	0.055	-0.610	1.343	-27.710	-86.627	-7.026	-84.930	0.00	0.00	0.00	0.50787	-0.53461	0.43008	-0.52078
WT1(E604078EA627)	3.88	13104	 2021-05-17 21:04:17.274	-0.843	0.036	0.426	-1.831	-13.489	4.883	6.174	62.314	-16.320	0.00	0.00	0.00	0.00000	0.00000	0.00000	0.00000
WT2(D809BF402BC3)	3.93	13103	 2021-05-17 21:04:17.290	0.174	-0.983	0.032	2.808	-2.869	-9.216	-86.484	-8.789	-84.661	0.00	0.00	0.00	0.50787	-0.53461	0.43008	-0.52078
WT1(E604078EA627)	3.88	13104	 2021-05-17 21:04:17.378	-0.862	0.064	0.497	-4.639	-93.689	-0.549	5.702	58.700	-16.743	0.00	0.00	0.00	0.00000	0.00000	0.00000	0.00000
WT2(D809BF402BC3)	3.93	13103	 2021-05-17 21:04:17.396	0.196	-0.980	0.096	-0.305	-0.061	-17.761	-86.424	-11.069	-84.144	0.00	0.00	0.00	0.50787	-0.53461	0.43008	-0.52078
WT1(E604078EA627)	3.88	13104	 2021-05-17 21:04:17.469	-0.806	0.024	0.539	-0.427	-17.944	0.671	4.790	53.657	-17.512	0.00	0.00	0.00	0.00000	0.00000	0.00000	0.00000
WT1(E604078EA627)	3.88	13104	 2021-05-17 21:04:17.574	-0.610	0.051	0.638	-2.502	-57.739	4.150	4.230	49.801	-18.062	0.00	0.00	0.00	0.00000	0.00000	0.00000	0.00000
WT2(D809BF402BC3)	3.93	13103	 2021-05-17 21:04:17.606	0.264	-0.903	0.057	0.977	-2.563	-23.132	-86.353	-14.535	-83.699	0.00	0.00	0.00	0.48642	-0.55975	0.39496	-0.54227
WT2(D809BF402BC3)	3.93	13103	 2021-05-17 21:04:17.681	0.311	-0.940	0.060	0.000	0.183	-21.790	-86.331	-16.606	-83.666	0.00	0.00	0.00	0.48642	-0.55975	0.39496	-0.54227
WT1(E604078EA627)	3.88	13104	 2021-05-17 21:04:17.709	-0.663	0.038	0.649	-1.282	-32.349	-4.333	3.697	45.225	-18.759	0.00	0.00	0.00	0.00000	0.00000	0.00000	0.00000
WT1(E604078EA627)	3.88	13104	 2021-05-17 21:04:17.787	-0.654	0.040	0.845	-1.770	-39.612	2.075	3.082	40.182	-19.490	0.00	0.00	0.00	0.00000	0.00000	0.00000	0.00000
WT2(D809BF402BC3)	3.93	13103	 2021-05-17 21:04:17.788	0.350	-0.958	0.062	2.075	-1.343	-14.404	-86.325	-18.842	-83.551	0.00	0.00	0.00	0.47079	-0.57538	0.37180	-0.55588
WT1(E604078EA627)	3.88	13104	 2021-05-17 21:04:17.874	-0.482	0.084	0.833	-2.930	-47.668	0.793	2.840	35.870	-19.759	0.00	0.00	0.00	0.00000	0.00000	0.00000	0.00000
WT2(D809BF402BC3)	3.93	13103	 2021-05-17 21:04:17.883	0.388	-0.929	0.058	-1.221	-2.625	-22.461	-86.254	-20.753	-83.359	0.00	0.00	0.00	0.47079	-0.57538	0.37180	-0.55588
WT1(E604078EA627)	3.88	13104	 2021-05-17 21:04:17.979	-0.499	0.011	0.796	-2.014	-50.354	0.610	2.411	31.470	-20.402	0.00	0.00	0.00	0.00000	0.00000	0.00000	0.00000
WT2(D809BF402BC3)	3.93	13103	 2021-05-17 21:04:17.989	0.408	-0.901	0.055	0.061	1.343	-26.611	-86.215	-22.879	-83.463	0.00	0.00	0.00	0.44556	-0.59521	0.33963	-0.57602
WT1(E604078EA627)	3.88	13104	 2021-05-17 21:04:18.084	-0.393	0.032	0.863	-1.831	-44.861	0.061	2.126	26.510	-20.797	0.00	0.00	0.00	0.00000	0.00000	0.00000	0.00000
WT2(D809BF402BC3)	3.93	13103	 2021-05-17 21:04:18.090	0.439	-0.885	0.061	0.671	-0.183	-19.592	-86.182	-25.027	-83.364	0.00	0.00	0.00	0.44556	-0.59521	0.33963	-0.57602
WT1(E604078EA627)	3.88	13104	 2021-05-17 21:04:18.188	-0.327	0.017	0.958	-1.953	-44.800	1.221	1.818	21.594	-21.226	0.00	0.00	0.00	0.00000	0.00000	0.00000	0.00000
WT2(D809BF402BC3)	3.93	13103	 2021-05-17 21:04:18.282	0.505	-0.866	0.067	0.916	-1.343	-20.630	-86.006	-29.224	-83.386	0.00	0.00	0.00	0.42352	-0.60953	0.31357	-0.59222
WT1(E604078EA627)	3.88	13104	 2021-05-17 21:04:18.368	-0.260	0.043	0.986	-2.747	-49.927	1.221	1.599	16.699	-21.456	0.00	0.00	0.00	0.00000	0.00000	0.00000	0.00000
WT2(D809BF402BC3)	3.93	13103	 2021-05-17 21:04:18.373	0.532	-0.849	0.060	-0.366	0.305	-21.362	-85.897	-31.262	-83.535	0.00	0.00	0.00	0.42352	-0.60953	0.31357	-0.59222
WT1(E604078EA627)	3.88	13104	 2021-05-17 21:04:18.383	-0.167	0.032	0.997	-3.113	-58.350	-0.488	1.368	11.492	-21.830	0.00	0.00	0.00	0.00000	0.00000	0.00000	0.00000
WT2(D809BF402BC3)	3.93	13103	 2021-05-17 21:04:18.476	0.573	-0.859	0.060	0.305	-1.038	-16.785	-85.908	-33.146	-83.666	0.00	0.00	0.00	0.39893	-0.62277	0.28598	-0.60922
WT1(E604078EA627)	3.88	13104	 2021-05-17 21:04:18.489	-0.137	-0.001	0.992	-2.136	-45.288	0.977	0.945	6.581	-22.061	0.00	0.00	0.00	0.00000	0.00000	0.00000	0.00000
WT2(D809BF402BC3)	3.93	13103	 2021-05-17 21:04:18.581	0.594	-0.834	0.066	1.221	-0.916	-11.475	-85.864	-34.662	-83.716	0.00	0.00	0.00	0.39893	-0.62277	0.28598	-0.60922
WT1(E604078EA627)	3.88	13104	 2021-05-17 21:04:18.595	-0.011	0.030	0.935	-1.709	-31.799	1.526	0.753	2.813	-22.121	0.00	0.00	0.00	0.00000	0.00000	0.00000	0.00000
WT1(E604078EA627)	3.88	13104	 2021-05-17 21:04:18.699	0.063	0.013	1.033	-2.441	-47.546	-0.183	0.472	-1.791	-22.346	0.00	0.00	0.00	0.00000	0.00000	0.00000	0.00000
WT2(D809BF402BC3)	3.93	13103	 2021-05-17 21:04:18.776	0.638	-0.773	0.054	0.305	-0.732	-20.081	-85.875	-38.557	-83.908	0.00	0.00	0.00	0.37549	-0.63489	0.26138	-0.62256
WT1(E604078EA627)	3.88	13104	 2021-05-17 21:04:18.788	0.164	0.006	1.037	-3.357	-41.931	1.892	0.038	-6.685	-22.390	0.00	0.00	0.00	0.00000	0.00000	0.00000	0.00000
WT2(D809BF402BC3)	3.93	13103	 2021-05-17 21:04:18.866	0.666	-0.751	0.058	0.793	-2.014	-17.212	-85.798	-40.715	-84.045	0.00	0.00	0.00	0.37549	-0.63489	0.26138	-0.62256
WT1(E604078EA627)	3.88	13104	 2021-05-17 21:04:18.909	0.248	0.004	1.079	-5.554	-44.861	1.892	-0.220	-11.179	-22.423	0.00	0.00	0.00	0.00000	0.00000	0.00000	0.00000
WT2(D809BF402BC3)	3.93	13103	 2021-05-17 21:04:18.971	0.687	-0.714	0.050	-0.061	-0.854	-15.686	-85.726	-42.281	-84.254	0.00	0.00	0.00	0.34378	-0.64743	0.23068	-0.63983
WT1(E604078EA627)	3.88	13104	 2021-05-17 21:04:18.998	0.285	-0.010	0.992	-2.441	-39.673	1.160	-0.478	-15.222	-22.423	0.00	0.00	0.00	0.00000	0.00000	0.00000	0.00000
WT2(D809BF402BC3)	3.93	13103	 2021-05-17 21:04:19.077	0.718	-0.710	0.052	0.061	-3.113	-23.743	-85.715	-44.006	-84.326	0.00	0.00	0.00	0.34378	-0.64743	0.23068	-0.63983
WT1(E604078EA627)	3.88	13104	 2021-05-17 21:04:19.165	0.320	-0.004	0.861	-3.052	-51.331	0.732	-0.703	-19.105	-22.308	0.00	0.00	0.00	0.00000	0.00000	0.00000	0.00000
WT2(D809BF402BC3)	3.93	13103	 2021-05-17 21:04:19.166	0.750	-0.714	0.052	-0.366	-1.221	-23.315	-85.820	-46.230	-84.359	0.00	0.00	0.00	0.32745	-0.65399	0.21475	-0.64722
WT1(E604078EA627)	3.88	13104	 2021-05-17 21:04:19.223	0.402	-0.021	0.918	-1.343	-34.851	-0.183	-1.060	-23.785	-22.214	0.00	0.00	0.00	0.00000	0.00000	0.00000	0.00000
WT2(D809BF402BC3)	3.93	13103	 2021-05-17 21:04:19.270	0.759	-0.688	0.046	0.000	-1.343	-16.296	-85.781	-48.164	-84.622	0.00	0.00	0.00	0.32745	-0.65399	0.21475	-0.64722
WT1(E604078EA627)	3.88	13104	 2021-05-17 21:04:19.314	0.528	-0.023	0.833	-1.404	-31.189	0.366	-1.329	-27.850	-22.044	0.00	0.00	0.00	0.00000	0.00000	0.00000	0.00000
WT2(D809BF402BC3)	3.93	13103	 2021-05-17 21:04:19.360	0.782	-0.639	0.046	-0.793	-3.235	-24.170	-85.787	-50.504	-84.847	0.00	0.00	0.00	0.32745	-0.65399	0.21475	-0.64722
WT1(E604078EA627)	3.88	13104	 2021-05-17 21:04:19.404	0.596	-0.014	0.972	-1.160	-33.997	0.732	-1.730	-32.574	-21.780	0.00	0.00	0.00	0.00000	0.00000	0.00000	0.00000
WT2(D809BF402BC3)	3.93	13103	 2021-05-17 21:04:19.466	0.803	-0.625	0.045	-0.244	-1.099	-18.677	-85.682	-52.289	-85.128	0.00	0.00	0.00	0.29034	-0.66620	0.18204	-0.66232
WT1(E604078EA627)	3.88	13104	 2021-05-17 21:04:19.523	0.671	-0.018	0.815	-2.808	-34.363	1.831	-2.027	-36.046	-21.429	0.00	0.00	0.00	0.00000	0.00000	0.00000	0.00000
WT2(D809BF402BC3)	3.93	13103	 2021-05-17 21:04:19.556	0.820	-0.550	0.037	-0.427	-1.892	-22.461	-85.737	-54.261	-85.391	0.00	0.00	0.00	0.29034	-0.66620	0.18204	-0.66232
WT1(E604078EA627)	3.88	13104	 2021-05-17 21:04:19.599	0.709	-0.024	0.881	-3.052	-50.232	0.488	-2.527	-40.666	-20.984	0.00	0.00	0.00	0.00000	0.00000	0.00000	0.00000
WT2(D809BF402BC3)	3.93	13103	 2021-05-17 21:04:19.662	0.849	-0.562	0.036	-0.122	-1.648	-17.334	-85.765	-56.195	-85.677	0.00	0.00	0.00	0.26532	-0.67261	0.16217	-0.67145
WT1(E604078EA627)	3.88	13104	 2021-05-17 21:04:19.703	0.673	-0.039	0.744	-3.479	-43.823	-0.488	-2.999	-44.637	-20.440	0.00	0.00	0.00	0.00000	0.00000	0.00000	0.00000
WT2(D809BF402BC3)	3.93	13103	 2021-05-17 21:04:19.766	0.879	-0.543	0.034	0.793	-2.136	-16.296	-85.721	-58.299	-86.023	0.00	0.00	0.00	0.26532	-0.67261	0.16217	-0.67145
WT1(E604078EA627)	3.88	13104	 2021-05-17 21:04:19.808	0.761	-0.042	0.675	-2.441	-39.429	0.610	-3.494	-48.433	-19.902	0.00	0.00	0.00	0.00000	0.00000	0.00000	0.00000
WT1(E604078EA627)	3.88	13104	 2021-05-17 21:04:19.929	0.752	-0.041	0.529	-3.784	-45.593	0.549	-4.032	-52.097	-19.127	0.00	0.00	0.00	0.00000	0.00000	0.00000	0.00000
WT2(D809BF402BC3)	3.93	13103	 2021-05-17 21:04:19.976	0.909	-0.497	0.030	-1.099	-1.099	-14.526	-85.946	-62.056	-86.781	0.00	0.00	0.00	0.22989	-0.68042	0.13647	-0.68228
WT1(E604078EA627)	3.88	13104	 2021-05-17 21:04:20.020	0.814	-0.049	0.557	-2.075	-19.348	-0.244	-4.724	-55.838	-18.528	0.00	0.00	0.00	0.00000	0.00000	0.00000	0.00000
WT2(D809BF402BC3)	3.93	13103	 2021-05-17 21:04:20.051	0.912	-0.425	0.024	-0.916	-1.709	-22.217	-85.908	-63.693	-87.407	0.00	0.00	0.00	0.22989	-0.68042	0.13647	-0.68228
WT1(E604078EA627)	3.88	13104	 2021-05-17 21:04:20.110	0.906	-0.046	0.529	-3.540	-35.767	0.977	-5.598	-59.639	-17.364	0.00	0.00	0.00	0.00000	0.00000	0.00000	0.00000
WT2(D809BF402BC3)	3.93	13103	 2021-05-17 21:04:20.157	0.931	-0.411	0.029	-0.366	-1.770	-20.020	-86.039	-66.088	-87.962	0.00	0.00	0.00	0.19916	-0.68558	0.11981	-0.68985
WT1(E604078EA627)	3.88	13104	 2021-05-17 21:04:20.213	1.005	-0.031	0.629	-1.038	-23.499	0.916	-6.542	-63.358	-16.353	0.00	0.00	0.00	0.00000	0.00000	0.00000	0.00000
WT2(D809BF402BC3)	3.93	13103	 2021-05-17 21:04:20.261	0.942	-0.360	0.011	0.305	0.183	-18.677	-85.737	-67.621	-88.890	0.00	0.00	0.00	0.19916	-0.68558	0.11981	-0.68985
WT1(E604078EA627)	3.88	13104	 2021-05-17 21:04:20.318	0.953	-0.063	0.399	-4.211	-55.420	1.648	-7.504	-66.572	-14.843	0.00	0.00	0.00	0.00000	0.00000	0.00000	0.00000
WT1(E604078EA627)	3.88	13104	 2021-05-17 21:04:20.424	1.026	-0.032	0.401	-1.831	-35.400	0.427	-9.613	-70.862	-12.656	0.00	0.00	0.00	0.00000	0.00000	0.00000	0.00000
WT2(D809BF402BC3)	3.93	13103	 2021-05-17 21:04:20.456	0.965	-0.306	0.022	-0.183	-0.244	-16.907	-85.688	-71.785	-90.698	0.00	0.00	0.00	0.15070	-0.69135	0.09753	-0.69986
WT1(E604078EA627)	3.88	13104	 2021-05-17 21:04:20.530	0.995	-0.077	0.228	-2.258	-44.495	0.427	-11.541	-74.130	-10.470	0.00	0.00	0.00	0.00000	0.00000	0.00000	0.00000
WT2(D809BF402BC3)	3.93	13103	 2021-05-17 21:04:20.545	0.968	-0.270	0.013	-0.610	-1.587	-17.334	-85.507	-73.427	-92.142	0.00	0.00	0.00	0.15070	-0.69135	0.09753	-0.69986
WT1(E604078EA627)	3.88	13104	 2021-05-17 21:04:20.619	1.011	-0.043	0.245	0.000	-19.409	0.427	-15.491	-77.646	-6.411	0.00	0.00	0.00	0.00000	0.00000	0.00000	0.00000
WT2(D809BF402BC3)	3.93	13103	 2021-05-17 21:04:20.651	0.977	-0.229	0.028	1.465	-0.061	-9.888	-85.397	-75.004	-93.318	0.00	0.00	0.00	0.11127	-0.69412	0.08636	-0.70590
WT1(E604078EA627)	3.88	13104	 2021-05-17 21:04:20.723	1.034	-0.063	0.203	-4.028	-36.377	-0.793	-20.330	-80.618	-1.181	0.00	0.00	0.00	0.00000	0.00000	0.00000	0.00000
WT2(D809BF402BC3)	3.93	13103	 2021-05-17 21:04:20.755	0.984	-0.230	0.010	-0.549	0.610	-12.878	-85.062	-76.273	-95.142	0.00	0.00	0.00	0.11127	-0.69412	0.08636	-0.70590
WT1(E604078EA627)	3.88	13104	 2021-05-17 21:04:20.844	1.007	-0.065	0.016	-0.366	-34.973	0.305	-29.921	-83.480	8.860	0.00	0.00	0.00	0.00000	0.00000	0.00000	0.00000
WT1(E604078EA627)	3.88	13104	 2021-05-17 21:04:20.919	1.087	-0.047	0.175	-4.944	-44.067	0.061	-79.503	-86.699	58.898	0.00	0.00	0.00	0.00000	0.00000	0.00000	0.00000
WT2(D809BF402BC3)	3.93	13103	 2021-05-17 21:04:20.951	1.014	-0.214	0.020	-0.671	-0.305	-17.822	-84.177	-80.629	-100.031	0.00	0.00	0.00	0.06049	-0.69498	0.08511	-0.71136
WT2(D809BF402BC3)	3.93	13103	 2021-05-17 21:04:21.042	1.000	-0.130	0.011	-2.014	0.183	-9.521	-83.408	-81.738	-103.431	0.00	0.00	0.00	0.00931	-0.69522	0.09161	-0.71286
WT1(E604078EA627)	3.88	13104	 2021-05-17 21:04:21.054	1.012	-0.055	0.011	-2.930	-22.461	-1.160	-115.604	-86.523	95.032	0.00	0.00	0.00	0.00000	0.00000	0.00000	0.00000
WT1(E604078EA627)	3.88	13104	 2021-05-17 21:04:21.132	1.048	-0.067	0.014	1.404	7.813	2.014	-122.624	-86.155	101.926	0.00	0.00	0.00	0.00000	0.00000	0.00000	0.00000
WT2(D809BF402BC3)	3.93	13103	 2021-05-17 21:04:21.148	1.007	-0.143	0.013	-0.977	-0.305	3.723	-83.727	-82.007	-105.628	0.00	0.00	0.00	0.00931	-0.69522	0.09161	-0.71286
WT2(D809BF402BC3)	3.93	13103	 2021-05-17 21:04:21.236	1.002	-0.124	0.016	-2.136	0.000	2.869	-84.089	-81.628	-107.902	0.00	0.00	0.00	0.00931	-0.69522	0.09161	-0.71286
WT1(E604078EA627)	3.88	13104	 2021-05-17 21:04:21.248	1.017	-0.048	-0.046	-1.038	5.798	0.610	-112.885	-86.413	92.543	0.00	0.00	0.00	0.00000	0.00000	0.00000	0.00000
WT1(E604078EA627)	3.88	13104	 2021-05-17 21:04:21.324	1.025	-0.057	-0.024	-2.075	-0.977	0.549	-112.006	-86.418	91.967	0.00	0.00	0.00	0.00000	0.00000	0.00000	0.00000
WT2(D809BF402BC3)	3.93	13103	 2021-05-17 21:04:21.341	1.007	-0.128	0.007	-2.258	0.427	0.061	-84.463	-81.573	-110.237	0.00	0.00	0.00	-0.03714	-0.68823	0.13852	-0.71112
WT1(E604078EA627)	3.88	13104	 2021-05-17 21:04:21.444	1.025	-0.049	-0.007	-2.441	1.709	0.977	-111.758	-86.462	91.873	0.00	0.00	0.00	0.00000	0.00000	0.00000	0.00000
WT2(D809BF402BC3)	3.93	13103	 2021-05-17 21:04:21.450	0.992	-0.130	0.021	-2.747	0.366	2.502	-84.260	-81.497	-112.819	0.00	0.00	0.00	-0.03714	-0.68823	0.13852	-0.71112
WT1(E604078EA627)	3.88	13104	 2021-05-17 21:04:21.549	1.007	-0.069	-0.018	-2.075	-0.427	0.732	-110.627	-86.490	90.868	0.00	0.00	0.00	0.00000	0.00000	0.00000	0.00000
WT2(D809BF402BC3)	3.93	13103	 2021-05-17 21:04:21.643	1.001	-0.137	0.000	0.305	0.183	-6.287	-84.089	-81.870	-117.004	0.00	0.00	0.00	-0.06665	-0.68140	0.16885	-0.70898
WT1(E604078EA627)	3.88	13104	 2021-05-17 21:04:21.653	1.032	-0.081	-0.011	-0.732	-9.094	-0.671	-119.158	-86.303	99.701	0.00	0.00	0.00	0.00000	0.00000	0.00000	0.00000
WT2(D809BF402BC3)	3.93	13103	 2021-05-17 21:04:21.730	1.012	-0.097	0.025	0.610	0.610	-0.183	-83.650	-82.238	-119.350	0.00	0.00	0.00	-0.06665	-0.68140	0.16885	-0.70898
WT1(E604078EA627)	3.88	13104	 2021-05-17 21:04:21.788	1.044	-0.047	-0.020	1.160	-0.305	0.488	-122.591	-86.116	103.425	0.00	0.00	0.00	0.00000	0.00000	0.00000	0.00000
WT1(E604078EA627)	3.88	13104	 2021-05-17 21:04:21.849	1.025	-0.072	-0.035	-0.671	0.793	1.221	-121.064	-86.188	102.217	0.00	0.00	0.00	0.00000	0.00000	0.00000	0.00000
WT2(D809BF402BC3)	3.93	13103	 2021-05-17 21:04:21.851	0.997	-0.117	0.004	-0.671	-0.549	2.197	-83.809	-82.178	-121.646	0.00	0.00	0.00	-0.10803	-0.67297	0.19901	-0.70413
WT2(D809BF402BC3)	3.93	13103	 2021-05-17 21:04:21.926	0.997	-0.125	0.017	1.038	-1.587	1.160	-84.232	-82.057	-122.712	0.00	0.00	0.00	-0.10803	-0.67297	0.19901	-0.70413
WT1(E604078EA627)	3.88	13104	 2021-05-17 21:04:21.955	1.027	-0.062	-0.029	1.587	0.488	1.099	-119.163	-86.171	100.750	0.00	0.00	0.00	0.00000	0.00000	0.00000	0.00000
WT2(D809BF402BC3)	3.93	13103	 2021-05-17 21:04:22.031	1.013	-0.103	0.027	-0.061	-0.549	-0.122	-84.507	-82.161	-124.211	0.00	0.00	0.00	-0.10803	-0.67297	0.19901	-0.70413
WT1(E604078EA627)	3.88	13104	 2021-05-17 21:04:22.044	1.048	-0.053	-0.010	-1.099	-1.282	0.977	-120.630	-86.072	102.700	0.00	0.00	0.00	0.00000	0.00000	0.00000	0.00000
WT1(E604078EA627)	3.88	13104	 2021-05-17 21:04:22.148	1.028	-0.049	-0.042	-2.441	2.991	-0.061	-117.427	-86.204	99.569	0.00	0.00	0.00	0.00000	0.00000	0.00000	0.00000
WT2(D809BF402BC3)	3.93	13103	 2021-05-17 21:04:22.154	1.006	-0.114	0.022	-2.441	0.671	3.235	-84.402	-82.018	-126.112	0.00	0.00	0.00	-0.13327	-0.66592	0.22400	-0.69897
WT2(D809BF402BC3)	3.93	13103	 2021-05-17 21:04:22.226	0.999	-0.116	0.007	1.892	0.610	2.686	-84.556	-81.799	-127.705	0.00	0.00	0.00	-0.13327	-0.66592	0.22400	-0.69897
WT1(E604078EA627)	3.88	13104	 2021-05-17 21:04:22.252	1.032	-0.069	-0.021	1.709	2.197	0.549	-115.560	-86.292	97.905	0.00	0.00	0.00	0.00000	0.00000	0.00000	0.00000
WT2(D809BF402BC3)	3.93	13103	 2021-05-17 21:04:22.330	1.000	-0.119	0.018	-0.488	0.610	1.465	-84.496	-81.634	-129.353	0.00	0.00	0.00	-0.13327	-0.66592	0.22400	-0.69897
WT1(E604078EA627)	3.88	13104	 2021-05-17 21:04:22.358	1.021	-0.047	-0.043	-0.854	-0.122	-0.122	-112.928	-86.358	95.581	0.00	0.00	0.00	0.00000	0.00000	0.00000	0.00000
WT2(D809BF402BC3)	3.93	13103	 2021-05-17 21:04:22.435	1.006	-0.125	0.003	-1.038	0.244	-1.099	-84.287	-81.711	-130.946	0.00	0.00	0.00	-0.16074	-0.65375	0.25586	-0.69373
WT1(E604078EA627)	3.88	13104	 2021-05-17 21:04:22.463	1.035	-0.058	-0.021	-0.977	-1.770	0.122	-115.439	-86.303	98.207	0.00	0.00	0.00	0.00000	0.00000	0.00000	0.00000
WT2(D809BF402BC3)	3.93	13103	 2021-05-17 21:04:22.528	1.000	-0.131	0.009	-2.014	0.671	1.587	-84.166	-81.766	-132.550	0.00	0.00	0.00	-0.16074	-0.65375	0.25586	-0.69373
WT1(E604078EA627)	3.88	13104	 2021-05-17 21:04:22.553	1.029	-0.063	-0.014	-1.282	1.648	-0.305	-115.483	-86.331	98.251	0.00	0.00	0.00	0.00000	0.00000	0.00000	0.00000
WT2(D809BF402BC3)	3.93	13103	 2021-05-17 21:04:22.631	0.999	-0.134	0.010	0.549	0.061	0.244	-84.111	-81.689	-133.561	0.00	0.00	0.00	-0.16074	-0.65375	0.25586	-0.69373
WT1(E604078EA627)	3.88	13104	 2021-05-17 21:04:22.647	1.029	-0.056	-0.020	1.099	-1.465	-0.793	-115.461	-86.320	98.465	0.00	0.00	0.00	0.00000	0.00000	0.00000	0.00000
WT2(D809BF402BC3)	3.93	13103	 2021-05-17 21:04:22.722	1.005	-0.120	0.014	-1.526	0.977	0.488	-83.804	-81.760	-135.176	0.00	0.00	0.00	-0.18915	-0.64301	0.28073	-0.68695
WT1(E604078EA627)	3.88	13104	 2021-05-17 21:04:22.748	1.025	-0.066	-0.023	-2.136	-0.427	0.183	-116.307	-86.342	99.393	0.00	0.00	0.00	0.00000	0.00000	0.00000	0.00000
WT2(D809BF402BC3)	3.93	13103	 2021-05-17 21:04:22.825	1.004	-0.122	0.020	1.343	0.122	-0.183	-83.710	-81.799	-136.187	0.00	0.00	0.00	-0.18915	-0.64301	0.28073	-0.68695
WT1(E604078EA627)	3.88	13104	 2021-05-17 21:04:22.856	1.037	-0.046	-0.016	-0.061	-0.549	0.305	-117.032	-86.292	100.261	0.00	0.00	0.00	0.00000	0.00000	0.00000	0.00000
WT2(D809BF402BC3)	3.93	13103	 2021-05-17 21:04:22.932	1.003	-0.123	0.009	0.305	0.549	0.854	-83.573	-81.804	-137.422	0.00	0.00	0.00	-0.18915	-0.64301	0.28073	-0.68695
WT1(E604078EA627)	3.88	13104	 2021-05-17 21:04:22.962	1.030	-0.061	-0.033	0.793	-1.099	0.305	-116.768	-86.320	100.184	0.00	0.00	0.00	0.00000	0.00000	0.00000	0.00000
WT1(E604078EA627)	3.88	13104	 2021-05-17 21:04:23.079	1.031	-0.068	-0.025	-0.610	1.282	-0.916	-116.395	-86.353	99.871	0.00	0.00	0.00	0.00000	0.00000	0.00000	0.00000
WT2(D809BF402BC3)	3.93	13103	 2021-05-17 21:04:23.133	1.000	-0.125	0.013	0.183	-0.427	1.831	-83.600	-81.705	-139.186	0.00	0.00	0.00	-0.20706	-0.63550	0.29678	-0.68201
WT1(E604078EA627)	3.88	13104	 2021-05-17 21:04:23.154	1.027	-0.041	-0.023	0.061	1.221	1.038	-114.615	-86.331	98.223	0.00	0.00	0.00	0.00000	0.00000	0.00000	0.00000
WT1(E604078EA627)	3.88	13104	 2021-05-17 21:04:23.258	1.027	-0.060	-0.035	-0.122	-2.319	0.427	-115.933	-86.325	99.778	0.00	0.00	0.00	0.00000	0.00000	0.00000	0.00000
WT2(D809BF402BC3)	3.93	13103	 2021-05-17 21:04:23.320	1.004	-0.121	0.018	-0.793	0.610	0.000	-83.254	-81.826	-141.202	0.00	0.00	0.00	-0.21646	-0.63055	0.30670	-0.67926
WT1(E604078EA627)	3.88	13104	 2021-05-17 21:04:23.365	1.033	-0.066	-0.019	-0.671	0.061	-0.549	-117.565	-86.336	101.464	0.00	0.00	0.00	0.00000	0.00000	0.00000	0.00000
WT2(D809BF402BC3)	3.93	13103	 2021-05-17 21:04:23.410	1.003	-0.120	0.012	-0.305	0.305	0.244	-83.172	-81.848	-142.114	0.00	0.00	0.00	-0.21646	-0.63055	0.30670	-0.67926
WT1(E604078EA627)	3.88	13104	 2021-05-17 21:04:23.468	1.032	-0.056	-0.024	-0.061	-1.038	-0.366	-118.010	-86.303	101.997	0.00	0.00	0.00	0.00000	0.00000	0.00000	0.00000
WT2(D809BF402BC3)	3.93	13103	 2021-05-17 21:04:23.546	1.004	-0.124	0.009	-0.305	0.000	1.587	-83.265	-81.854	-142.745	0.00	0.00	0.00	-0.23151	-0.62460	0.31857	-0.67435
WT1(E604078EA627)	3.88	13104	 2021-05-17 21:04:23.573	1.033	-0.054	-0.030	-0.183	1.465	0.549	-116.400	-86.303	100.426	0.00	0.00	0.00	0.00000	0.00000	0.00000	0.00000
WT2(D809BF402BC3)	3.93	13103	 2021-05-17 21:04:23.622	0.999	-0.125	0.009	-0.610	0.488	1.465	-83.397	-81.749	-143.399	0.00	0.00	0.00	-0.23151	-0.62460	0.31857	-0.67435
WT1(E604078EA627)	3.88	13104	 2021-05-17 21:04:23.663	1.024	-0.067	-0.033	-0.122	-0.122	0.244	-115.472	-86.342	99.536	0.00	0.00	0.00	0.00000	0.00000	0.00000	0.00000
WT2(D809BF402BC3)	3.93	13103	 2021-05-17 21:04:23.725	1.004	-0.121	0.009	0.366	0.732	0.244	-83.331	-81.744	-144.185	0.00	0.00	0.00	-0.23761	-0.62094	0.32581	-0.67212
WT1(E604078EA627)	3.88	13104	 2021-05-17 21:04:23.768	1.031	-0.058	-0.024	-0.488	-0.488	-0.854	-116.686	-86.347	100.844	0.00	0.00	0.00	0.00000	0.00000	0.00000	0.00000
WT2(D809BF402BC3)	3.93	13103	 2021-05-17 21:04:23.815	1.004	-0.126	0.016	-0.366	0.366	0.366	-82.842	-81.782	-145.190	0.00	0.00	0.00	-0.23761	-0.62094	0.32581	-0.67212
WT1(E604078EA627)	3.88	13104	 2021-05-17 21:04:23.874	1.035	-0.059	-0.016	0.000	0.671	-0.244	-116.911	-86.353	101.107	0.00	0.00	0.00	0.00000	0.00000	0.00000	0.00000
WT2(D809BF402BC3)	3.93	13103	 2021-05-17 21:04:23.907	1.002	-0.125	0.005	-0.366	0.427	1.709	-82.853	-81.733	-145.662	0.00	0.00	0.00	-0.23761	-0.62094	0.32581	-0.67212
WT1(E604078EA627)	3.88	13104	 2021-05-17 21:04:23.979	1.030	-0.054	-0.025	0.244	0.610	0.427	-115.192	-86.396	99.470	0.00	0.00	0.00	0.00000	0.00000	0.00000	0.00000
WT2(D809BF402BC3)	3.93	13103	 2021-05-17 21:04:24.010	1.001	-0.123	0.016	-0.061	0.427	1.770	-82.842	-81.634	-146.140	0.00	0.00	0.00	-0.24817	-0.61493	0.33588	-0.66888
WT1(E604078EA627)	3.88	13104	 2021-05-17 21:04:24.068	1.025	-0.057	-0.034	-0.305	0.000	0.000	-114.181	-86.451	98.558	0.00	0.00	0.00	0.00000	0.00000	0.00000	0.00000
WT2(D809BF402BC3)	3.93	13103	 2021-05-17 21:04:24.116	1.001	-0.126	0.012	0.183	0.427	0.122	-82.606	-81.601	-146.755	0.00	0.00	0.00	-0.24817	-0.61493	0.33588	-0.66888
WT1(E604078EA627)	3.88	13104	 2021-05-17 21:04:24.173	1.034	-0.057	-0.018	-0.549	-0.977	-0.122	-115.648	-86.435	100.102	0.00	0.00	0.00	0.00000	0.00000	0.00000	0.00000
WT1(E604078EA627)	3.88	13104	 2021-05-17 21:04:24.279	1.032	-0.056	-0.024	-0.488	0.000	0.366	-115.576	-86.440	100.069	0.00	0.00	0.00	0.00000	0.00000	0.00000	0.00000
WT2(D809BF402BC3)	3.93	13103	 2021-05-17 21:04:24.310	1.002	-0.125	0.011	-0.122	0.366	1.038	-82.397	-81.639	-147.733	0.00	0.00	0.00	-0.25327	-0.61218	0.34012	-0.66736
WT1(E604078EA627)	3.88	13104	 2021-05-17 21:04:24.368	1.030	-0.056	-0.025	0.122	0.732	0.610	-114.670	-86.440	99.223	0.00	0.00	0.00	0.00000	0.00000	0.00000	0.00000
WT2(D809BF402BC3)	3.93	13103	 2021-05-17 21:04:24.401	1.000	-0.123	0.015	0.183	0.488	1.160	-82.496	-81.584	-148.030	0.00	0.00	0.00	-0.25327	-0.61218	0.34012	-0.66736
WT2(D809BF402BC3)	3.93	13103	 2021-05-17 21:04:24.510	1.000	-0.126	0.009	0.427	0.305	0.061	-82.321	-81.617	-148.568	0.00	0.00	0.00	-0.25937	-0.60867	0.34604	-0.66516
WT1(E604078EA627)	3.88	13104	 2021-05-17 21:04:24.515	1.028	-0.064	-0.030	-0.122	-0.916	-0.183	-114.922	-86.462	99.586	0.00	0.00	0.00	0.00000	0.00000	0.00000	0.00000
