设备名称	电压	版本	片上时间	加速度X(g)	加速度Y(g)	加速度Z(g)	角速度X(°/s)	角速度Y(°/s)	角速度Z(°/s)	角度X(°)	角度Y(°)	角度Z(°)	磁场X	磁场Y	磁场Z	四元数0	四元数1	四元数2	四元数3	状态
WT1(E604078EA627)	3.89	13104	 2021-05-18 17:41:20.054	1.034	0.091	-0.012	-2.502	0.488	1.282	94.356	-84.672	126.008	0.00	0.00	0.00	0.00000	0.00000	0.00000	0.00000
WT2(D809BF402BC3)	3.93	13103	 2021-05-18 17:41:20.101	0.996	0.128	-0.142	1.465	0.427	-0.610	142.575	-79.393	-28.861	0.00	0.00	0.00	0.38986	0.65472	-0.37970	0.52454
WT1(E604078EA627)	3.89	13104	 2021-05-18 17:41:20.132	1.026	0.095	-0.010	-1.526	-0.122	1.038	94.455	-84.705	125.876	0.00	0.00	0.00	0.00000	0.00000	0.00000	0.00000
WT2(D809BF402BC3)	3.93	13103	 2021-05-18 17:41:20.210	0.985	0.131	-0.141	-0.610	-0.549	-0.061	142.427	-79.365	-28.652	0.00	0.00	0.00	0.38986	0.65472	-0.37970	0.52454
WT1(E604078EA627)	3.89	13104	 2021-05-18 17:41:20.226	1.024	0.096	-0.014	-2.930	-0.061	1.404	94.675	-84.738	125.651	0.00	0.00	0.00	0.00000	0.00000	0.00000	0.00000
WT1(E604078EA627)	3.89	13104	 2021-05-18 17:41:20.335	1.024	0.101	-0.004	-1.892	-0.977	-0.488	95.592	-84.716	124.728	0.00	0.00	0.00	0.00000	0.00000	0.00000	0.00000
WT2(D809BF402BC3)	3.93	13103	 2021-05-18 17:41:20.398	0.994	0.122	-0.146	-1.770	0.305	0.061	141.806	-79.299	-28.087	0.00	0.00	0.00	0.39011	0.65512	-0.37955	0.52396
WT1(E604078EA627)	3.89	13104	 2021-05-18 17:41:20.429	1.025	0.096	-0.006	-1.282	0.000	-0.061	95.922	-84.661	124.382	0.00	0.00	0.00	0.00000	0.00000	0.00000	0.00000
WT2(D809BF402BC3)	3.93	13103	 2021-05-18 17:41:20.492	0.993	0.119	-0.146	2.258	1.831	-0.061	141.603	-79.393	-27.828	0.00	0.00	0.00	0.39011	0.65512	-0.37955	0.52396
WT1(E604078EA627)	3.89	13104	 2021-05-18 17:41:20.539	1.025	0.101	-0.011	0.122	0.916	-1.099	95.279	-84.534	125.129	0.00	0.00	0.00	0.00000	0.00000	0.00000	0.00000
WT2(D809BF402BC3)	3.93	13103	 2021-05-18 17:41:20.601	0.990	0.118	-0.144	0.427	1.587	0.366	141.328	-79.547	-27.515	0.00	0.00	0.00	0.39066	0.65460	-0.37845	0.52496
WT2(D809BF402BC3)	3.93	13103	 2021-05-18 17:41:20.726	0.996	0.128	-0.139	3.479	0.366	-1.770	140.900	-79.568	-26.884	0.00	0.00	0.00	0.39066	0.65460	-0.37845	0.52496
WT1(E604078EA627)	3.89	13104	 2021-05-18 17:41:20.726	1.023	0.089	-0.017	0.122	0.183	-1.038	94.878	-84.408	125.535	0.00	0.00	0.00	0.00000	0.00000	0.00000	0.00000
WT1(E604078EA627)	3.89	13104	 2021-05-18 17:41:20.757	1.038	0.100	-0.013	0.061	-0.854	2.502	96.108	-84.463	124.536	0.00	0.00	0.00	0.00000	0.00000	0.00000	0.00000
WT2(D809BF402BC3)	3.93	13103	 2021-05-18 17:41:20.788	0.995	0.131	-0.142	1.648	-2.014	-1.404	141.037	-79.343	-26.873	0.00	0.00	0.00	0.39066	0.65460	-0.37845	0.52496
WT1(E604078EA627)	3.89	13104	 2021-05-18 17:41:20.835	1.040	0.103	-0.009	-0.183	-0.427	2.136	97.224	-84.661	123.492	0.00	0.00	0.00	0.00000	0.00000	0.00000	0.00000
WT2(D809BF402BC3)	3.93	13103	 2021-05-18 17:41:20.898	1.000	0.129	-0.132	-1.709	-2.014	0.793	141.432	-79.200	-27.307	0.00	0.00	0.00	0.38953	0.65643	-0.37576	0.52545
WT1(E604078EA627)	3.89	13104	 2021-05-18 17:41:20.945	1.020	0.115	-0.015	-1.892	0.610	1.465	96.779	-84.798	123.832	0.00	0.00	0.00	0.00000	0.00000	0.00000	0.00000
WT2(D809BF402BC3)	3.93	13103	 2021-05-18 17:41:20.992	0.988	0.133	-0.143	-1.709	0.366	0.549	141.866	-79.200	-27.905	0.00	0.00	0.00	0.38953	0.65643	-0.37576	0.52545
WT1(E604078EA627)	3.89	13104	 2021-05-18 17:41:21.054	1.023	0.094	-0.017	-0.610	-0.305	-1.709	96.531	-84.688	123.931	0.00	0.00	0.00	0.00000	0.00000	0.00000	0.00000
WT2(D809BF402BC3)	3.93	13103	 2021-05-18 17:41:21.101	0.990	0.114	-0.142	-2.258	0.366	0.122	141.422	-79.294	-27.603	0.00	0.00	0.00	0.38992	0.65613	-0.37808	0.52386
WT1(E604078EA627)	3.89	13104	 2021-05-18 17:41:21.148	1.023	0.097	-0.008	-3.662	-0.061	-0.977	96.465	-84.611	123.805	0.00	0.00	0.00	0.00000	0.00000	0.00000	0.00000
WT2(D809BF402BC3)	3.93	13103	 2021-05-18 17:41:21.210	0.982	0.117	-0.162	0.122	1.587	0.000	141.323	-79.343	-27.691	0.00	0.00	0.00	0.38992	0.65613	-0.37808	0.52386
WT1(E604078EA627)	3.89	13104	 2021-05-18 17:41:21.241	1.034	0.079	-0.013	-0.244	0.488	-1.038	96.174	-84.501	124.047	0.00	0.00	0.00	0.00000	0.00000	0.00000	0.00000
WT2(D809BF402BC3)	3.93	13103	 2021-05-18 17:41:21.288	0.996	0.109	-0.151	2.563	1.038	-0.305	141.147	-79.437	-27.444	0.00	0.00	0.00	0.38992	0.65613	-0.37808	0.52386
WT1(E604078EA627)	3.89	13104	 2021-05-18 17:41:21.351	1.033	0.086	-0.011	-0.549	0.977	0.549	95.828	-84.496	124.530	0.00	0.00	0.00	0.00000	0.00000	0.00000	0.00000
WT2(D809BF402BC3)	3.93	13103	 2021-05-18 17:41:21.398	0.996	0.122	-0.148	1.343	-0.916	0.000	141.498	-79.415	-27.702	0.00	0.00	0.00	0.39130	0.65436	-0.37830	0.52493
WT1(E604078EA627)	3.89	13104	 2021-05-18 17:41:21.460	1.022	0.114	-0.018	-0.549	0.000	-0.793	95.850	-84.600	124.585	0.00	0.00	0.00	0.00000	0.00000	0.00000	0.00000
WT2(D809BF402BC3)	3.93	13103	 2021-05-18 17:41:21.491	0.994	0.103	-0.147	3.235	1.587	-1.465	141.460	-79.398	-27.592	0.00	0.00	0.00	0.39130	0.65436	-0.37830	0.52493
WT1(E604078EA627)	3.89	13104	 2021-05-18 17:41:21.554	1.024	0.089	-0.009	-0.305	-0.854	2.014	96.685	-84.507	123.948	0.00	0.00	0.00	0.00000	0.00000	0.00000	0.00000
WT2(D809BF402BC3)	3.93	13103	 2021-05-18 17:41:21.585	0.997	0.101	-0.149	-0.366	-1.709	-0.977	141.070	-79.321	-27.070	0.00	0.00	0.00	0.39017	0.65579	-0.37650	0.52527
WT1(E604078EA627)	3.89	13104	 2021-05-18 17:41:21.648	1.033	0.109	-0.013	-3.601	-0.305	2.197	97.718	-84.666	122.860	0.00	0.00	0.00	0.00000	0.00000	0.00000	0.00000
WT2(D809BF402BC3)	3.93	13103	 2021-05-18 17:41:21.694	1.000	0.106	-0.154	-2.747	-0.488	0.305	141.180	-79.178	-27.290	0.00	0.00	0.00	0.39017	0.65579	-0.37650	0.52527
WT1(E604078EA627)	3.89	13104	 2021-05-18 17:41:21.757	1.027	0.092	-0.009	-0.610	0.793	-0.061	97.630	-84.556	123.074	0.00	0.00	0.00	0.00000	0.00000	0.00000	0.00000
WT1(E604078EA627)	3.89	13104	 2021-05-18 17:41:21.866	1.025	0.096	-0.021	-1.587	0.000	0.366	97.081	-84.567	123.580	0.00	0.00	0.00	0.00000	0.00000	0.00000	0.00000
WT2(D809BF402BC3)	3.93	13103	 2021-05-18 17:41:21.882	0.993	0.110	-0.151	-1.404	-0.244	-0.122	141.048	-79.288	-27.037	0.00	0.00	0.00	0.39029	0.65619	-0.37628	0.52481
WT1(E604078EA627)	3.89	13104	 2021-05-18 17:41:21.944	1.024	0.101	-0.015	-2.197	-1.038	0.305	98.075	-84.578	122.558	0.00	0.00	0.00	0.00000	0.00000	0.00000	0.00000
WT2(D809BF402BC3)	3.93	13103	 2021-05-18 17:41:21.991	0.998	0.102	-0.152	-1.099	0.122	-1.038	140.641	-79.222	-26.653	0.00	0.00	0.00	0.39029	0.65619	-0.37628	0.52481
WT1(E604078EA627)	3.89	13104	 2021-05-18 17:41:22.069	1.024	0.099	-0.008	-0.061	-0.244	1.587	98.882	-84.600	121.756	0.00	0.00	0.00	0.00000	0.00000	0.00000	0.00000
WT2(D809BF402BC3)	3.93	13103	 2021-05-18 17:41:22.085	0.989	0.109	-0.158	1.892	0.427	-0.488	140.504	-79.167	-26.455	0.00	0.00	0.00	0.39029	0.65619	-0.37628	0.52481
WT1(E604078EA627)	3.89	13104	 2021-05-18 17:41:22.163	1.027	0.106	-0.018	-1.587	0.732	-0.671	98.481	-84.540	122.278	0.00	0.00	0.00	0.00000	0.00000	0.00000	0.00000
WT2(D809BF402BC3)	3.93	13103	 2021-05-18 17:41:22.179	0.997	0.105	-0.145	0.000	1.221	0.305	140.350	-79.255	-26.252	0.00	0.00	0.00	0.39053	0.65692	-0.37527	0.52444
WT1(E604078EA627)	3.89	13104	 2021-05-18 17:41:22.273	1.024	0.099	-0.024	0.427	-0.488	-1.770	98.525	-84.348	122.327	0.00	0.00	0.00	0.00000	0.00000	0.00000	0.00000
WT2(D809BF402BC3)	3.93	13103	 2021-05-18 17:41:22.273	0.989	0.117	-0.148	0.244	2.319	-1.038	139.504	-79.382	-25.307	0.00	0.00	0.00	0.39053	0.65692	-0.37527	0.52444
WT2(D809BF402BC3)	3.93	13103	 2021-05-18 17:41:22.366	0.990	0.137	-0.136	-1.160	-1.221	0.122	138.658	-79.371	-24.274	0.00	0.00	0.00	0.39108	0.65649	-0.37164	0.52713
WT1(E604078EA627)	3.89	13104	 2021-05-18 17:41:22.444	1.026	0.093	-0.005	3.296	-0.427	0.305	99.695	-84.210	121.377	0.00	0.00	0.00	0.00000	0.00000	0.00000	0.00000
WT2(D809BF402BC3)	3.93	13103	 2021-05-18 17:41:22.475	0.987	0.158	-0.129	-2.869	-0.671	0.610	138.724	-79.310	-24.384	0.00	0.00	0.00	0.39108	0.65649	-0.37164	0.52713
WT1(E604078EA627)	3.89	13104	 2021-05-18 17:41:22.507	1.031	0.102	-0.024	1.770	-0.244	-0.671	99.910	-84.271	121.185	0.00	0.00	0.00	0.00000	0.00000	0.00000	0.00000
WT2(D809BF402BC3)	3.93	13103	 2021-05-18 17:41:22.585	0.980	0.127	-0.135	3.906	3.235	-3.418	138.214	-79.354	-24.038	0.00	0.00	0.00	0.39108	0.65649	-0.37164	0.52713
WT1(E604078EA627)	3.89	13104	 2021-05-18 17:41:22.601	1.016	0.102	-0.029	4.578	-2.014	-3.723	100.421	-84.188	120.471	0.00	0.00	0.00	0.00000	0.00000	0.00000	0.00000
WT2(D809BF402BC3)	3.93	13103	 2021-05-18 17:41:22.679	1.004	0.121	-0.136	-1.709	-2.380	-1.465	136.983	-79.206	-22.714	0.00	0.00	0.00	0.39368	0.65668	-0.37024	0.52597
WT1(E604078EA627)	3.89	13104	 2021-05-18 17:41:22.679	1.039	0.088	-0.013	-1.648	-2.197	1.282	102.750	-84.073	118.356	0.00	0.00	0.00	0.00000	0.00000	0.00000	0.00000
WT1(E604078EA627)	3.89	13104	 2021-05-18 17:41:22.757	1.045	0.109	-0.023	1.770	0.305	1.953	103.672	-84.238	117.598	0.00	0.00	0.00	0.00000	0.00000	0.00000	0.00000
WT2(D809BF402BC3)	3.93	13103	 2021-05-18 17:41:22.772	1.004	0.147	-0.138	-2.258	-1.831	1.099	137.307	-79.036	-22.917	0.00	0.00	0.00	0.39368	0.65668	-0.37024	0.52597
WT1(E604078EA627)	3.89	13104	 2021-05-18 17:41:22.866	1.024	0.116	-0.024	3.113	-0.793	-2.930	103.414	-84.183	117.740	0.00	0.00	0.00	0.00000	0.00000	0.00000	0.00000
WT2(D809BF402BC3)	3.93	13103	 2021-05-18 17:41:22.882	0.992	0.129	-0.144	2.563	2.258	-1.282	137.357	-79.080	-23.115	0.00	0.00	0.00	0.39368	0.65668	-0.37024	0.52597
WT2(D809BF402BC3)	3.93	13103	 2021-05-18 17:41:22.991	0.982	0.105	-0.139	-0.366	-0.488	-0.610	136.978	-79.107	-22.901	0.00	0.00	0.00	0.39401	0.65714	-0.37045	0.52502
WT1(E604078EA627)	3.89	13104	 2021-05-18 17:41:22.991	1.014	0.089	-0.015	-0.488	-0.427	0.549	103.546	-84.139	117.449	0.00	0.00	0.00	0.00000	0.00000	0.00000	0.00000
WT1(E604078EA627)	3.89	13104	 2021-05-18 17:41:23.085	1.026	0.107	-0.026	-2.869	0.000	1.770	103.914	-84.227	117.010	0.00	0.00	0.00	0.00000	0.00000	0.00000	0.00000
WT2(D809BF402BC3)	3.93	13103	 2021-05-18 17:41:23.100	0.991	0.139	-0.141	-2.869	-1.343	0.671	137.104	-79.025	-23.154	0.00	0.00	0.00	0.39401	0.65714	-0.37045	0.52502
WT2(D809BF402BC3)	3.93	13103	 2021-05-18 17:41:23.179	1.001	0.133	-0.132	6.042	5.981	-10.498	135.137	-78.920	-21.033	0.00	0.00	0.00	0.39401	0.65714	-0.37045	0.52502
WT1(E604078EA627)	3.89	13104	 2021-05-18 17:41:23.225	1.018	0.129	-0.045	9.827	-10.010	-5.310	107.957	-83.859	113.181	0.00	0.00	0.00	0.00000	0.00000	0.00000	0.00000
WT2(D809BF402BC3)	3.93	13103	 2021-05-18 17:41:23.272	0.978	0.192	-0.123	-0.977	4.700	-14.526	128.628	-78.404	-14.233	0.00	0.00	0.00	0.39728	0.65759	-0.36758	0.52399
WT1(E604078EA627)	3.89	13104	 2021-05-18 17:41:23.272	1.021	0.098	-0.079	-1.526	-14.954	-2.930	116.603	-82.842	105.013	0.00	0.00	0.00	0.00000	0.00000	0.00000	0.00000
WT2(D809BF402BC3)	3.93	13103	 2021-05-18 17:41:23.381	0.984	0.180	-0.132	-3.906	1.526	-15.808	123.519	-77.250	-9.811	0.00	0.00	0.00	0.39728	0.65759	-0.36758	0.52399
WT1(E604078EA627)	3.89	13104	 2021-05-18 17:41:23.381	1.022	0.102	-0.121	1.343	-18.005	-2.136	126.568	-81.958	94.631	0.00	0.00	0.00	0.00000	0.00000	0.00000	0.00000
WT1(E604078EA627)	3.89	13104	 2021-05-18 17:41:23.491	1.016	0.113	-0.095	6.042	-15.747	-1.404	135.093	-80.750	86.188	0.00	0.00	0.00	0.00000	0.00000	0.00000	0.00000
WT2(D809BF402BC3)	3.93	13103	 2021-05-18 17:41:23.569	0.960	0.252	-0.119	0.305	1.221	-15.503	115.593	-74.509	-2.197	0.00	0.00	0.00	0.42572	0.66354	-0.34460	0.50958
WT1(E604078EA627)	3.89	13104	 2021-05-18 17:41:23.585	1.013	0.126	-0.107	2.625	-11.292	-0.183	140.911	-79.634	80.673	0.00	0.00	0.00	0.00000	0.00000	0.00000	0.00000
WT2(D809BF402BC3)	3.93	13103	 2021-05-18 17:41:23.663	0.989	0.251	-0.115	5.859	3.113	-14.160	113.445	-73.356	0.093	0.00	0.00	0.00	0.42572	0.66354	-0.34460	0.50958
WT1(E604078EA627)	3.89	13104	 2021-05-18 17:41:23.730	1.026	0.127	-0.166	8.423	-13.000	-2.136	144.822	-78.613	77.289	0.00	0.00	0.00	0.00000	0.00000	0.00000	0.00000
WT2(D809BF402BC3)	3.93	13103	 2021-05-18 17:41:23.768	0.980	0.278	-0.102	3.113	4.761	-9.521	111.050	-72.438	2.703	0.00	0.00	0.00	0.44180	0.67206	-0.32318	0.49863
WT1(E604078EA627)	3.89	13104	 2021-05-18 17:41:23.800	1.020	0.117	-0.179	4.211	-9.338	-3.418	146.305	-77.624	76.311	0.00	0.00	0.00	0.00000	0.00000	0.00000	0.00000
WT2(D809BF402BC3)	3.93	13103	 2021-05-18 17:41:23.862	0.953	0.305	-0.097	-0.244	4.089	-10.376	108.896	-71.713	4.636	0.00	0.00	0.00	0.44180	0.67206	-0.32318	0.49863
WT1(E604078EA627)	3.89	13104	 2021-05-18 17:41:23.894	1.005	0.113	-0.209	2.197	-10.315	-3.540	147.508	-76.663	75.146	0.00	0.00	0.00	0.00000	0.00000	0.00000	0.00000
WT1(E604078EA627)	3.89	13104	 2021-05-18 17:41:24.018	0.992	0.136	-0.251	-2.563	-11.841	-0.793	149.453	-75.580	72.735	0.00	0.00	0.00	0.00000	0.00000	0.00000	0.00000
WT2(D809BF402BC3)	3.93	13103	 2021-05-18 17:41:24.065	0.947	0.358	-0.094	-6.042	1.038	-14.771	104.974	-69.439	7.004	0.00	0.00	0.00	0.46106	0.67191	-0.31042	0.48947
WT1(E604078EA627)	3.89	13104	 2021-05-18 17:41:24.081	0.995	0.125	-0.268	-3.235	-15.564	-0.366	151.870	-74.147	69.868	0.00	0.00	0.00	0.00000	0.00000	0.00000	0.00000
WT2(D809BF402BC3)	3.93	13103	 2021-05-18 17:41:24.159	0.933	0.366	-0.098	-2.380	2.441	-18.127	103.184	-67.885	7.949	0.00	0.00	0.00	0.46106	0.67191	-0.31042	0.48947
WT1(E604078EA627)	3.89	13104	 2021-05-18 17:41:24.206	0.980	0.118	-0.260	3.845	-18.433	-2.808	154.314	-72.515	67.231	0.00	0.00	0.00	0.00000	0.00000	0.00000	0.00000
WT2(D809BF402BC3)	3.93	13103	 2021-05-18 17:41:24.253	0.899	0.391	-0.105	-4.272	0.244	-18.127	101.805	-66.165	8.707	0.00	0.00	0.00	0.49295	0.67422	-0.29477	0.46420
WT1(E604078EA627)	3.89	13104	 2021-05-18 17:41:24.284	0.993	0.106	-0.309	3.906	-16.479	0.427	156.879	-70.988	64.495	0.00	0.00	0.00	0.00000	0.00000	0.00000	0.00000
WT2(D809BF402BC3)	3.93	13103	 2021-05-18 17:41:24.362	0.929	0.408	-0.081	2.014	1.404	-17.517	101.135	-64.435	9.190	0.00	0.00	0.00	0.49295	0.67422	-0.29477	0.46420
WT1(E604078EA627)	3.89	13104	 2021-05-18 17:41:24.393	0.964	0.139	-0.310	4.517	-13.550	-1.343	159.208	-69.527	62.573	0.00	0.00	0.00	0.00000	0.00000	0.00000	0.00000
WT2(D809BF402BC3)	3.93	13103	 2021-05-18 17:41:24.456	0.901	0.445	-0.074	3.357	1.038	-13.000	100.481	-63.045	9.800	0.00	0.00	0.00	0.50543	0.67966	-0.28192	0.45062
WT1(E604078EA627)	3.89	13104	 2021-05-18 17:41:24.487	0.963	0.129	-0.337	4.822	-12.390	2.563	160.840	-68.406	61.315	0.00	0.00	0.00	0.00000	0.00000	0.00000	0.00000
WT2(D809BF402BC3)	3.93	13103	 2021-05-18 17:41:24.565	0.899	0.463	-0.080	-2.075	-0.488	-14.038	100.118	-61.820	9.761	0.00	0.00	0.00	0.50543	0.67966	-0.28192	0.45062
WT1(E604078EA627)	3.89	13104	 2021-05-18 17:41:24.596	0.948	0.150	-0.364	0.549	-10.315	-0.916	162.081	-67.308	59.941	0.00	0.00	0.00	0.00000	0.00000	0.00000	0.00000
WT2(D809BF402BC3)	3.93	13103	 2021-05-18 17:41:24.643	0.884	0.490	-0.076	-1.404	3.174	-13.306	99.278	-60.579	10.042	0.00	0.00	0.00	0.52292	0.68402	-0.26804	0.43216
WT1(E604078EA627)	3.89	13104	 2021-05-18 17:41:24.706	0.945	0.122	-0.437	2.808	-14.771	-3.418	162.653	-65.912	59.321	0.00	0.00	0.00	0.00000	0.00000	0.00000	0.00000
WT2(D809BF402BC3)	3.93	13103	 2021-05-18 17:41:24.753	0.873	0.504	-0.074	-2.197	2.747	-14.648	98.069	-59.194	10.646	0.00	0.00	0.00	0.52292	0.68402	-0.26804	0.43216
WT1(E604078EA627)	3.89	13104	 2021-05-18 17:41:24.831	0.920	0.115	-0.427	-1.526	-17.212	0.000	163.246	-64.385	58.502	0.00	0.00	0.00	0.00000	0.00000	0.00000	0.00000
WT2(D809BF402BC3)	3.93	13103	 2021-05-18 17:41:24.846	0.838	0.525	-0.081	-5.127	0.549	-14.526	97.103	-57.706	10.618	0.00	0.00	0.00	0.54327	0.68326	-0.25748	0.41434
WT1(E604078EA627)	3.89	13104	 2021-05-18 17:41:24.909	0.914	0.119	-0.435	3.052	-14.404	-1.404	163.987	-62.985	57.376	0.00	0.00	0.00	0.00000	0.00000	0.00000	0.00000
WT2(D809BF402BC3)	3.93	13103	 2021-05-18 17:41:24.956	0.839	0.552	-0.069	-1.099	0.793	-13.306	96.575	-56.376	10.497	0.00	0.00	0.00	0.54327	0.68326	-0.25748	0.41434
WT1(E604078EA627)	3.89	13104	 2021-05-18 17:41:25.003	0.909	0.118	-0.479	4.028	-15.442	2.014	164.916	-61.760	56.354	0.00	0.00	0.00	0.00000	0.00000	0.00000	0.00000
WT2(D809BF402BC3)	3.93	13103	 2021-05-18 17:41:25.049	0.836	0.562	-0.061	4.333	1.709	-15.930	96.367	-54.998	10.256	0.00	0.00	0.00	0.54327	0.68326	-0.25748	0.41434
WT1(E604078EA627)	3.89	13104	 2021-05-18 17:41:25.096	0.899	0.119	-0.491	7.141	-14.893	0.854	166.278	-60.370	55.300	0.00	0.00	0.00	0.00000	0.00000	0.00000	0.00000
WT2(D809BF402BC3)	3.93	13103	 2021-05-18 17:41:25.159	0.814	0.585	-0.062	2.380	0.732	-16.541	96.312	-53.427	10.162	0.00	0.00	0.00	0.56354	0.68927	-0.24008	0.38684
WT1(E604078EA627)	3.89	13104	 2021-05-18 17:41:25.206	0.876	0.127	-0.493	7.019	-15.564	2.258	167.602	-58.865	54.250	0.00	0.00	0.00	0.00000	0.00000	0.00000	0.00000
WT2(D809BF402BC3)	3.93	13103	 2021-05-18 17:41:25.253	0.798	0.614	-0.069	0.000	0.732	-14.404	96.152	-51.817	9.937	0.00	0.00	0.00	0.56354	0.68927	-0.24008	0.38684
WT2(D809BF402BC3)	3.93	13103	 2021-05-18 17:41:25.346	0.790	0.652	-0.060	1.038	5.615	-16.541	95.680	-50.416	10.025	0.00	0.00	0.00	0.56354	0.68927	-0.24008	0.38684
WT1(E604078EA627)	3.89	13104	 2021-05-18 17:41:25.346	0.889	0.125	-0.562	3.906	-13.184	-3.540	168.338	-57.513	53.602	0.00	0.00	0.00	0.00000	0.00000	0.00000	0.00000
WT1(E604078EA627)	3.89	13104	 2021-05-18 17:41:25.424	0.833	0.119	-0.533	-0.122	-10.925	-2.563	168.459	-56.096	53.580	0.00	0.00	0.00	0.00000	0.00000	0.00000	0.00000
WT2(D809BF402BC3)	3.93	13103	 2021-05-18 17:41:25.440	0.772	0.635	-0.047	-5.188	1.404	-10.193	94.856	-49.257	10.031	0.00	0.00	0.00	0.58447	0.69193	-0.22247	0.36069
WT1(E604078EA627)	3.89	13104	 2021-05-18 17:41:25.518	0.837	0.110	-0.577	-0.122	-11.292	2.502	168.646	-54.981	52.828	0.00	0.00	0.00	0.00000	0.00000	0.00000	0.00000
WT2(D809BF402BC3)	3.93	13103	 2021-05-18 17:41:25.534	0.744	0.657	-0.058	0.183	0.671	-12.329	94.515	-48.120	9.454	0.00	0.00	0.00	0.58447	0.69193	-0.22247	0.36069
WT2(D809BF402BC3)	3.93	13103	 2021-05-18 17:41:25.643	0.756	0.650	-0.066	1.343	-0.610	-0.854	94.493	-47.681	8.915	0.00	0.00	0.00	0.58447	0.69193	-0.22247	0.36069
WT1(E604078EA627)	3.89	13104	 2021-05-18 17:41:25.643	0.835	0.102	-0.574	-0.671	-3.906	-1.892	169.069	-54.250	52.344	0.00	0.00	0.00	0.00000	0.00000	0.00000	0.00000
WT2(D809BF402BC3)	3.93	13103	 2021-05-18 17:41:25.752	0.696	0.663	-0.076	4.578	-1.038	9.094	95.004	-47.911	8.119	0.00	0.00	0.00	0.59491	0.69153	-0.22498	0.34235
WT1(E604078EA627)	3.89	13104	 2021-05-18 17:41:25.768	0.830	0.080	-0.546	4.028	2.808	2.197	169.332	-54.393	51.998	0.00	0.00	0.00	0.00000	0.00000	0.00000	0.00000
WT1(E604078EA627)	3.89	13104	 2021-05-18 17:41:25.815	0.840	0.107	-0.543	-4.272	18.738	7.751	169.618	-55.904	51.465	0.00	0.00	0.00	0.00000	0.00000	0.00000	0.00000
WT2(D809BF402BC3)	3.93	13103	 2021-05-18 17:41:25.830	0.808	0.616	-0.080	3.113	-6.287	16.968	96.114	-49.466	6.493	0.00	0.00	0.00	0.59491	0.69153	-0.22498	0.34235
WT2(D809BF402BC3)	3.93	13103	 2021-05-18 17:41:25.940	0.802	0.626	-0.038	5.920	2.075	15.991	97.037	-50.993	5.641	0.00	0.00	0.00	0.59491	0.69153	-0.22498	0.34235
WT1(E604078EA627)	3.89	13104	 2021-05-18 17:41:25.955	0.855	0.147	-0.518	2.441	18.860	-0.305	169.673	-57.579	51.251	0.00	0.00	0.00	0.00000	0.00000	0.00000	0.00000
WT2(D809BF402BC3)	3.93	13103	 2021-05-18 17:41:26.049	0.835	0.588	-0.104	-1.465	-3.540	21.667	97.493	-53.097	4.911	0.00	0.00	0.00	0.57550	0.68503	-0.26401	0.36020
WT1(E604078EA627)	3.89	13104	 2021-05-18 17:41:26.065	0.896	0.094	-0.484	-1.221	16.724	1.099	168.530	-59.496	52.289	0.00	0.00	0.00	0.00000	0.00000	0.00000	0.00000
WT1(E604078EA627)	3.89	13104	 2021-05-18 17:41:26.143	0.878	0.132	-0.509	-4.395	18.188	-3.540	167.531	-61.221	52.773	0.00	0.00	0.00	0.00000	0.00000	0.00000	0.00000
WT2(D809BF402BC3)	3.93	13103	 2021-05-18 17:41:26.143	0.797	0.595	-0.095	0.793	1.404	18.494	97.855	-54.800	4.147	0.00	0.00	0.00	0.57550	0.68503	-0.26401	0.36020
WT2(D809BF402BC3)	3.93	13103	 2021-05-18 17:41:26.252	0.818	0.553	-0.083	-0.122	0.854	11.780	98.097	-56.492	3.483	0.00	0.00	0.00	0.57550	0.68503	-0.26401	0.36020
WT1(E604078EA627)	3.89	13104	 2021-05-18 17:41:26.299	0.928	0.096	-0.523	-6.836	15.381	-2.075	165.998	-62.820	53.784	0.00	0.00	0.00	0.00000	0.00000	0.00000	0.00000
WT2(D809BF402BC3)	3.93	13103	 2021-05-18 17:41:26.346	0.817	0.558	-0.099	0.000	-0.427	14.771	98.492	-57.799	2.845	0.00	0.00	0.00	0.56607	0.67426	-0.29019	0.37506
WT1(E604078EA627)	3.89	13104	 2021-05-18 17:41:26.346	0.908	0.096	-0.448	-1.160	13.245	3.052	165.141	-64.006	54.360	0.00	0.00	0.00	0.00000	0.00000	0.00000	0.00000
WT2(D809BF402BC3)	3.93	13103	 2021-05-18 17:41:26.440	0.869	0.502	-0.082	3.784	0.366	7.019	99.047	-58.986	2.208	0.00	0.00	0.00	0.56607	0.67426	-0.29019	0.37506
WT1(E604078EA627)	3.89	13104	 2021-05-18 17:41:26.487	0.944	0.104	-0.472	-0.305	10.315	-0.366	164.279	-65.215	54.833	0.00	0.00	0.00	0.00000	0.00000	0.00000	0.00000
WT2(D809BF402BC3)	3.93	13103	 2021-05-18 17:41:26.518	0.873	0.504	-0.085	6.348	-1.648	11.475	99.871	-59.963	1.719	0.00	0.00	0.00	0.55206	0.66763	-0.31134	0.39047
WT1(E604078EA627)	3.89	13104	 2021-05-18 17:41:26.549	0.940	0.103	-0.380	3.967	11.475	0.732	163.960	-66.182	55.415	0.00	0.00	0.00	0.00000	0.00000	0.00000	0.00000
WT1(E604078EA627)	3.89	13104	 2021-05-18 17:41:26.627	0.978	0.123	-0.363	0.000	14.771	4.272	163.911	-67.538	55.706	0.00	0.00	0.00	0.00000	0.00000	0.00000	0.00000
WT2(D809BF402BC3)	3.93	13103	 2021-05-18 17:41:26.643	0.912	0.489	-0.089	4.272	-3.967	13.977	101.288	-61.117	0.703	0.00	0.00	0.00	0.55206	0.66763	-0.31134	0.39047
WT2(D809BF402BC3)	3.93	13103	 2021-05-18 17:41:26.737	0.901	0.438	-0.095	2.075	0.610	17.639	102.508	-62.803	-0.489	0.00	0.00	0.00	0.54001	0.66672	-0.32309	0.39929
WT1(E604078EA627)	3.89	13104	 2021-05-18 17:41:26.768	0.953	0.141	-0.340	-1.892	17.700	0.000	162.751	-69.258	56.646	0.00	0.00	0.00	0.00000	0.00000	0.00000	0.00000
WT2(D809BF402BC3)	3.93	13103	 2021-05-18 17:41:26.846	0.886	0.426	-0.109	2.136	2.197	15.503	103.112	-64.446	-0.775	0.00	0.00	0.00	0.54001	0.66672	-0.32309	0.39929
WT1(E604078EA627)	3.89	13104	 2021-05-18 17:41:26.877	0.964	0.084	-0.327	-1.343	15.198	-1.160	160.323	-70.703	59.128	0.00	0.00	0.00	0.00000	0.00000	0.00000	0.00000
WT1(E604078EA627)	3.89	13104	 2021-05-18 17:41:26.924	0.974	0.104	-0.314	-3.418	12.512	1.160	159.099	-72.048	60.073	0.00	0.00	0.00	0.00000	0.00000	0.00000	0.00000
WT2(D809BF402BC3)	3.93	13103	 2021-05-18 17:41:26.955	0.895	0.407	-0.132	-0.305	-1.709	12.695	104.161	-65.814	-1.813	0.00	0.00	0.00	0.54001	0.66672	-0.32309	0.39929
WT2(D809BF402BC3)	3.93	13103	 2021-05-18 17:41:27.018	0.933	0.378	-0.110	-0.854	-1.160	11.353	105.573	-67.039	-3.235	0.00	0.00	0.00	0.52237	0.65680	-0.34473	0.42056
WT1(E604078EA627)	3.89	13104	 2021-05-18 17:41:27.049	0.985	0.125	-0.241	-2.441	10.254	4.456	157.896	-73.334	60.996	0.00	0.00	0.00	0.00000	0.00000	0.00000	0.00000
WT2(D809BF402BC3)	3.93	13103	 2021-05-18 17:41:27.127	0.951	0.351	-0.109	2.747	1.465	13.489	106.573	-68.297	-3.911	0.00	0.00	0.00	0.52237	0.65680	-0.34473	0.42056
WT1(E604078EA627)	3.89	13104	 2021-05-18 17:41:27.127	1.003	0.107	-0.247	0.122	13.672	-1.587	155.495	-74.504	63.474	0.00	0.00	0.00	0.00000	0.00000	0.00000	0.00000
WT2(D809BF402BC3)	3.93	13103	 2021-05-18 17:41:27.252	0.936	0.329	-0.130	0.610	-1.404	16.479	108.204	-69.933	-5.251	0.00	0.00	0.00	0.50748	0.65070	-0.35956	0.43555
WT1(E604078EA627)	3.89	13104	 2021-05-18 17:41:27.314	0.989	0.120	-0.212	-3.357	16.479	1.953	152.391	-76.113	66.478	0.00	0.00	0.00	0.00000	0.00000	0.00000	0.00000
WT2(D809BF402BC3)	3.93	13103	 2021-05-18 17:41:27.314	0.928	0.314	-0.130	2.319	-0.244	14.343	110.473	-71.417	-7.224	0.00	0.00	0.00	0.50748	0.65070	-0.35956	0.43555
WT1(E604078EA627)	3.89	13104	 2021-05-18 17:41:27.330	0.999	0.121	-0.187	-1.099	15.808	0.488	149.310	-77.580	69.450	0.00	0.00	0.00	0.00000	0.00000	0.00000	0.00000
WT2(D809BF402BC3)	3.93	13103	 2021-05-18 17:41:27.424	0.964	0.272	-0.105	-0.061	-2.991	16.296	112.665	-72.669	-8.981	0.00	0.00	0.00	0.50748	0.65070	-0.35956	0.43555
WT1(E604078EA627)	3.89	13104	 2021-05-18 17:41:27.471	1.021	0.101	-0.192	-2.197	12.573	4.028	145.844	-78.805	72.949	0.00	0.00	0.00	0.00000	0.00000	0.00000	0.00000
WT2(D809BF402BC3)	3.93	13103	 2021-05-18 17:41:27.518	0.987	0.250	-0.124	2.441	-1.709	9.583	115.356	-73.685	-11.316	0.00	0.00	0.00	0.48099	0.64206	-0.38220	0.45856
WT1(E604078EA627)	3.89	13104	 2021-05-18 17:41:27.533	1.017	0.135	-0.153	0.366	8.728	0.366	143.267	-79.832	75.493	0.00	0.00	0.00	0.00000	0.00000	0.00000	0.00000
WT2(D809BF402BC3)	3.93	13103	 2021-05-18 17:41:27.618	0.979	0.240	-0.115	1.038	0.000	17.029	117.669	-74.905	-13.222	0.00	0.00	0.00	0.48099	0.64206	-0.38220	0.45856
WT1(E604078EA627)	3.89	13104	 2021-05-18 17:41:27.681	1.021	0.120	-0.115	-4.028	18.188	-0.977	136.599	-80.997	82.178	0.00	0.00	0.00	0.00000	0.00000	0.00000	0.00000
WT2(D809BF402BC3)	3.93	13103	 2021-05-18 17:41:27.728	0.977	0.238	-0.118	0.610	-0.244	17.639	120.970	-76.306	-16.018	0.00	0.00	0.00	0.48099	0.64206	-0.38220	0.45856
WT1(E604078EA627)	3.89	13104	 2021-05-18 17:41:27.743	1.037	0.104	-0.101	-7.019	19.775	0.061	127.903	-82.051	90.835	0.00	0.00	0.00	0.00000	0.00000	0.00000	0.00000
WT2(D809BF402BC3)	3.93	13103	 2021-05-18 17:41:27.821	0.989	0.180	-0.120	1.160	-0.244	13.855	125.283	-77.690	-20.034	0.00	0.00	0.00	0.45477	0.63309	-0.40042	0.48166
WT1(E604078EA627)	3.89	13104	 2021-05-18 17:41:27.868	1.004	0.106	-0.101	-2.075	11.169	0.732	118.630	-82.848	99.910	0.00	0.00	0.00	0.00000	0.00000	0.00000	0.00000
WT2(D809BF402BC3)	3.93	13103	 2021-05-18 17:41:27.915	0.980	0.143	-0.135	-3.601	-2.563	13.184	129.463	-78.629	-24.071	0.00	0.00	0.00	0.45477	0.63309	-0.40042	0.48166
WT1(E604078EA627)	3.89	13104	 2021-05-18 17:41:27.931	1.022	0.105	-0.053	-4.089	10.864	1.160	109.429	-83.458	108.726	0.00	0.00	0.00	0.00000	0.00000	0.00000	0.00000
WT2(D809BF402BC3)	3.93	13103	 2021-05-18 17:41:28.009	0.982	0.151	-0.132	-2.563	-3.113	11.780	133.978	-79.239	-28.191	0.00	0.00	0.00	0.45477	0.63309	-0.40042	0.48166
WT1(E604078EA627)	3.89	13104	 2021-05-18 17:41:28.040	1.035	0.111	0.000	-2.136	15.320	2.380	100.272	-83.963	117.850	0.00	0.00	0.00	0.00000	0.00000	0.00000	0.00000
WT2(D809BF402BC3)	3.93	13103	 2021-05-18 17:41:28.118	1.001	0.121	-0.138	4.639	0.305	5.554	139.334	-79.876	-32.827	0.00	0.00	0.00	0.43277	0.62646	-0.41589	0.49722
WT1(E604078EA627)	3.89	13104	 2021-05-18 17:41:28.149	1.025	0.125	-0.040	5.188	7.019	-1.404	92.686	-84.089	125.815	0.00	0.00	0.00	0.00000	0.00000	0.00000	0.00000
WT2(D809BF402BC3)	3.93	13103	 2021-05-18 17:41:28.227	0.997	0.125	-0.125	0.916	1.038	0.977	140.422	-80.178	-33.184	0.00	0.00	0.00	0.43277	0.62646	-0.41589	0.49722
WT1(E604078EA627)	3.89	13104	 2021-05-18 17:41:28.259	1.025	0.111	-0.054	1.526	-0.671	-0.732	91.840	-83.958	126.881	0.00	0.00	0.00	0.00000	0.00000	0.00000	0.00000
WT1(E604078EA627)	3.89	13104	 2021-05-18 17:41:28.352	1.029	0.108	-0.014	-2.014	-5.615	0.610	96.564	-83.974	121.992	0.00	0.00	0.00	0.00000	0.00000	0.00000	0.00000
WT2(D809BF402BC3)	3.93	13103	 2021-05-18 17:41:28.431	0.994	0.108	-0.140	0.000	-0.122	-3.296	137.148	-79.667	-29.537	0.00	0.00	0.00	0.42178	0.62927	-0.41138	0.50674
WT1(E604078EA627)	3.89	13104	 2021-05-18 17:41:28.446	1.033	0.104	0.005	-0.244	-1.160	0.061	99.690	-83.969	118.905	0.00	0.00	0.00	0.00000	0.00000	0.00000	0.00000
WT2(D809BF402BC3)	3.93	13103	 2021-05-18 17:41:28.509	0.995	0.121	-0.136	1.648	0.854	1.343	136.912	-79.607	-28.806	0.00	0.00	0.00	0.42178	0.62927	-0.41138	0.50674
WT1(E604078EA627)	3.89	13104	 2021-05-18 17:41:28.556	1.028	0.109	-0.009	1.099	2.563	-1.160	98.339	-83.952	120.526	0.00	0.00	0.00	0.00000	0.00000	0.00000	0.00000
WT2(D809BF402BC3)	3.93	13103	 2021-05-18 17:41:28.602	0.995	0.125	-0.133	3.784	1.648	1.831	137.494	-79.838	-28.757	0.00	0.00	0.00	0.42087	0.63376	-0.40506	0.50702
WT1(E604078EA627)	3.89	13104	 2021-05-18 17:41:28.681	1.024	0.104	-0.019	-0.854	1.831	0.854	96.059	-83.886	123.091	0.00	0.00	0.00	0.00000	0.00000	0.00000	0.00000
WT2(D809BF402BC3)	3.93	13103	 2021-05-18 17:41:28.696	0.995	0.112	-0.133	1.648	0.000	0.183	138.159	-79.942	-28.993	0.00	0.00	0.00	0.42087	0.63376	-0.40506	0.50702
WT1(E604078EA627)	3.89	13104	 2021-05-18 17:41:28.743	1.018	0.112	-0.019	-2.502	-0.427	1.221	95.883	-83.941	123.387	0.00	0.00	0.00	0.00000	0.00000	0.00000	0.00000
WT2(D809BF402BC3)	3.93	13103	 2021-05-18 17:41:28.805	0.991	0.108	-0.137	1.099	-0.061	-1.343	138.104	-79.871	-28.636	0.00	0.00	0.00	0.41464	0.63605	-0.40060	0.51279
WT1(E604078EA627)	3.89	13104	 2021-05-18 17:41:28.868	1.028	0.112	-0.015	-3.540	-0.427	1.465	96.757	-83.963	122.547	0.00	0.00	0.00	0.00000	0.00000	0.00000	0.00000
WT2(D809BF402BC3)	3.93	13103	 2021-05-18 17:41:28.915	0.998	0.110	-0.140	0.977	0.977	-0.183	137.840	-79.827	-28.152	0.00	0.00	0.00	0.41464	0.63605	-0.40060	0.51279
WT1(E604078EA627)	3.89	13104	 2021-05-18 17:41:29.009	1.034	0.114	-0.013	-1.953	0.977	-0.488	96.487	-83.875	122.888	0.00	0.00	0.00	0.00000	0.00000	0.00000	0.00000
WT1(E604078EA627)	3.89	13104	 2021-05-18 17:41:29.071	1.027	0.112	-0.013	1.038	1.831	-0.732	95.219	-83.727	124.288	0.00	0.00	0.00	0.00000	0.00000	0.00000	0.00000
WT2(D809BF402BC3)	3.93	13103	 2021-05-18 17:41:29.118	0.996	0.110	-0.128	-0.061	1.465	1.648	137.648	-80.189	-27.285	0.00	0.00	0.00	0.41196	0.63818	-0.39618	0.51572
WT1(E604078EA627)	3.89	13104	 2021-05-18 17:41:29.149	1.024	0.109	-0.014	-0.427	0.854	-0.732	93.999	-83.617	125.596	0.00	0.00	0.00	0.00000	0.00000	0.00000	0.00000
WT2(D809BF402BC3)	3.93	13103	 2021-05-18 17:41:29.196	0.993	0.112	-0.132	-1.282	0.061	0.671	137.823	-80.305	-27.230	0.00	0.00	0.00	0.40930	0.63837	-0.39362	0.51956
WT1(E604078EA627)	3.89	13104	 2021-05-18 17:41:29.274	1.028	0.108	-0.014	1.465	-0.366	-0.366	94.065	-83.606	125.574	0.00	0.00	0.00	0.00000	0.00000	0.00000	0.00000
WT2(D809BF402BC3)	3.93	13103	 2021-05-18 17:41:29.305	0.993	0.112	-0.132	-0.977	-0.732	-0.366	137.703	-80.266	-26.840	0.00	0.00	0.00	0.40930	0.63837	-0.39362	0.51956
WT1(E604078EA627)	3.89	13104	 2021-05-18 17:41:29.368	1.026	0.106	-0.013	0.671	-0.732	0.977	94.823	-83.688	124.865	0.00	0.00	0.00	0.00000	0.00000	0.00000	0.00000
WT2(D809BF402BC3)	3.93	13103	 2021-05-18 17:41:29.415	0.997	0.112	-0.133	0.305	-0.916	-0.793	137.708	-80.140	-26.587	0.00	0.00	0.00	0.40930	0.63837	-0.39362	0.51956
WT1(E604078EA627)	3.89	13104	 2021-05-18 17:41:29.477	1.029	0.115	-0.009	0.488	0.305	1.404	95.284	-83.804	124.552	0.00	0.00	0.00	0.00000	0.00000	0.00000	0.00000
WT2(D809BF402BC3)	3.93	13103	 2021-05-18 17:41:29.509	0.997	0.111	-0.134	3.235	0.000	0.000	138.049	-80.057	-26.592	0.00	0.00	0.00	0.40930	0.63837	-0.39362	0.51956
WT1(E604078EA627)	3.89	13104	 2021-05-18 17:41:29.555	1.025	0.126	-0.018	3.174	0.671	-0.732	95.048	-83.804	125.140	0.00	0.00	0.00	0.00000	0.00000	0.00000	0.00000
WT2(D809BF402BC3)	3.93	13103	 2021-05-18 17:41:29.602	0.997	0.118	-0.123	2.319	0.427	0.000	137.994	-80.101	-26.038	0.00	0.00	0.00	0.40439	0.64313	-0.38809	0.52173
WT2(D809BF402BC3)	3.93	13103	 2021-05-18 17:41:29.712	0.990	0.119	-0.125	1.648	-0.061	-1.282	137.785	-80.074	-25.499	0.00	0.00	0.00	0.40439	0.64313	-0.38809	0.52173
WT1(E604078EA627)	3.89	13104	 2021-05-18 17:41:29.712	1.027	0.107	-0.018	0.977	-0.305	-0.244	95.197	-83.771	125.167	0.00	0.00	0.00	0.00000	0.00000	0.00000	0.00000
