设备名称	电压	版本	片上时间	加速度X(g)	加速度Y(g)	加速度Z(g)	角速度X(°/s)	角速度Y(°/s)	角速度Z(°/s)	角度X(°)	角度Y(°)	角度Z(°)	磁场X	磁场Y	磁场Z	四元数0	四元数1	四元数2	四元数3	状态
WT2(D809BF402BC3)	3.93	13103	 2021-05-18 17:42:42.744	0.996	0.111	-0.148	0.061	-1.831	-2.808	136.631	-78.909	-18.342	0.00	0.00	0.00	0.37405	0.67035	-0.34402	0.54068
WT1(E604078EA627)	3.89	13104	 2021-05-18 17:42:42.791	1.038	0.092	-0.021	-0.305	-1.404	2.441	104.392	-84.045	119.592	0.00	0.00	0.00	0.00000	0.00000	0.00000	0.00000
WT1(E604078EA627)	3.89	13104	 2021-05-18 17:42:42.791	1.019	0.120	-0.042	-10.315	1.038	0.549	106.155	-84.210	117.493	0.00	0.00	0.00	0.00000	0.00000	0.00000	0.00000
WT2(D809BF402BC3)	3.93	13103	 2021-05-18 17:42:42.838	1.000	0.109	-0.137	4.822	0.793	-4.822	136.522	-78.777	-18.638	0.00	0.00	0.00	0.37793	0.67023	-0.34836	0.53531
WT1(E604078EA627)	3.89	13104	 2021-05-18 17:42:42.900	1.030	0.087	-0.028	-3.723	-0.305	-0.122	107.551	-84.150	115.906	0.00	0.00	0.00	0.00000	0.00000	0.00000	0.00000
WT2(D809BF402BC3)	3.93	13103	 2021-05-18 17:42:42.916	0.987	0.124	-0.141	4.395	0.000	-1.465	136.099	-78.690	-18.232	0.00	0.00	0.00	0.37793	0.67023	-0.34836	0.53531
WT1(E604078EA627)	3.89	13104	 2021-05-18 17:42:42.978	1.030	0.113	-0.053	-1.526	0.671	-0.549	107.095	-84.199	116.428	0.00	0.00	0.00	0.00000	0.00000	0.00000	0.00000
WT2(D809BF402BC3)	3.93	13103	 2021-05-18 17:42:43.025	0.998	0.120	-0.142	-3.540	0.000	-0.244	136.143	-78.701	-18.463	0.00	0.00	0.00	0.37793	0.67023	-0.34836	0.53531
WT2(D809BF402BC3)	3.93	13103	 2021-05-18 17:42:43.135	0.995	0.159	-0.135	-6.165	-2.502	2.380	135.857	-78.569	-18.314	0.00	0.00	0.00	0.37952	0.67010	-0.34857	0.53424
WT1(E604078EA627)	3.89	13104	 2021-05-18 17:42:43.213	1.022	0.107	0.000	-1.160	-0.122	-0.244	108.699	-84.139	114.736	0.00	0.00	0.00	0.00000	0.00000	0.00000	0.00000
WT2(D809BF402BC3)	3.93	13103	 2021-05-18 17:42:43.213	1.011	0.125	-0.134	-3.845	-0.244	0.793	135.851	-78.497	-18.408	0.00	0.00	0.00	0.37952	0.67010	-0.34857	0.53424
WT1(E604078EA627)	3.89	13104	 2021-05-18 17:42:43.244	1.040	0.105	-0.035	-2.686	0.427	-2.319	109.226	-84.227	114.060	0.00	0.00	0.00	0.00000	0.00000	0.00000	0.00000
WT1(E604078EA627)	3.89	13104	 2021-05-18 17:42:43.291	1.033	0.098	-0.039	-0.183	1.770	-3.784	108.633	-84.128	114.741	0.00	0.00	0.00	0.00000	0.00000	0.00000	0.00000
WT2(D809BF402BC3)	3.93	13103	 2021-05-18 17:42:43.322	0.993	0.142	-0.141	-0.854	2.075	1.282	135.533	-78.624	-17.957	0.00	0.00	0.00	0.37952	0.67010	-0.34857	0.53424
WT2(D809BF402BC3)	3.93	13103	 2021-05-18 17:42:43.416	0.991	0.148	-0.142	-6.042	-0.610	1.892	135.044	-78.668	-17.501	0.00	0.00	0.00	0.38034	0.67004	-0.34760	0.53433
WT1(E604078EA627)	3.89	13104	 2021-05-18 17:42:43.416	1.029	0.099	-0.030	-1.282	0.427	-0.366	108.380	-83.979	115.082	0.00	0.00	0.00	0.00000	0.00000	0.00000	0.00000
WT1(E604078EA627)	3.89	13104	 2021-05-18 17:42:43.494	1.024	0.111	-0.005	1.953	0.427	-1.038	109.160	-83.996	114.406	0.00	0.00	0.00	0.00000	0.00000	0.00000	0.00000
WT2(D809BF402BC3)	3.93	13103	 2021-05-18 17:42:43.525	0.999	0.159	-0.134	-5.249	-1.770	2.747	135.038	-78.596	-17.375	0.00	0.00	0.00	0.38034	0.67004	-0.34760	0.53433
WT2(D809BF402BC3)	3.93	13103	 2021-05-18 17:42:43.619	0.997	0.156	-0.128	1.953	0.000	-1.160	135.159	-78.503	-17.325	0.00	0.00	0.00	0.38034	0.67004	-0.34760	0.53433
WT1(E604078EA627)	3.89	13104	 2021-05-18 17:42:43.634	1.028	0.101	-0.031	5.371	-1.648	-0.977	109.688	-84.095	113.868	0.00	0.00	0.00	0.00000	0.00000	0.00000	0.00000
WT1(E604078EA627)	3.89	13104	 2021-05-18 17:42:43.713	1.032	0.106	-0.050	1.526	2.380	-1.892	108.408	-84.084	115.329	0.00	0.00	0.00	0.00000	0.00000	0.00000	0.00000
WT1(E604078EA627)	3.89	13104	 2021-05-18 17:42:43.806	1.023	0.113	-0.039	-1.587	0.122	-1.404	107.880	-84.056	115.681	0.00	0.00	0.00	0.00000	0.00000	0.00000	0.00000
WT2(D809BF402BC3)	3.93	13103	 2021-05-18 17:42:43.822	0.987	0.153	-0.137	-2.869	0.427	0.122	135.472	-78.701	-17.836	0.00	0.00	0.00	0.37921	0.67084	-0.34677	0.53470
WT1(E604078EA627)	3.89	13104	 2021-05-18 17:42:43.915	1.032	0.107	0.003	0.244	-1.709	0.366	109.786	-83.930	113.665	0.00	0.00	0.00	0.00000	0.00000	0.00000	0.00000
WT2(D809BF402BC3)	3.93	13103	 2021-05-18 17:42:43.931	0.988	0.148	-0.144	-5.981	-0.671	1.648	134.583	-78.596	-17.144	0.00	0.00	0.00	0.37921	0.67084	-0.34677	0.53470
WT1(E604078EA627)	3.89	13104	 2021-05-18 17:42:44.009	1.028	0.084	-0.031	2.747	-0.244	-2.197	109.600	-83.837	113.791	0.00	0.00	0.00	0.00000	0.00000	0.00000	0.00000
WT2(D809BF402BC3)	3.93	13103	 2021-05-18 17:42:44.119	1.003	0.151	-0.130	3.418	-1.099	-2.808	134.236	-78.497	-16.727	0.00	0.00	0.00	0.38287	0.66913	-0.34805	0.53339
WT1(E604078EA627)	3.89	13104	 2021-05-18 17:42:44.134	1.035	0.077	-0.042	5.432	-2.197	-1.648	110.786	-83.853	112.648	0.00	0.00	0.00	0.00000	0.00000	0.00000	0.00000
WT2(D809BF402BC3)	3.93	13103	 2021-05-18 17:42:44.212	0.985	0.145	-0.144	-1.038	-4.028	0.854	135.324	-78.294	-17.985	0.00	0.00	0.00	0.38287	0.66913	-0.34805	0.53339
WT1(E604078EA627)	3.89	13104	 2021-05-18 17:42:44.244	1.044	0.098	-0.032	-0.427	0.000	6.592	111.747	-84.227	111.550	0.00	0.00	0.00	0.00000	0.00000	0.00000	0.00000
WT2(D809BF402BC3)	3.93	13103	 2021-05-18 17:42:44.322	0.982	0.158	-0.160	1.587	-0.061	-2.014	136.016	-78.146	-18.842	0.00	0.00	0.00	0.38226	0.67120	-0.35004	0.52988
WT1(E604078EA627)	3.89	13104	 2021-05-18 17:42:44.322	1.024	0.114	-0.049	2.197	-1.709	1.709	112.467	-84.391	110.682	0.00	0.00	0.00	0.00000	0.00000	0.00000	0.00000
WT2(D809BF402BC3)	3.93	13103	 2021-05-18 17:42:44.400	0.977	0.144	-0.149	4.822	1.526	-3.662	135.154	-78.074	-18.083	0.00	0.00	0.00	0.38226	0.67120	-0.35004	0.52988
WT1(E604078EA627)	3.89	13104	 2021-05-18 17:42:44.400	1.017	0.107	-0.030	5.920	-2.930	-0.793	114.022	-84.227	109.045	0.00	0.00	0.00	0.00000	0.00000	0.00000	0.00000
WT2(D809BF402BC3)	3.93	13103	 2021-05-18 17:42:44.509	0.992	0.163	-0.148	0.610	-1.038	-1.282	134.747	-77.964	-17.792	0.00	0.00	0.00	0.38226	0.67120	-0.35004	0.52988
WT2(D809BF402BC3)	3.93	13103	 2021-05-18 17:42:44.603	0.987	0.123	-0.162	1.099	-2.258	-1.953	135.324	-77.750	-18.452	0.00	0.00	0.00	0.38519	0.67239	-0.35092	0.52563
WT2(D809BF402BC3)	3.93	13103	 2021-05-18 17:42:44.712	0.994	0.137	-0.165	4.028	-3.235	-1.587	135.961	-77.459	-19.012	0.00	0.00	0.00	0.38519	0.67239	-0.35092	0.52563
WT1(E604078EA627)	3.89	13104	 2021-05-18 17:42:44.775	1.040	0.079	-0.048	-0.488	-0.854	1.831	114.813	-84.188	108.210	0.00	0.00	0.00	0.00000	0.00000	0.00000	0.00000
WT1(E604078EA627)	3.89	13104	 2021-05-18 17:42:44.775	1.017	0.094	-0.040	2.869	-2.686	2.258	116.790	-84.413	106.144	0.00	0.00	0.00	0.00000	0.00000	0.00000	0.00000
WT2(D809BF402BC3)	3.93	13103	 2021-05-18 17:42:44.806	0.992	0.162	-0.165	-0.427	-2.991	1.892	137.148	-77.190	-20.116	0.00	0.00	0.00	0.38519	0.67239	-0.35092	0.52563
WT2(D809BF402BC3)	3.93	13103	 2021-05-18 17:42:44.900	0.967	0.147	-0.164	-7.263	-2.197	3.662	137.802	-77.108	-21.050	0.00	0.00	0.00	0.38220	0.67664	-0.35211	0.52158
WT1(E604078EA627)	3.89	13104	 2021-05-18 17:42:44.947	1.035	0.092	-0.041	4.211	0.183	2.441	119.048	-84.661	103.980	0.00	0.00	0.00	0.00000	0.00000	0.00000	0.00000
WT1(E604078EA627)	3.89	13104	 2021-05-18 17:42:44.962	1.027	0.099	-0.067	-1.709	2.258	1.038	120.317	-85.007	102.816	0.00	0.00	0.00	0.00000	0.00000	0.00000	0.00000
WT2(D809BF402BC3)	3.93	13103	 2021-05-18 17:42:45.009	0.978	0.131	-0.160	-5.981	-0.977	2.319	138.235	-77.168	-21.846	0.00	0.00	0.00	0.38220	0.67664	-0.35211	0.52158
WT2(D809BF402BC3)	3.93	13103	 2021-05-18 17:42:45.087	0.978	0.182	-0.175	-3.906	-2.258	1.343	138.488	-77.124	-22.214	0.00	0.00	0.00	0.38406	0.67496	-0.35742	0.51877
WT1(E604078EA627)	3.89	13104	 2021-05-18 17:42:45.103	1.006	0.069	-0.064	-4.700	1.282	0.488	120.207	-85.144	102.629	0.00	0.00	0.00	0.00000	0.00000	0.00000	0.00000
WT1(E604078EA627)	3.89	13104	 2021-05-18 17:42:45.103	1.005	0.066	-0.061	-1.648	-0.061	2.014	119.295	-85.182	103.189	0.00	0.00	0.00	0.00000	0.00000	0.00000	0.00000
WT1(E604078EA627)	3.89	13104	 2021-05-18 17:42:45.134	1.026	0.068	-0.080	-5.981	-0.061	2.075	119.762	-85.243	102.618	0.00	0.00	0.00	0.00000	0.00000	0.00000	0.00000
WT2(D809BF402BC3)	3.93	13103	 2021-05-18 17:42:45.197	0.984	0.170	-0.170	-3.296	-3.601	-3.540	138.367	-76.718	-22.363	0.00	0.00	0.00	0.38406	0.67496	-0.35742	0.51877
WT2(D809BF402BC3)	3.93	13103	 2021-05-18 17:42:45.306	0.999	0.152	-0.180	0.366	-3.418	-0.488	138.510	-76.284	-22.544	0.00	0.00	0.00	0.38406	0.67496	-0.35742	0.51877
WT1(E604078EA627)	3.89	13104	 2021-05-18 17:42:45.306	1.035	0.068	-0.023	-4.822	-2.563	4.272	126.052	-85.320	96.136	0.00	0.00	0.00	0.00000	0.00000	0.00000	0.00000
WT2(D809BF402BC3)	3.93	13103	 2021-05-18 17:42:45.400	0.988	0.147	-0.177	2.380	0.183	3.601	139.944	-76.339	-23.676	0.00	0.00	0.00	0.38510	0.67917	-0.35843	0.51178
WT2(D809BF402BC3)	3.93	13103	 2021-05-18 17:42:45.509	0.953	0.157	-0.186	4.272	3.479	-1.831	139.636	-76.553	-23.187	0.00	0.00	0.00	0.38510	0.67917	-0.35843	0.51178
WT2(D809BF402BC3)	3.93	13103	 2021-05-18 17:42:45.587	0.973	0.161	-0.176	-3.540	-2.747	0.549	139.147	-76.498	-22.896	0.00	0.00	0.00	0.38284	0.67856	-0.35684	0.51538
WT2(D809BF402BC3)	3.93	13103	 2021-05-18 17:42:45.696	0.998	0.123	-0.197	0.244	-1.038	-6.470	138.955	-76.113	-22.852	0.00	0.00	0.00	0.38284	0.67856	-0.35684	0.51538
WT2(D809BF402BC3)	3.93	13103	 2021-05-18 17:42:45.821	0.985	0.172	-0.191	0.977	2.686	-16.785	134.489	-75.256	-18.100	0.00	0.00	0.00	0.38284	0.67856	-0.35684	0.51538
WT2(D809BF402BC3)	3.93	13103	 2021-05-18 17:42:45.884	0.959	0.243	-0.176	-0.977	0.244	-19.653	129.166	-73.894	-12.777	0.00	0.00	0.00	0.38284	0.67856	-0.35684	0.51538
WT2(D809BF402BC3)	3.93	13103	 2021-05-18 17:42:45.993	0.973	0.247	-0.182	-2.563	-3.845	-16.968	125.876	-72.323	-9.739	0.00	0.00	0.00	0.40295	0.68921	-0.33551	0.50000
WT2(D809BF402BC3)	3.93	13103	 2021-05-18 17:42:46.087	0.961	0.244	-0.185	3.113	0.122	-15.137	123.975	-70.983	-8.064	0.00	0.00	0.00	0.40295	0.68921	-0.33551	0.50000
WT1(E604078EA627)	3.89	13104	 2021-05-18 17:42:46.118	1.040	0.067	-0.010	1.282	0.549	4.700	130.325	-85.523	91.972	0.00	0.00	0.00	0.00000	0.00000	0.00000	0.00000
WT1(E604078EA627)	3.89	13104	 2021-05-18 17:42:46.118	1.028	0.087	-0.069	2.319	1.892	-1.160	127.211	-85.754	95.405	0.00	0.00	0.00	0.00000	0.00000	0.00000	0.00000
WT1(E604078EA627)	3.89	13104	 2021-05-18 17:42:46.118	1.020	0.039	-0.060	0.122	-0.671	-4.883	125.266	-85.479	97.509	0.00	0.00	0.00	0.00000	0.00000	0.00000	0.00000
WT1(E604078EA627)	3.89	13104	 2021-05-18 17:42:46.134	1.027	0.054	-0.070	2.136	-2.869	5.066	128.210	-85.556	94.389	0.00	0.00	0.00	0.00000	0.00000	0.00000	0.00000
WT1(E604078EA627)	3.89	13104	 2021-05-18 17:42:46.134	1.032	0.076	-0.119	11.963	-11.841	-2.197	135.489	-85.276	87.204	0.00	0.00	0.00	0.00000	0.00000	0.00000	0.00000
WT1(E604078EA627)	3.89	13104	 2021-05-18 17:42:46.134	1.028	0.070	-0.103	9.399	-18.311	-3.601	145.530	-83.842	77.673	0.00	0.00	0.00	0.00000	0.00000	0.00000	0.00000
WT1(E604078EA627)	3.89	13104	 2021-05-18 17:42:46.134	1.036	0.041	-0.103	0.671	-18.616	0.732	154.039	-82.211	69.307	0.00	0.00	0.00	0.00000	0.00000	0.00000	0.00000
WT1(E604078EA627)	3.89	13104	 2021-05-18 17:42:46.134	1.031	0.063	-0.163	4.639	-13.977	-1.648	164.416	-79.629	59.326	0.00	0.00	0.00	0.00000	0.00000	0.00000	0.00000
WT2(D809BF402BC3)	3.93	13103	 2021-05-18 17:42:46.196	0.946	0.275	-0.182	-2.563	3.662	-11.047	121.514	-69.966	-5.740	0.00	0.00	0.00	0.41904	0.69876	-0.32056	0.48306
WT1(E604078EA627)	3.89	13104	 2021-05-18 17:42:46.274	0.996	0.052	-0.199	5.554	-12.512	-3.357	164.910	-78.393	59.052	0.00	0.00	0.00	0.00000	0.00000	0.00000	0.00000
WT2(D809BF402BC3)	3.93	13103	 2021-05-18 17:42:46.306	0.920	0.333	-0.177	0.427	3.967	-15.869	118.735	-68.978	-2.944	0.00	0.00	0.00	0.41904	0.69876	-0.32056	0.48306
WT2(D809BF402BC3)	3.93	13103	 2021-05-18 17:42:46.384	0.940	0.336	-0.175	1.831	-1.648	-15.625	116.697	-67.709	-1.198	0.00	0.00	0.00	0.41904	0.69876	-0.32056	0.48306
WT1(E604078EA627)	3.89	13104	 2021-05-18 17:42:46.415	1.006	0.031	-0.220	4.456	-13.855	-0.732	165.773	-76.882	58.552	0.00	0.00	0.00	0.00000	0.00000	0.00000	0.00000
WT1(E604078EA627)	3.89	13104	 2021-05-18 17:42:46.431	1.000	0.066	-0.274	4.700	-15.381	2.380	168.558	-75.515	55.964	0.00	0.00	0.00	0.00000	0.00000	0.00000	0.00000
WT2(D809BF402BC3)	3.93	13103	 2021-05-18 17:42:46.493	0.943	0.342	-0.182	-1.587	-0.366	-18.127	115.280	-66.127	-0.198	0.00	0.00	0.00	0.44165	0.70447	-0.29868	0.46841
WT1(E604078EA627)	3.89	13104	 2021-05-18 17:42:46.540	1.006	0.050	-0.261	3.967	-16.479	-1.343	170.409	-73.834	54.190	0.00	0.00	0.00	0.00000	0.00000	0.00000	0.00000
WT2(D809BF402BC3)	3.93	13103	 2021-05-18 17:42:46.571	0.933	0.379	-0.177	-1.709	0.610	-16.968	113.604	-64.578	1.137	0.00	0.00	0.00	0.44165	0.70447	-0.29868	0.46841
WT1(E604078EA627)	3.89	13104	 2021-05-18 17:42:46.634	0.993	0.030	-0.293	1.160	-14.343	-3.357	171.211	-72.285	53.553	0.00	0.00	0.00	0.00000	0.00000	0.00000	0.00000
WT2(D809BF402BC3)	3.93	13103	 2021-05-18 17:42:46.680	0.902	0.385	-0.180	-1.160	1.831	-15.076	111.956	-63.265	2.373	0.00	0.00	0.00	0.46054	0.71082	-0.28342	0.44971
WT1(E604078EA627)	3.89	13104	 2021-05-18 17:42:46.759	0.962	0.044	-0.339	3.601	-13.123	-0.732	171.848	-70.900	53.086	0.00	0.00	0.00	0.00000	0.00000	0.00000	0.00000
WT2(D809BF402BC3)	3.93	13103	 2021-05-18 17:42:46.790	0.883	0.425	-0.169	2.197	2.319	-15.198	110.638	-61.963	3.461	0.00	0.00	0.00	0.46054	0.71082	-0.28342	0.44971
WT1(E604078EA627)	3.89	13104	 2021-05-18 17:42:46.837	0.975	0.026	-0.375	2.258	-13.855	1.038	172.628	-69.560	52.498	0.00	0.00	0.00	0.00000	0.00000	0.00000	0.00000
WT2(D809BF402BC3)	3.93	13103	 2021-05-18 17:42:46.884	0.881	0.469	-0.184	4.028	1.404	-15.503	109.698	-60.639	4.043	0.00	0.00	0.00	0.47781	0.71429	-0.26892	0.43484
WT1(E604078EA627)	3.89	13104	 2021-05-18 17:42:46.946	0.956	0.040	-0.410	3.113	-15.381	-0.916	173.540	-68.148	51.707	0.00	0.00	0.00	0.00000	0.00000	0.00000	0.00000
WT2(D809BF402BC3)	3.93	13103	 2021-05-18 17:42:46.977	0.873	0.497	-0.160	4.028	3.296	-17.883	108.627	-59.183	4.708	0.00	0.00	0.00	0.47781	0.71429	-0.26892	0.43484
WT2(D809BF402BC3)	3.93	13103	 2021-05-18 17:42:47.071	0.847	0.505	-0.164	2.502	4.639	-13.916	107.364	-57.925	5.499	0.00	0.00	0.00	0.47781	0.71429	-0.26892	0.43484
WT1(E604078EA627)	3.89	13104	 2021-05-18 17:42:47.087	0.948	0.050	-0.389	2.747	-13.855	-1.099	173.870	-66.632	51.531	0.00	0.00	0.00	0.00000	0.00000	0.00000	0.00000
WT1(E604078EA627)	3.89	13104	 2021-05-18 17:42:47.165	0.935	0.037	-0.408	2.075	-13.672	-2.075	173.947	-65.325	51.636	0.00	0.00	0.00	0.00000	0.00000	0.00000	0.00000
WT2(D809BF402BC3)	3.93	13103	 2021-05-18 17:42:47.180	0.840	0.522	-0.153	-4.822	-0.244	-10.681	106.331	-56.744	5.911	0.00	0.00	0.00	0.49957	0.71799	-0.25195	0.41397
WT1(E604078EA627)	3.89	13104	 2021-05-18 17:42:47.243	0.916	0.045	-0.438	7.629	-16.357	-0.549	174.803	-63.979	50.625	0.00	0.00	0.00	0.00000	0.00000	0.00000	0.00000
WT2(D809BF402BC3)	3.93	13103	 2021-05-18 17:42:47.274	0.846	0.550	-0.141	-3.357	-2.319	-17.578	105.815	-55.239	5.845	0.00	0.00	0.00	0.49957	0.71799	-0.25195	0.41397
WT1(E604078EA627)	3.89	13104	 2021-05-18 17:42:47.368	0.929	0.041	-0.470	5.249	-15.930	-3.662	175.671	-62.314	49.708	0.00	0.00	0.00	0.00000	0.00000	0.00000	0.00000
WT2(D809BF402BC3)	3.93	13103	 2021-05-18 17:42:47.368	0.822	0.609	-0.146	-1.770	0.793	-16.174	105.112	-53.597	5.916	0.00	0.00	0.00	0.52203	0.72174	-0.23798	0.38718
WT1(E604078EA627)	3.89	13104	 2021-05-18 17:42:47.446	0.897	0.043	-0.482	5.188	-17.456	-2.502	176.045	-60.710	49.224	0.00	0.00	0.00	0.00000	0.00000	0.00000	0.00000
WT2(D809BF402BC3)	3.93	13103	 2021-05-18 17:42:47.477	0.798	0.606	-0.159	-2.686	2.014	-13.062	104.211	-52.108	6.031	0.00	0.00	0.00	0.52203	0.72174	-0.23798	0.38718
WT1(E604078EA627)	3.89	13104	 2021-05-18 17:42:47.555	0.870	0.041	-0.496	2.808	-12.451	1.160	176.138	-59.458	48.917	0.00	0.00	0.00	0.00000	0.00000	0.00000	0.00000
WT1(E604078EA627)	3.89	13104	 2021-05-18 17:42:47.649	0.867	0.027	-0.538	3.784	-14.709	0.671	176.594	-58.090	48.483	0.00	0.00	0.00	0.00000	0.00000	0.00000	0.00000
WT2(D809BF402BC3)	3.93	13103	 2021-05-18 17:42:47.668	0.771	0.620	-0.150	1.221	0.793	-15.381	103.030	-49.559	5.817	0.00	0.00	0.00	0.54077	0.72177	-0.22919	0.36612
WT1(E604078EA627)	3.89	13104	 2021-05-18 17:42:47.746	0.870	0.022	-0.576	4.150	-15.808	2.808	177.325	-56.602	47.780	0.00	0.00	0.00	0.00000	0.00000	0.00000	0.00000
WT2(D809BF402BC3)	3.93	13103	 2021-05-18 17:42:47.761	0.759	0.646	-0.156	0.977	-0.916	-17.761	102.728	-47.999	5.581	0.00	0.00	0.00	0.54077	0.72177	-0.22919	0.36612
WT1(E604078EA627)	3.89	13104	 2021-05-18 17:42:47.855	0.850	0.021	-0.560	0.427	-17.029	-0.183	178.044	-54.910	47.087	0.00	0.00	0.00	0.00000	0.00000	0.00000	0.00000
WT2(D809BF402BC3)	3.93	13103	 2021-05-18 17:42:47.871	0.744	0.681	-0.123	-4.639	-0.916	-14.404	102.305	-46.324	5.213	0.00	0.00	0.00	0.55594	0.72583	-0.21722	0.34186
WT1(E604078EA627)	3.89	13104	 2021-05-18 17:42:47.965	0.832	0.012	-0.614	2.563	-17.822	-2.869	178.347	-53.273	46.813	0.00	0.00	0.00	0.00000	0.00000	0.00000	0.00000
WT2(D809BF402BC3)	3.93	13103	 2021-05-18 17:42:47.980	0.713	0.715	-0.143	-1.160	3.540	-17.517	101.744	-44.681	5.262	0.00	0.00	0.00	0.55594	0.72583	-0.21722	0.34186
WT1(E604078EA627)	3.89	13104	 2021-05-18 17:42:48.074	0.828	-0.010	-0.612	4.272	-12.756	-2.991	178.341	-51.877	46.868	0.00	0.00	0.00	0.00000	0.00000	0.00000	0.00000
WT1(E604078EA627)	3.89	13104	 2021-05-18 17:42:48.152	0.782	0.015	-0.546	-0.305	-5.920	-1.526	178.605	-50.817	46.401	0.00	0.00	0.00	0.00000	0.00000	0.00000	0.00000
WT2(D809BF402BC3)	3.93	13103	 2021-05-18 17:42:48.168	0.656	0.712	-0.139	-1.587	0.366	-6.470	100.745	-42.347	4.812	0.00	0.00	0.00	0.57654	0.72763	-0.20142	0.31232
WT2(D809BF402BC3)	3.93	13103	 2021-05-18 17:42:48.277	0.683	0.705	-0.164	5.981	-2.808	2.136	101.074	-42.413	3.741	0.00	0.00	0.00	0.57654	0.72763	-0.20142	0.31232
WT1(E604078EA627)	3.89	13104	 2021-05-18 17:42:48.277	0.793	0.000	-0.636	5.066	4.028	2.197	178.890	-50.993	45.692	0.00	0.00	0.00	0.00000	0.00000	0.00000	0.00000
WT2(D809BF402BC3)	3.93	13103	 2021-05-18 17:42:48.371	0.687	0.689	-0.144	-4.761	-3.418	18.738	101.591	-42.940	2.494	0.00	0.00	0.00	0.58200	0.72763	-0.20868	0.29706
WT1(E604078EA627)	3.89	13104	 2021-05-18 17:42:48.386	0.810	0.039	-0.505	-10.071	18.250	-1.160	179.308	-51.691	44.978	0.00	0.00	0.00	0.00000	0.00000	0.00000	0.00000
WT1(E604078EA627)	3.89	13104	 2021-05-18 17:42:48.464	0.866	-0.015	-0.694	-3.845	29.297	0.061	178.396	-54.668	44.879	0.00	0.00	0.00	0.00000	0.00000	0.00000	0.00000
WT2(D809BF402BC3)	3.93	13103	 2021-05-18 17:42:48.464	0.769	0.654	-0.168	3.845	-3.418	28.198	102.354	-45.753	0.753	0.00	0.00	0.00	0.58200	0.72763	-0.20868	0.29706
WT1(E604078EA627)	3.89	13104	 2021-05-18 17:42:48.558	0.845	0.019	-0.554	-2.197	9.277	-1.221	178.511	-56.080	44.506	0.00	0.00	0.00	0.00000	0.00000	0.00000	0.00000
WT2(D809BF402BC3)	3.93	13103	 2021-05-18 17:42:48.668	0.743	0.673	-0.165	2.136	0.061	15.869	103.541	-48.873	-1.214	0.00	0.00	0.00	0.56912	0.71780	-0.25079	0.31287
WT1(E604078EA627)	3.89	13104	 2021-05-18 17:42:48.683	0.842	0.026	-0.576	-1.770	15.442	2.991	177.742	-57.717	44.681	0.00	0.00	0.00	0.00000	0.00000	0.00000	0.00000
WT2(D809BF402BC3)	3.93	13103	 2021-05-18 17:42:48.761	0.768	0.617	-0.179	-1.221	0.000	16.418	103.969	-50.257	-2.186	0.00	0.00	0.00	0.56912	0.71780	-0.25079	0.31287
WT1(E604078EA627)	3.89	13104	 2021-05-18 17:42:48.777	0.875	0.028	-0.490	-5.310	15.808	-2.563	177.231	-59.101	44.643	0.00	0.00	0.00	0.00000	0.00000	0.00000	0.00000
WT2(D809BF402BC3)	3.93	13103	 2021-05-18 17:42:48.855	0.788	0.603	-0.188	6.409	0.000	14.465	104.777	-51.817	-3.115	0.00	0.00	0.00	0.55933	0.70511	-0.28461	0.33002
WT1(E604078EA627)	3.89	13104	 2021-05-18 17:42:48.886	0.888	0.019	-0.505	2.258	17.151	-0.122	176.918	-60.710	44.797	0.00	0.00	0.00	0.00000	0.00000	0.00000	0.00000
WT2(D809BF402BC3)	3.93	13103	 2021-05-18 17:42:48.964	0.814	0.541	-0.145	-2.930	-0.549	15.930	105.282	-53.350	-4.032	0.00	0.00	0.00	0.55933	0.70511	-0.28461	0.33002
WT1(E604078EA627)	3.89	13104	 2021-05-18 17:42:48.980	0.895	0.018	-0.539	-1.282	12.878	0.671	176.193	-62.155	44.945	0.00	0.00	0.00	0.00000	0.00000	0.00000	0.00000
WT2(D809BF402BC3)	3.93	13103	 2021-05-18 17:42:49.058	0.817	0.637	-0.122	5.859	-1.465	7.568	106.095	-53.959	-4.318	0.00	0.00	0.00	0.55219	0.69995	-0.29889	0.34024
WT1(E604078EA627)	3.89	13104	 2021-05-18 17:42:49.074	0.936	0.043	-0.429	-6.042	12.756	4.272	176.688	-62.957	44.885	0.00	0.00	0.00	0.00000	0.00000	0.00000	0.00000
WT2(D809BF402BC3)	3.93	13103	 2021-05-18 17:42:49.152	0.871	0.549	-0.166	3.113	-4.211	21.423	107.479	-55.668	-6.103	0.00	0.00	0.00	0.55219	0.69995	-0.29889	0.34024
WT1(E604078EA627)	3.89	13104	 2021-05-18 17:42:49.199	0.942	0.049	-0.470	-3.540	21.240	3.723	176.671	-65.017	44.363	0.00	0.00	0.00	0.00000	0.00000	0.00000	0.00000
WT2(D809BF402BC3)	3.93	13103	 2021-05-18 17:42:49.245	0.868	0.495	-0.173	0.427	3.723	17.883	108.474	-57.601	-7.202	0.00	0.00	0.00	0.53595	0.69223	-0.32526	0.35736
WT1(E604078EA627)	3.89	13104	 2021-05-18 17:42:49.292	0.932	0.028	-0.402	-4.333	17.273	-3.845	175.139	-66.797	45.571	0.00	0.00	0.00	0.00000	0.00000	0.00000	0.00000
WT2(D809BF402BC3)	3.93	13103	 2021-05-18 17:42:49.355	0.832	0.500	-0.171	2.502	2.930	11.841	108.693	-59.106	-7.388	0.00	0.00	0.00	0.53595	0.69223	-0.32526	0.35736
WT1(E604078EA627)	3.89	13104	 2021-05-18 17:42:49.371	0.939	0.007	-0.380	-1.892	12.939	-2.319	173.787	-68.049	46.736	0.00	0.00	0.00	0.00000	0.00000	0.00000	0.00000
WT2(D809BF402BC3)	3.93	13103	 2021-05-18 17:42:49.464	0.860	0.466	-0.174	2.136	-5.798	14.221	110.039	-60.326	-8.855	0.00	0.00	0.00	0.53595	0.69223	-0.32526	0.35736
WT1(E604078EA627)	3.89	13104	 2021-05-18 17:42:49.480	0.949	0.031	-0.362	-1.160	14.954	5.371	174.413	-69.521	45.725	0.00	0.00	0.00	0.00000	0.00000	0.00000	0.00000
WT1(E604078EA627)	3.89	13104	 2021-05-18 17:42:49.620	0.969	0.064	-0.356	-3.845	14.038	4.822	175.386	-71.016	44.209	0.00	0.00	0.00	0.00000	0.00000	0.00000	0.00000
WT2(D809BF402BC3)	3.93	13103	 2021-05-18 17:42:49.652	0.909	0.435	-0.195	-0.916	0.244	14.099	113.736	-62.617	-12.673	0.00	0.00	0.00	0.51849	0.68222	-0.35355	0.37512
WT1(E604078EA627)	3.89	13104	 2021-05-18 17:42:49.699	0.988	0.033	-0.329	-1.648	12.756	-3.357	174.402	-72.296	45.077	0.00	0.00	0.00	0.00000	0.00000	0.00000	0.00000
WT2(D809BF402BC3)	3.93	13103	 2021-05-18 17:42:49.745	0.914	0.385	-0.175	-4.333	0.244	19.531	114.554	-64.050	-13.348	0.00	0.00	0.00	0.51849	0.68222	-0.35355	0.37512
WT2(D809BF402BC3)	3.93	13103	 2021-05-18 17:42:49.855	0.925	0.355	-0.168	-2.380	-1.282	18.494	116.208	-65.792	-14.974	0.00	0.00	0.00	0.50064	0.66998	-0.37637	0.39847
WT1(E604078EA627)	3.89	13104	 2021-05-18 17:42:49.855	0.964	0.038	-0.263	-3.052	16.235	1.221	172.518	-73.894	46.747	0.00	0.00	0.00	0.00000	0.00000	0.00000	0.00000
WT1(E604078EA627)	3.89	13104	 2021-05-18 17:42:49.886	0.996	0.030	-0.279	-3.357	12.756	0.122	171.024	-75.608	47.840	0.00	0.00	0.00	0.00000	0.00000	0.00000	0.00000
WT2(D809BF402BC3)	3.93	13103	 2021-05-18 17:42:49.933	0.928	0.359	-0.186	-2.563	-1.709	14.099	118.010	-66.973	-16.529	0.00	0.00	0.00	0.50064	0.66998	-0.37637	0.39847
WT1(E604078EA627)	3.89	13104	 2021-05-18 17:42:49.995	0.988	0.041	-0.214	-5.615	14.893	1.099	170.233	-76.893	48.494	0.00	0.00	0.00	0.00000	0.00000	0.00000	0.00000
WT2(D809BF402BC3)	3.93	13103	 2021-05-18 17:42:50.042	0.934	0.330	-0.195	2.319	-2.563	18.921	120.427	-68.340	-18.721	0.00	0.00	0.00	0.50064	0.66998	-0.37637	0.39847
WT2(D809BF402BC3)	3.93	13103	 2021-05-18 17:42:50.136	0.946	0.310	-0.185	1.160	-1.221	13.794	123.008	-69.390	-20.869	0.00	0.00	0.00	0.47711	0.66168	-0.39743	0.42020
WT1(E604078EA627)	3.89	13104	 2021-05-18 17:42:50.167	1.007	0.059	-0.245	-0.122	12.329	3.113	169.645	-78.530	49.021	0.00	0.00	0.00	0.00000	0.00000	0.00000	0.00000
WT1(E604078EA627)	3.89	13104	 2021-05-18 17:42:50.183	1.014	0.054	-0.141	-5.493	18.799	0.244	168.179	-79.948	50.405	0.00	0.00	0.00	0.00000	0.00000	0.00000	0.00000
WT2(D809BF402BC3)	3.93	13103	 2021-05-18 17:42:50.245	0.967	0.264	-0.199	2.747	-0.244	15.686	125.986	-70.779	-23.456	0.00	0.00	0.00	0.47711	0.66168	-0.39743	0.42020
WT1(E604078EA627)	3.89	13104	 2021-05-18 17:42:50.339	1.010	0.062	-0.148	-5.920	17.578	-3.418	164.971	-81.546	53.613	0.00	0.00	0.00	0.00000	0.00000	0.00000	0.00000
WT2(D809BF402BC3)	3.93	13103	 2021-05-18 17:42:50.339	0.969	0.222	-0.196	2.502	1.465	14.465	128.787	-72.153	-25.779	0.00	0.00	0.00	0.47711	0.66168	-0.39743	0.42020
WT1(E604078EA627)	3.89	13104	 2021-05-18 17:42:50.417	1.030	0.043	-0.118	-3.113	15.198	-1.404	159.911	-82.952	58.749	0.00	0.00	0.00	0.00000	0.00000	0.00000	0.00000
WT2(D809BF402BC3)	3.93	13103	 2021-05-18 17:42:50.433	0.966	0.218	-0.196	-0.977	-0.305	17.212	131.929	-73.361	-28.444	0.00	0.00	0.00	0.45581	0.65292	-0.41171	0.44315
WT2(D809BF402BC3)	3.93	13103	 2021-05-18 17:42:50.542	0.983	0.189	-0.196	-2.258	-0.977	14.954	135.676	-74.399	-32.036	0.00	0.00	0.00	0.45581	0.65292	-0.41171	0.44315
WT1(E604078EA627)	3.89	13104	 2021-05-18 17:42:50.558	1.024	0.046	-0.107	-6.958	14.771	1.221	153.836	-84.337	64.567	0.00	0.00	0.00	0.00000	0.00000	0.00000	0.00000
WT2(D809BF402BC3)	3.93	13103	 2021-05-18 17:42:50.683	0.993	0.139	-0.213	0.000	-1.465	12.573	140.037	-75.295	-35.947	0.00	0.00	0.00	0.44077	0.64529	-0.42426	0.45749
WT2(D809BF402BC3)	3.93	13103	 2021-05-18 17:42:50.729	0.958	0.182	-0.186	-8.179	1.282	1.587	140.647	-75.498	-35.826	0.00	0.00	0.00	0.44077	0.64529	-0.42426	0.45749
WT2(D809BF402BC3)	3.93	13103	 2021-05-18 17:42:50.839	0.975	0.166	-0.185	-6.348	-1.831	0.854	139.702	-75.460	-34.299	0.00	0.00	0.00	0.44077	0.64529	-0.42426	0.45749
WT2(D809BF402BC3)	3.93	13103	 2021-05-18 17:42:50.933	0.987	0.173	-0.191	-7.019	-3.784	0.671	139.730	-75.174	-34.036	0.00	0.00	0.00	0.42923	0.64795	-0.41992	0.46854
WT1(E604078EA627)	3.89	13104	 2021-05-18 17:42:50.964	1.042	0.039	-0.059	-4.272	14.648	-0.366	145.646	-85.545	72.466	0.00	0.00	0.00	0.00000	0.00000	0.00000	0.00000
WT1(E604078EA627)	3.89	13104	 2021-05-18 17:42:50.979	1.032	0.060	-0.125	8.667	-0.122	-1.709	139.845	-86.171	78.475	0.00	0.00	0.00	0.00000	0.00000	0.00000	0.00000
WT1(E604078EA627)	3.89	13104	 2021-05-18 17:42:50.995	1.003	0.053	-0.032	8.606	-3.845	-2.014	139.922	-85.875	78.646	0.00	0.00	0.00	0.00000	0.00000	0.00000	0.00000
WT1(E604078EA627)	3.89	13104	 2021-05-18 17:42:50.995	1.025	0.051	-0.073	1.282	-1.709	1.343	142.712	-85.836	75.888	0.00	0.00	0.00	0.00000	0.00000	0.00000	0.00000
WT1(E604078EA627)	3.89	13104	 2021-05-18 17:42:50.995	1.025	0.056	-0.049	5.920	-2.197	-1.953	145.937	-85.853	72.680	0.00	0.00	0.00	0.00000	0.00000	0.00000	0.00000
WT2(D809BF402BC3)	3.93	13103	 2021-05-18 17:42:51.026	0.987	0.182	-0.196	-3.479	0.732	1.221	139.702	-75.053	-33.492	0.00	0.00	0.00	0.42923	0.64795	-0.41992	0.46854
WT1(E604078EA627)	3.89	13104	 2021-05-18 17:42:51.120	1.037	0.042	-0.061	7.385	-0.549	-5.432	143.443	-85.726	75.580	0.00	0.00	0.00	0.00000	0.00000	0.00000	0.00000
WT2(D809BF402BC3)	3.93	13103	 2021-05-18 17:42:51.136	0.977	0.177	-0.197	-1.221	2.197	1.709	139.180	-75.251	-32.250	0.00	0.00	0.00	0.42426	0.65396	-0.41077	0.47281
WT2(D809BF402BC3)	3.93	13103	 2021-05-18 17:42:51.229	0.961	0.193	-0.197	3.418	0.000	1.831	139.504	-75.405	-31.849	0.00	0.00	0.00	0.42426	0.65396	-0.41077	0.47281
WT2(D809BF402BC3)	3.93	13103	 2021-05-18 17:42:51.339	0.968	0.183	-0.196	9.033	1.099	-2.075	140.273	-75.493	-31.926	0.00	0.00	0.00	0.42426	0.65396	-0.41077	0.47281
WT2(D809BF402BC3)	3.93	13103	 2021-05-18 17:42:51.432	0.976	0.174	-0.188	8.484	1.770	-2.136	140.021	-75.526	-30.998	0.00	0.00	0.00	0.41440	0.65976	-0.40060	0.48215
WT1(E604078EA627)	3.89	13104	 2021-05-18 17:42:51.495	1.042	0.028	-0.040	7.141	0.549	-0.244	141.042	-85.737	78.415	0.00	0.00	0.00	0.00000	0.00000	0.00000	0.00000
WT2(D809BF402BC3)	3.93	13103	 2021-05-18 17:42:51.526	0.975	0.194	-0.196	4.639	0.977	0.549	140.098	-75.608	-30.498	0.00	0.00	0.00	0.41440	0.65976	-0.40060	0.48215
WT2(D809BF402BC3)	3.93	13103	 2021-05-18 17:42:51.620	0.965	0.185	-0.196	3.723	1.282	-1.038	140.109	-75.690	-30.152	0.00	0.00	0.00	0.41019	0.66217	-0.39536	0.48672
WT2(D809BF402BC3)	3.93	13103	 2021-05-18 17:42:51.729	0.971	0.178	-0.191	5.798	-0.366	-1.892	140.240	-75.707	-29.894	0.00	0.00	0.00	0.41019	0.66217	-0.39536	0.48672
WT2(D809BF402BC3)	3.93	13103	 2021-05-18 17:42:51.854	0.977	0.168	-0.195	4.883	-0.610	-1.343	140.663	-75.526	-30.020	0.00	0.00	0.00	0.41019	0.66217	-0.39536	0.48672
