设备名称	电压	版本	片上时间	加速度X(g)	加速度Y(g)	加速度Z(g)	角速度X(°/s)	角速度Y(°/s)	角速度Z(°/s)	角度X(°)	角度Y(°)	角度Z(°)	磁场X	磁场Y	磁场Z	四元数0	四元数1	四元数2	四元数3	状态
WT1(E604078EA627)	3.88	13104	 2021-05-17 21:10:37.058	1.043	0.017	0.178	8.240	3.174	2.136	-23.379	-80.793	24.175	0.00	0.00	0.00	0.00000	0.00000	0.00000	0.00000
WT2(D809BF402BC3)	3.93	13103	 2021-05-17 21:10:37.060	1.057	-0.069	0.034	4.883	-1.282	3.540	-50.147	-87.094	-161.785	0.00	0.00	0.00	0.11331	0.67755	-0.15594	0.70972
WT1(E604078EA627)	3.88	13104	 2021-05-17 21:10:37.164	0.992	-0.058	0.162	-4.761	8.301	-0.610	-20.775	-80.107	21.237	0.00	0.00	0.00	0.00000	0.00000	0.00000	0.00000
WT2(D809BF402BC3)	3.93	13103	 2021-05-17 21:10:37.166	0.985	-0.062	0.028	-5.249	0.305	6.836	-55.228	-86.556	-163.120	0.00	0.00	0.00	0.11331	0.67755	-0.15594	0.70972
WT2(D809BF402BC3)	3.93	13103	 2021-05-17 21:10:37.257	0.992	-0.060	0.018	-1.648	0.427	2.441	-57.914	-86.111	-166.476	0.00	0.00	0.00	0.25134	0.63559	-0.27927	0.67438
WT1(E604078EA627)	3.88	13104	 2021-05-17 21:10:37.282	0.997	-0.088	0.131	-1.099	4.395	-1.160	-18.820	-79.470	19.061	0.00	0.00	0.00	0.00000	0.00000	0.00000	0.00000
WT2(D809BF402BC3)	3.93	13103	 2021-05-17 21:10:37.359	0.997	-0.054	0.025	2.563	-1.709	-5.676	-58.683	-86.380	-171.282	0.00	0.00	0.00	0.25134	0.63559	-0.27927	0.67438
WT1(E604078EA627)	3.88	13104	 2021-05-17 21:10:37.372	1.004	-0.063	0.141	1.526	-5.798	1.953	-20.435	-79.700	20.797	0.00	0.00	0.00	0.00000	0.00000	0.00000	0.00000
WT2(D809BF402BC3)	3.93	13103	 2021-05-17 21:10:37.464	1.017	-0.066	0.030	0.122	-1.709	-5.615	-53.718	-87.034	178.341	0.00	0.00	0.00	0.25134	0.63559	-0.27927	0.67438
WT1(E604078EA627)	3.88	13104	 2021-05-17 21:10:37.492	1.018	-0.062	0.172	-0.427	-10.437	1.648	-22.945	-80.475	23.351	0.00	0.00	0.00	0.00000	0.00000	0.00000	0.00000
WT2(D809BF402BC3)	3.93	13103	 2021-05-17 21:10:37.555	1.025	-0.046	0.034	0.000	-1.404	1.160	-51.790	-87.281	171.189	0.00	0.00	0.00	0.33154	0.60474	-0.34549	0.63635
WT1(E604078EA627)	3.88	13104	 2021-05-17 21:10:37.575	1.027	-0.042	0.176	3.357	1.099	1.526	-23.769	-80.733	23.813	0.00	0.00	0.00	0.00000	0.00000	0.00000	0.00000
WT1(E604078EA627)	3.88	13104	 2021-05-17 21:10:37.672	1.014	-0.078	0.155	-1.404	4.333	-0.793	-22.544	-80.442	22.192	0.00	0.00	0.00	0.00000	0.00000	0.00000	0.00000
WT2(D809BF402BC3)	3.93	13103	 2021-05-17 21:10:37.677	1.005	-0.048	0.020	-1.892	1.038	3.357	-54.673	-87.039	168.723	0.00	0.00	0.00	0.33154	0.60474	-0.34549	0.63635
WT2(D809BF402BC3)	3.93	13103	 2021-05-17 21:10:37.749	0.998	-0.052	0.022	-0.671	-0.183	0.549	-57.118	-86.830	166.207	0.00	0.00	0.00	0.39410	0.56390	-0.40857	0.59976
WT1(E604078EA627)	3.88	13104	 2021-05-17 21:10:37.762	1.008	-0.067	0.139	-0.366	0.061	0.183	-21.857	-80.134	21.357	0.00	0.00	0.00	0.00000	0.00000	0.00000	0.00000
WT2(D809BF402BC3)	3.93	13103	 2021-05-17 21:10:37.855	0.997	-0.048	0.012	2.197	-0.122	-3.113	-56.843	-86.968	161.329	0.00	0.00	0.00	0.39410	0.56390	-0.40857	0.59976
WT1(E604078EA627)	3.88	13104	 2021-05-17 21:10:37.896	1.013	-0.072	0.158	2.441	-3.540	0.366	-22.687	-80.354	22.170	0.00	0.00	0.00	0.00000	0.00000	0.00000	0.00000
WT2(D809BF402BC3)	3.93	13103	 2021-05-17 21:10:37.960	1.014	-0.058	0.049	0.366	-0.183	1.160	-53.795	-87.138	153.979	0.00	0.00	0.00	0.39410	0.56390	-0.40857	0.59976
WT1(E604078EA627)	3.88	13104	 2021-05-17 21:10:38.091	1.007	-0.047	0.213	-0.305	-6.226	0.305	-23.291	-80.695	22.813	0.00	0.00	0.00	0.00000	0.00000	0.00000	0.00000
WT1(E604078EA627)	3.88	13104	 2021-05-17 21:10:38.095	1.042	-0.058	0.265	0.183	23.438	0.610	-21.341	-79.700	20.160	0.00	0.00	0.00	0.00000	0.00000	0.00000	0.00000
WT2(D809BF402BC3)	3.93	13103	 2021-05-17 21:10:38.158	1.029	-0.112	0.018	-3.357	0.977	30.701	-75.361	-83.727	167.217	0.00	0.00	0.00	0.46497	0.50372	-0.48178	0.54581
WT1(E604078EA627)	3.88	13104	 2021-05-17 21:10:38.167	1.015	-0.062	0.216	0.366	31.799	-2.563	-15.897	-76.827	14.354	0.00	0.00	0.00	0.00000	0.00000	0.00000	0.00000
WT2(D809BF402BC3)	3.93	13103	 2021-05-17 21:10:38.246	0.972	-0.140	0.036	-2.014	1.282	28.809	-79.371	-80.673	167.228	0.00	0.00	0.00	0.46497	0.50372	-0.48178	0.54581
WT1(E604078EA627)	3.88	13104	 2021-05-17 21:10:38.273	0.999	-0.086	0.211	-0.366	24.902	-0.854	-12.332	-74.059	10.953	0.00	0.00	0.00	0.00000	0.00000	0.00000	0.00000
WT2(D809BF402BC3)	3.93	13103	 2021-05-17 21:10:38.349	0.997	-0.182	0.008	0.427	-0.244	19.531	-82.079	-78.453	166.827	0.00	0.00	0.00	0.47891	0.41891	-0.55728	0.53342
WT1(E604078EA627)	3.88	13104	 2021-05-17 21:10:38.378	0.991	-0.067	0.297	3.235	14.404	1.160	-11.420	-72.268	10.470	0.00	0.00	0.00	0.00000	0.00000	0.00000	0.00000
WT2(D809BF402BC3)	3.93	13103	 2021-05-17 21:10:38.455	0.992	-0.210	0.035	-1.221	1.831	17.700	-82.826	-76.558	164.262	0.00	0.00	0.00	0.47891	0.41891	-0.55728	0.53342
WT1(E604078EA627)	3.88	13104	 2021-05-17 21:10:38.483	0.986	-0.057	0.315	0.000	14.709	-0.854	-10.574	-71.016	9.904	0.00	0.00	0.00	0.00000	0.00000	0.00000	0.00000
WT1(E604078EA627)	3.88	13104	 2021-05-17 21:10:38.602	0.964	-0.065	0.384	1.343	18.188	0.000	-9.794	-69.758	9.212	0.00	0.00	0.00	0.00000	0.00000	0.00000	0.00000
WT2(D809BF402BC3)	3.93	13103	 2021-05-17 21:10:38.653	0.972	-0.298	0.020	-1.709	2.502	21.790	-83.474	-72.686	162.131	0.00	0.00	0.00	0.49057	0.36612	-0.59146	0.52481
WT1(E604078EA627)	3.88	13104	 2021-05-17 21:10:38.708	0.962	-0.072	0.412	0.671	20.813	-0.671	-8.855	-67.709	8.306	0.00	0.00	0.00	0.00000	0.00000	0.00000	0.00000
WT1(E604078EA627)	3.88	13104	 2021-05-17 21:10:38.798	0.943	-0.050	0.421	-1.160	22.339	-0.244	-7.745	-65.275	7.284	0.00	0.00	0.00	0.00000	0.00000	0.00000	0.00000
WT2(D809BF402BC3)	3.93	13103	 2021-05-17 21:10:38.802	0.953	-0.354	0.041	-0.488	3.357	27.771	-83.831	-70.131	164.284	0.00	0.00	0.00	0.49057	0.36612	-0.59146	0.52481
WT2(D809BF402BC3)	3.93	13103	 2021-05-17 21:10:38.845	0.935	-0.364	0.024	-2.319	1.892	26.306	-84.243	-67.396	168.448	0.00	0.00	0.00	0.49057	0.36612	-0.59146	0.52481
WT1(E604078EA627)	3.88	13104	 2021-05-17 21:10:38.872	0.925	-0.064	0.429	1.526	23.010	-0.793	-6.998	-62.820	6.658	0.00	0.00	0.00	0.00000	0.00000	0.00000	0.00000
WT2(D809BF402BC3)	3.93	13103	 2021-05-17 21:10:38.951	0.915	-0.418	0.033	-1.648	0.671	22.888	-84.518	-64.984	173.177	0.00	0.00	0.00	0.42780	0.35394	-0.59607	0.57999
WT1(E604078EA627)	3.88	13104	 2021-05-17 21:10:39.008	0.898	-0.059	0.477	0.549	19.104	-0.793	-6.432	-60.881	6.323	0.00	0.00	0.00	0.00000	0.00000	0.00000	0.00000
WT2(D809BF402BC3)	3.93	13103	 2021-05-17 21:10:39.056	0.903	-0.434	0.038	1.099	-1.099	25.452	-84.644	-62.880	177.924	0.00	0.00	0.00	0.42780	0.35394	-0.59607	0.57999
WT1(E604078EA627)	3.88	13104	 2021-05-17 21:10:39.097	0.891	-0.052	0.509	0.977	18.250	0.122	-5.955	-59.052	6.092	0.00	0.00	0.00	0.00000	0.00000	0.00000	0.00000
WT2(D809BF402BC3)	3.93	13103	 2021-05-17 21:10:39.144	0.892	-0.496	0.042	-0.427	1.648	18.127	-84.875	-60.837	-177.094	0.00	0.00	0.00	0.42780	0.35394	-0.59607	0.57999
WT1(E604078EA627)	3.88	13104	 2021-05-17 21:10:39.203	0.874	-0.058	0.569	1.709	15.869	-0.061	-5.543	-57.437	5.795	0.00	0.00	0.00	0.00000	0.00000	0.00000	0.00000
WT2(D809BF402BC3)	3.93	13103	 2021-05-17 21:10:39.236	0.885	-0.531	0.036	-1.648	1.282	20.325	-85.172	-58.749	-172.156	0.00	0.00	0.00	0.31830	0.39087	-0.57031	0.64853
WT1(E604078EA627)	3.88	13104	 2021-05-17 21:10:39.307	0.860	-0.050	0.591	1.831	17.456	-0.732	-5.158	-55.569	5.488	0.00	0.00	0.00	0.00000	0.00000	0.00000	0.00000
WT2(D809BF402BC3)	3.93	13103	 2021-05-17 21:10:39.340	0.866	-0.556	0.035	-1.526	0.000	25.208	-85.512	-56.497	-167.470	0.00	0.00	0.00	0.31830	0.39087	-0.57031	0.64853
WT1(E604078EA627)	3.88	13104	 2021-05-17 21:10:39.427	0.834	-0.042	0.621	0.000	23.987	0.305	-4.752	-53.438	5.114	0.00	0.00	0.00	0.00000	0.00000	0.00000	0.00000
WT2(D809BF402BC3)	3.93	13103	 2021-05-17 21:10:39.446	0.832	-0.579	0.038	-2.563	2.075	23.315	-85.710	-54.025	-163.136	0.00	0.00	0.00	0.21167	0.41782	-0.55087	0.69073
WT1(E604078EA627)	3.88	13104	 2021-05-17 21:10:39.503	0.800	-0.054	0.651	1.404	21.179	-1.099	-4.384	-51.257	4.735	0.00	0.00	0.00	0.00000	0.00000	0.00000	0.00000
WT2(D809BF402BC3)	3.93	13103	 2021-05-17 21:10:39.566	0.823	-0.634	0.045	-0.977	-0.610	29.053	-85.935	-51.586	-159.044	0.00	0.00	0.00	0.21167	0.41782	-0.55087	0.69073
WT1(E604078EA627)	3.88	13104	 2021-05-17 21:10:39.592	0.774	-0.048	0.672	0.122	21.179	-0.427	-4.081	-49.065	4.477	0.00	0.00	0.00	0.00000	0.00000	0.00000	0.00000
WT2(D809BF402BC3)	3.93	13103	 2021-05-17 21:10:39.641	0.781	-0.662	0.044	-1.953	-0.671	28.809	-86.292	-49.054	-154.907	0.00	0.00	0.00	0.21167	0.41782	-0.55087	0.69073
WT1(E604078EA627)	3.88	13104	 2021-05-17 21:10:39.712	0.743	-0.056	0.711	-0.427	20.447	-0.793	-3.774	-46.906	4.109	0.00	0.00	0.00	0.00000	0.00000	0.00000	0.00000
WT2(D809BF402BC3)	3.93	13103	 2021-05-17 21:10:39.730	0.736	-0.685	0.037	-3.052	0.488	24.597	-86.622	-46.571	-151.035	0.00	0.00	0.00	0.12494	0.43176	-0.54086	0.71091
WT1(E604078EA627)	3.88	13104	 2021-05-17 21:10:39.802	0.749	-0.047	0.728	-0.427	23.193	-0.183	-3.604	-44.604	3.752	0.00	0.00	0.00	0.00000	0.00000	0.00000	0.00000
WT2(D809BF402BC3)	3.93	13103	 2021-05-17 21:10:39.865	0.706	-0.717	0.040	-3.052	0.671	23.560	-87.017	-44.127	-147.371	0.00	0.00	0.00	0.12494	0.43176	-0.54086	0.71091
WT1(E604078EA627)	3.88	13104	 2021-05-17 21:10:39.907	0.689	-0.042	0.740	1.038	20.752	-2.563	-3.307	-42.369	3.312	0.00	0.00	0.00	0.00000	0.00000	0.00000	0.00000
WT2(D809BF402BC3)	3.93	13103	 2021-05-17 21:10:39.925	0.660	-0.733	0.018	-2.258	1.404	24.414	-87.198	-41.786	-144.042	0.00	0.00	0.00	0.12494	0.43176	-0.54086	0.71091
WT1(E604078EA627)	3.88	13104	 2021-05-17 21:10:40.015	0.667	-0.064	0.767	2.075	21.729	1.160	-3.120	-40.155	3.027	0.00	0.00	0.00	0.00000	0.00000	0.00000	0.00000
WT2(D809BF402BC3)	3.93	13103	 2021-05-17 21:10:40.029	0.656	-0.768	0.035	-1.099	-1.465	20.874	-87.462	-39.567	-140.746	0.00	0.00	0.00	0.02179	0.44476	-0.53299	0.71942
WT1(E604078EA627)	3.88	13104	 2021-05-17 21:10:40.102	0.636	-0.025	0.816	0.916	18.188	0.366	-3.043	-38.331	2.999	0.00	0.00	0.00	0.00000	0.00000	0.00000	0.00000
WT2(D809BF402BC3)	3.93	13103	 2021-05-17 21:10:40.138	0.619	-0.790	0.044	-2.930	-0.061	20.325	-87.704	-37.579	-137.466	0.00	0.00	0.00	0.02179	0.44476	-0.53299	0.71942
WT1(E604078EA627)	3.88	13104	 2021-05-17 21:10:40.253	0.609	-0.050	0.835	0.122	13.855	-2.563	-2.884	-36.628	2.653	0.00	0.00	0.00	0.00000	0.00000	0.00000	0.00000
WT1(E604078EA627)	3.88	13104	 2021-05-17 21:10:40.313	0.587	-0.069	0.833	0.122	17.517	-0.793	-2.719	-34.777	2.247	0.00	0.00	0.00	0.00000	0.00000	0.00000	0.00000
WT2(D809BF402BC3)	3.93	13103	 2021-05-17 21:10:40.330	0.550	-0.817	0.016	-1.099	-0.549	20.447	-88.105	-33.843	-132.050	0.00	0.00	0.00	-0.06760	0.45853	-0.52438	0.71426
WT1(E604078EA627)	3.88	13104	 2021-05-17 21:10:40.402	0.570	-0.027	0.859	0.854	18.616	2.014	-2.659	-32.794	2.164	0.00	0.00	0.00	0.00000	0.00000	0.00000	0.00000
WT2(D809BF402BC3)	3.93	13103	 2021-05-17 21:10:40.420	0.539	-0.844	0.030	-0.671	-2.014	21.423	-88.358	-31.811	-129.216	0.00	0.00	0.00	-0.06760	0.45853	-0.52438	0.71426
WT1(E604078EA627)	3.88	13104	 2021-05-17 21:10:40.523	0.528	-0.032	0.900	-0.122	23.010	-0.977	-2.488	-30.679	1.868	0.00	0.00	0.00	0.00000	0.00000	0.00000	0.00000
WT2(D809BF402BC3)	3.93	13103	 2021-05-17 21:10:40.539	0.523	-0.878	0.023	-2.747	-0.916	22.461	-88.671	-29.663	-126.601	0.00	0.00	0.00	-0.14670	0.46686	-0.52118	0.69916
WT1(E604078EA627)	3.88	13104	 2021-05-17 21:10:40.615	0.497	-0.040	0.877	1.282	26.367	-1.282	-2.263	-28.229	1.390	0.00	0.00	0.00	0.00000	0.00000	0.00000	0.00000
WT2(D809BF402BC3)	3.93	13103	 2021-05-17 21:10:40.619	0.480	-0.889	0.016	-2.747	1.221	23.621	-88.863	-27.224	-124.415	0.00	0.00	0.00	-0.14670	0.46686	-0.52118	0.69916
WT1(E604078EA627)	3.88	13104	 2021-05-17 21:10:40.702	0.453	-0.040	0.887	1.465	26.123	-0.244	-2.126	-25.851	1.000	0.00	0.00	0.00	0.00000	0.00000	0.00000	0.00000
WT2(D809BF402BC3)	3.93	13103	 2021-05-17 21:10:40.719	0.435	-0.909	0.010	-2.563	0.122	22.949	-89.061	-24.829	-122.272	0.00	0.00	0.00	-0.14670	0.46686	-0.52118	0.69916
WT1(E604078EA627)	3.88	13104	 2021-05-17 21:10:40.806	0.424	-0.035	0.917	1.099	18.555	0.366	-2.082	-23.868	0.758	0.00	0.00	0.00	0.00000	0.00000	0.00000	0.00000
WT2(D809BF402BC3)	3.93	13103	 2021-05-17 21:10:40.824	0.393	-0.915	0.005	-0.977	-0.793	20.081	-89.291	-22.846	-120.179	0.00	0.00	0.00	-0.22470	0.46552	-0.52676	0.67474
WT2(D809BF402BC3)	3.93	13103	 2021-05-17 21:10:40.915	0.373	-0.940	0.001	-1.465	-0.061	19.409	-89.495	-20.945	-118.158	0.00	0.00	0.00	-0.22470	0.46552	-0.52676	0.67474
WT1(E604078EA627)	3.88	13104	 2021-05-17 21:10:40.926	0.397	-0.029	0.944	0.549	18.066	0.122	-2.005	-22.006	0.505	0.00	0.00	0.00	0.00000	0.00000	0.00000	0.00000
WT1(E604078EA627)	3.88	13104	 2021-05-17 21:10:41.001	0.353	-0.017	0.977	-0.549	19.104	-0.183	-1.928	-20.198	0.198	0.00	0.00	0.00	0.00000	0.00000	0.00000	0.00000
WT2(D809BF402BC3)	3.93	13103	 2021-05-17 21:10:41.020	0.332	-0.940	0.008	-2.441	0.061	19.348	-89.665	-19.089	-116.246	0.00	0.00	0.00	-0.22470	0.46552	-0.52676	0.67474
WT1(E604078EA627)	3.88	13104	 2021-05-17 21:10:41.109	0.323	-0.043	0.999	1.160	20.508	-1.648	-1.829	-18.226	-0.247	0.00	0.00	0.00	0.00000	0.00000	0.00000	0.00000
WT2(D809BF402BC3)	3.93	13103	 2021-05-17 21:10:41.124	0.290	-0.941	-0.002	-1.282	0.671	22.522	-90.000	-17.100	-114.582	0.00	0.00	0.00	-0.27658	0.46677	-0.52942	0.65213
WT2(D809BF402BC3)	3.93	13103	 2021-05-17 21:10:41.233	0.248	-0.952	-0.003	-2.625	-0.732	25.696	-90.203	-14.760	-112.906	0.00	0.00	0.00	-0.27658	0.46677	-0.52942	0.65213
WT1(E604078EA627)	3.88	13104	 2021-05-17 21:10:41.258	0.281	-0.021	1.007	-0.122	25.391	1.038	-1.758	-15.930	-0.604	0.00	0.00	0.00	0.00000	0.00000	0.00000	0.00000
WT2(D809BF402BC3)	3.93	13103	 2021-05-17 21:10:41.334	0.231	-1.006	-0.005	-2.319	0.977	25.024	-90.472	-12.151	-111.368	0.00	0.00	0.00	-0.27658	0.46677	-0.52942	0.65213
WT1(E604078EA627)	3.88	13104	 2021-05-17 21:10:41.363	0.229	-0.014	0.977	1.282	27.527	-1.709	-1.664	-13.222	-0.978	0.00	0.00	0.00	0.00000	0.00000	0.00000	0.00000
WT2(D809BF402BC3)	3.93	13103	 2021-05-17 21:10:41.409	0.173	-0.952	-0.015	-2.136	2.136	21.851	-90.632	-9.789	-110.034	0.00	0.00	0.00	-0.33368	0.45935	-0.54138	0.62009
WT1(E604078EA627)	3.88	13104	 2021-05-17 21:10:41.423	0.193	-0.026	0.970	0.305	22.949	-2.258	-1.533	-10.844	-1.516	0.00	0.00	0.00	0.00000	0.00000	0.00000	0.00000
WT2(D809BF402BC3)	3.93	13103	 2021-05-17 21:10:41.514	0.139	-0.984	-0.029	-2.563	-1.709	20.874	-90.884	-7.690	-108.743	0.00	0.00	0.00	-0.33368	0.45935	-0.54138	0.62009
WT1(E604078EA627)	3.88	13104	 2021-05-17 21:10:41.528	0.159	-0.052	1.004	-0.427	19.775	1.709	-1.582	-8.773	-1.939	0.00	0.00	0.00	0.00000	0.00000	0.00000	0.00000
WT2(D809BF402BC3)	3.93	13103	 2021-05-17 21:10:41.620	0.114	-0.985	-0.013	-1.526	-1.953	20.508	-91.176	-5.779	-107.188	0.00	0.00	0.00	-0.37448	0.45212	-0.55179	0.59229
WT1(E604078EA627)	3.88	13104	 2021-05-17 21:10:41.678	0.114	-0.013	1.040	0.061	20.386	1.282	-1.599	-6.839	-2.082	0.00	0.00	0.00	0.00000	0.00000	0.00000	0.00000
WT2(D809BF402BC3)	3.93	13103	 2021-05-17 21:10:41.709	0.075	-0.995	-0.019	-1.892	1.770	22.217	-91.351	-3.620	-105.930	0.00	0.00	0.00	-0.37448	0.45212	-0.55179	0.59229
WT2(D809BF402BC3)	3.93	13103	 2021-05-17 21:10:41.814	0.028	-0.977	-0.023	-1.770	1.404	23.682	-91.538	-1.318	-104.936	0.00	0.00	0.00	-0.37448	0.45212	-0.55179	0.59229
WT1(E604078EA627)	3.88	13104	 2021-05-17 21:10:41.843	0.083	-0.028	1.032	0.427	21.484	-2.441	-1.494	-4.642	-2.483	0.00	0.00	0.00	0.00000	0.00000	0.00000	0.00000
WT2(D809BF402BC3)	3.93	13103	 2021-05-17 21:10:41.905	0.071	-1.040	-0.043	-4.456	0.854	28.687	-91.862	1.203	-103.942	0.00	0.00	0.00	-0.42395	0.44083	-0.56567	0.55307
WT1(E604078EA627)	3.88	13104	 2021-05-17 21:10:41.919	0.042	-0.036	1.017	0.244	21.912	-1.404	-1.439	-2.296	-2.988	0.00	0.00	0.00	0.00000	0.00000	0.00000	0.00000
WT1(E604078EA627)	3.88	13104	 2021-05-17 21:10:41.919	0.001	-0.030	0.998	0.305	22.888	-0.732	-1.472	0.214	-3.433	0.00	0.00	0.00	0.00000	0.00000	0.00000	0.00000
WT2(D809BF402BC3)	3.93	13103	 2021-05-17 21:10:42.010	-0.067	-1.008	-0.038	-2.258	0.305	26.123	-92.131	4.449	-102.909	0.00	0.00	0.00	-0.42395	0.44083	-0.56567	0.55307
WT1(E604078EA627)	3.88	13104	 2021-05-17 21:10:42.031	-0.050	-0.021	1.004	0.122	24.048	-1.221	-1.423	2.802	-3.834	0.00	0.00	0.00	0.00000	0.00000	0.00000	0.00000
WT2(D809BF402BC3)	3.93	13103	 2021-05-17 21:10:42.116	-0.116	-0.973	-0.041	-0.854	1.587	21.973	-92.313	6.916	-101.937	0.00	0.00	0.00	-0.45947	0.42502	-0.58185	0.51926
WT1(E604078EA627)	3.88	13104	 2021-05-17 21:10:42.128	-0.094	-0.029	0.977	0.854	19.226	-2.075	-1.335	5.251	-4.318	0.00	0.00	0.00	0.00000	0.00000	0.00000	0.00000
WT2(D809BF402BC3)	3.93	13103	 2021-05-17 21:10:42.207	-0.145	-0.985	-0.053	-2.136	0.366	23.438	-92.543	9.130	-101.025	0.00	0.00	0.00	-0.45947	0.42502	-0.58185	0.51926
WT1(E604078EA627)	3.88	13104	 2021-05-17 21:10:42.232	-0.129	-0.047	0.998	0.000	21.362	0.000	-1.379	7.471	-4.708	0.00	0.00	0.00	0.00000	0.00000	0.00000	0.00000
WT2(D809BF402BC3)	3.93	13103	 2021-05-17 21:10:42.325	-0.195	-0.984	-0.054	-2.930	-0.671	23.193	-92.823	11.365	-99.987	0.00	0.00	0.00	-0.45947	0.42502	-0.58185	0.51926
WT1(E604078EA627)	3.88	13104	 2021-05-17 21:10:42.352	-0.168	-0.013	1.014	-0.366	25.574	0.977	-1.406	9.728	-4.938	0.00	0.00	0.00	0.00000	0.00000	0.00000	0.00000
WT2(D809BF402BC3)	3.93	13103	 2021-05-17 21:10:42.399	-0.241	-0.969	-0.051	-1.038	1.465	28.259	-93.049	13.903	-99.064	0.00	0.00	0.00	-0.50290	0.40826	-0.59872	0.47104
WT1(E604078EA627)	3.88	13104	 2021-05-17 21:10:42.428	-0.225	-0.028	0.974	0.305	29.358	-1.404	-1.302	12.442	-5.312	0.00	0.00	0.00	0.00000	0.00000	0.00000	0.00000
WT2(D809BF402BC3)	3.93	13103	 2021-05-17 21:10:42.504	-0.275	-0.963	-0.057	-2.380	0.916	26.245	-93.351	16.611	-98.355	0.00	0.00	0.00	-0.50290	0.40826	-0.59872	0.47104
WT1(E604078EA627)	3.88	13104	 2021-05-17 21:10:42.531	-0.246	-0.019	0.948	1.709	24.231	-1.343	-1.302	15.161	-5.746	0.00	0.00	0.00	0.00000	0.00000	0.00000	0.00000
WT2(D809BF402BC3)	3.93	13103	 2021-05-17 21:10:42.594	-0.327	-0.953	-0.063	-2.991	0.977	25.757	-93.680	19.270	-97.619	0.00	0.00	0.00	-0.50290	0.40826	-0.59872	0.47104
WT1(E604078EA627)	3.88	13104	 2021-05-17 21:10:42.636	-0.297	-0.035	0.971	-0.183	20.996	-1.221	-1.368	17.798	-6.125	0.00	0.00	0.00	0.00000	0.00000	0.00000	0.00000
WT2(D809BF402BC3)	3.93	13103	 2021-05-17 21:10:42.701	-0.367	-0.939	-0.070	-1.770	0.610	27.405	-94.070	21.929	-96.910	0.00	0.00	0.00	-0.54605	0.38068	-0.62268	0.41122
WT1(E604078EA627)	3.88	13104	 2021-05-17 21:10:42.743	-0.353	-0.021	0.932	1.526	28.198	-0.366	-1.395	20.583	-6.438	0.00	0.00	0.00	0.00000	0.00000	0.00000	0.00000
WT2(D809BF402BC3)	3.93	13103	 2021-05-17 21:10:42.804	-0.399	-0.901	-0.067	-2.014	1.099	27.161	-94.373	24.620	-96.196	0.00	0.00	0.00	-0.54605	0.38068	-0.62268	0.41122
WT1(E604078EA627)	3.88	13104	 2021-05-17 21:10:42.832	-0.387	-0.027	0.923	0.183	29.236	-1.831	-1.390	23.351	-6.795	0.00	0.00	0.00	0.00000	0.00000	0.00000	0.00000
WT2(D809BF402BC3)	3.93	13103	 2021-05-17 21:10:42.895	-0.447	-0.881	-0.079	-1.526	1.099	28.259	-94.779	27.383	-95.636	0.00	0.00	0.00	-0.56415	0.36713	-0.63318	0.38208
WT1(E604078EA627)	3.88	13104	 2021-05-17 21:10:42.937	-0.440	-0.021	0.891	-0.488	29.602	0.183	-1.483	26.202	-7.147	0.00	0.00	0.00	0.00000	0.00000	0.00000	0.00000
WT2(D809BF402BC3)	3.93	13103	 2021-05-17 21:10:43.005	-0.478	-0.867	-0.069	-2.197	0.854	28.442	-95.240	30.135	-94.982	0.00	0.00	0.00	-0.56415	0.36713	-0.63318	0.38208
WT1(E604078EA627)	3.88	13104	 2021-05-17 21:10:43.043	-0.500	-0.038	0.861	2.441	31.677	-2.075	-1.489	29.092	-7.388	0.00	0.00	0.00	0.00000	0.00000	0.00000	0.00000
WT2(D809BF402BC3)	3.93	13103	 2021-05-17 21:10:43.089	-0.521	-0.854	-0.102	-2.136	2.014	27.954	-95.707	32.943	-94.554	0.00	0.00	0.00	-0.59055	0.34305	-0.65106	0.33105
WT1(E604078EA627)	3.88	13104	 2021-05-17 21:10:43.146	-0.536	-0.046	0.824	-1.343	35.400	2.014	-1.604	32.009	-7.734	0.00	0.00	0.00	0.00000	0.00000	0.00000	0.00000
WT2(D809BF402BC3)	3.93	13103	 2021-05-17 21:10:43.194	-0.569	-0.807	-0.074	-2.808	-0.427	29.297	-96.213	35.744	-93.878	0.00	0.00	0.00	-0.59055	0.34305	-0.65106	0.33105
WT1(E604078EA627)	3.88	13104	 2021-05-17 21:10:43.237	-0.596	0.031	0.761	0.061	34.424	-1.099	-1.494	35.096	-7.696	0.00	0.00	0.00	0.00000	0.00000	0.00000	0.00000
WT2(D809BF402BC3)	3.93	13103	 2021-05-17 21:10:43.301	-0.611	-0.754	-0.088	-1.831	4.089	31.738	-96.757	38.798	-93.433	0.00	0.00	0.00	-0.59055	0.34305	-0.65106	0.33105
WT1(E604078EA627)	3.88	13104	 2021-05-17 21:10:43.343	-0.637	-0.058	0.748	0.549	32.349	-2.930	-1.719	38.337	-8.212	0.00	0.00	0.00	0.00000	0.00000	0.00000	0.00000
WT1(E604078EA627)	3.88	13104	 2021-05-17 21:10:43.462	-0.640	-0.005	0.699	0.793	34.668	0.122	-1.868	41.677	-8.394	0.00	0.00	0.00	0.00000	0.00000	0.00000	0.00000
WT2(D809BF402BC3)	3.93	13103	 2021-05-17 21:10:43.494	-0.689	-0.666	-0.099	-3.540	1.770	31.921	-98.399	45.143	-92.873	0.00	0.00	0.00	-0.61795	0.31079	-0.67294	0.26202
WT1(E604078EA627)	3.88	13104	 2021-05-17 21:10:43.581	-0.725	-0.040	0.636	-0.427	29.480	-1.953	-2.082	45.016	-8.624	0.00	0.00	0.00	0.00000	0.00000	0.00000	0.00000
WT2(D809BF402BC3)	3.93	13103	 2021-05-17 21:10:43.600	-0.736	-0.657	-0.115	-2.869	0.366	25.818	-99.344	47.977	-92.582	0.00	0.00	0.00	-0.61795	0.31079	-0.67294	0.26202
WT1(E604078EA627)	3.88	13104	 2021-05-17 21:10:43.657	-0.739	-0.029	0.646	0.305	21.545	-0.305	-2.307	47.664	-8.718	0.00	0.00	0.00	0.00000	0.00000	0.00000	0.00000
WT2(D809BF402BC3)	3.93	13103	 2021-05-17 21:10:43.692	-0.758	-0.647	-0.106	-2.747	0.916	26.733	-100.151	50.493	-92.071	0.00	0.00	0.00	-0.61795	0.31079	-0.67294	0.26202
WT1(E604078EA627)	3.88	13104	 2021-05-17 21:10:43.748	-0.775	-0.048	0.620	1.404	24.475	-2.441	-2.516	50.389	-8.773	0.00	0.00	0.00	0.00000	0.00000	0.00000	0.00000
WT2(D809BF402BC3)	3.93	13103	 2021-05-17 21:10:43.779	-0.797	-0.586	-0.127	-1.526	0.488	28.809	-101.157	53.113	-91.840	0.00	0.00	0.00	-0.63864	0.28415	-0.68948	0.18958
WT1(E604078EA627)	3.88	13104	 2021-05-17 21:10:43.852	-0.775	-0.024	0.582	-0.366	34.180	-0.061	-2.719	53.372	-8.756	0.00	0.00	0.00	0.00000	0.00000	0.00000	0.00000
WT2(D809BF402BC3)	3.93	13103	 2021-05-17 21:10:43.884	-0.807	-0.547	-0.116	-5.371	1.160	33.752	-102.453	56.157	-91.681	0.00	0.00	0.00	-0.63864	0.28415	-0.68948	0.18958
WT2(D809BF402BC3)	3.93	13103	 2021-05-17 21:10:43.989	-0.851	-0.504	-0.130	-2.686	1.648	33.508	-104.101	59.425	-91.901	0.00	0.00	0.00	-0.64951	0.26456	-0.70047	0.13202
WT1(E604078EA627)	3.88	13104	 2021-05-17 21:10:44.003	-0.823	-0.037	0.510	1.465	34.607	-1.404	-3.115	56.953	-8.866	0.00	0.00	0.00	0.00000	0.00000	0.00000	0.00000
WT1(E604078EA627)	3.88	13104	 2021-05-17 21:10:44.062	-0.844	-0.042	0.460	1.343	31.982	-1.587	-3.691	60.403	-9.212	0.00	0.00	0.00	0.00000	0.00000	0.00000	0.00000
WT2(D809BF402BC3)	3.93	13103	 2021-05-17 21:10:44.080	-0.860	-0.426	-0.129	-0.793	0.610	32.471	-106.057	62.490	-92.340	0.00	0.00	0.00	-0.64951	0.26456	-0.70047	0.13202
WT2(D809BF402BC3)	3.93	13103	 2021-05-17 21:10:44.185	-0.883	-0.403	-0.137	-5.310	5.554	26.184	-108.616	65.220	-93.170	0.00	0.00	0.00	-0.64951	0.26456	-0.70047	0.13202
WT1(E604078EA627)	3.88	13104	 2021-05-17 21:10:44.197	-0.869	-0.038	0.389	0.061	28.748	-2.014	-4.356	63.721	-9.586	0.00	0.00	0.00	0.00000	0.00000	0.00000	0.00000
WT1(E604078EA627)	3.88	13104	 2021-05-17 21:10:44.257	-0.913	-0.060	0.319	-1.404	23.254	-2.563	-5.460	66.638	-10.250	0.00	0.00	0.00	0.00000	0.00000	0.00000	0.00000
WT2(D809BF402BC3)	3.93	13103	 2021-05-17 21:10:44.277	-0.933	-0.374	-0.155	-3.540	0.916	20.264	-111.407	67.379	-94.016	0.00	0.00	0.00	-0.65546	0.24069	-0.71429	0.04684
WT1(E604078EA627)	3.88	13104	 2021-05-17 21:10:44.362	-0.928	-0.013	0.315	-2.197	22.827	-1.587	-6.064	68.912	-10.173	0.00	0.00	0.00	0.00000	0.00000	0.00000	0.00000
WT2(D809BF402BC3)	3.93	13103	 2021-05-17 21:10:44.380	-0.927	-0.337	-0.125	-3.967	1.404	24.536	-113.846	69.456	-94.334	0.00	0.00	0.00	-0.65546	0.24069	-0.71429	0.04684
WT1(E604078EA627)	3.88	13104	 2021-05-17 21:10:44.467	-0.933	-0.064	0.302	0.916	29.907	-0.916	-7.273	71.516	-10.805	0.00	0.00	0.00	0.00000	0.00000	0.00000	0.00000
WT2(D809BF402BC3)	3.93	13103	 2021-05-17 21:10:44.472	-0.915	-0.265	-0.149	-2.747	2.441	46.753	-118.010	71.982	-96.504	0.00	0.00	0.00	-0.65363	0.23743	-0.71829	-0.02054
WT1(E604078EA627)	3.88	13104	 2021-05-17 21:10:44.557	-0.920	-0.045	0.215	2.502	31.677	-1.953	-9.338	74.861	-12.261	0.00	0.00	0.00	0.00000	0.00000	0.00000	0.00000
WT2(D809BF402BC3)	3.93	13103	 2021-05-17 21:10:44.574	-0.978	-0.238	-0.158	-8.667	3.479	23.560	-124.453	74.570	-100.464	0.00	0.00	0.00	-0.65363	0.23743	-0.71829	-0.02054
WT2(D809BF402BC3)	3.93	13103	 2021-05-17 21:10:44.680	-0.968	-0.140	-0.152	-6.226	-6.531	28.259	-130.847	76.481	-103.925	0.00	0.00	0.00	-0.65363	0.23743	-0.71829	-0.02054
WT1(E604078EA627)	3.88	13104	 2021-05-17 21:10:44.693	-0.939	-0.056	0.140	0.854	30.579	-0.732	-12.673	78.069	-15.090	0.00	0.00	0.00	0.00000	0.00000	0.00000	0.00000
WT2(D809BF402BC3)	3.93	13103	 2021-05-17 21:10:44.785	-0.929	-0.166	-0.144	-4.761	-2.991	23.071	-138.307	78.442	-108.067	0.00	0.00	0.00	-0.64038	0.24283	-0.71826	-0.12241
WT1(E604078EA627)	3.88	13104	 2021-05-17 21:10:44.797	-0.940	-0.040	0.111	2.258	26.245	0.000	-16.897	80.799	-18.594	0.00	0.00	0.00	0.00000	0.00000	0.00000	0.00000
WT1(E604078EA627)	3.88	13104	 2021-05-17 21:10:44.872	-0.962	-0.058	0.051	1.038	25.879	1.099	-24.791	83.359	-25.785	0.00	0.00	0.00	0.00000	0.00000	0.00000	0.00000
WT2(D809BF402BC3)	3.93	13103	 2021-05-17 21:10:44.874	-0.972	-0.033	-0.135	-14.160	-8.118	27.222	-147.014	80.211	-113.379	0.00	0.00	0.00	-0.64038	0.24283	-0.71826	-0.12241
WT2(D809BF402BC3)	3.93	13103	 2021-05-17 21:10:45.024	-1.017	-0.063	-0.119	1.709	-1.404	13.794	-156.676	81.815	-119.185	0.00	0.00	0.00	-0.64038	0.24283	-0.71826	-0.12241
WT2(D809BF402BC3)	3.93	13103	 2021-05-17 21:10:45.072	-0.910	-0.006	-0.149	4.089	2.502	0.732	-163.043	82.002	-123.376	0.00	0.00	0.00	-0.64038	0.24283	-0.71826	-0.12241
WT1(E604078EA627)	3.88	13104	 2021-05-17 21:10:45.173	-1.005	-0.046	-0.065	1.953	29.846	0.061	-40.869	85.710	-41.012	0.00	0.00	0.00	0.00000	0.00000	0.00000	0.00000
WT2(D809BF402BC3)	3.93	13103	 2021-05-17 21:10:45.189	-1.002	-0.107	-0.176	10.559	17.029	-26.367	-155.165	80.662	-113.280	0.00	0.00	0.00	-0.62286	0.27182	-0.70245	-0.21130
WT1(E604078EA627)	3.88	13104	 2021-05-17 21:10:45.202	-0.885	-0.024	-0.079	1.892	-1.221	-1.160	-55.893	86.715	-55.893	0.00	0.00	0.00	0.00000	0.00000	0.00000	0.00000
WT1(E604078EA627)	3.88	13104	 2021-05-17 21:10:45.202	-0.995	-0.094	-0.162	0.305	-45.837	-0.183	-47.181	85.968	-46.489	0.00	0.00	0.00	0.00000	0.00000	0.00000	0.00000
WT2(D809BF402BC3)	3.93	13103	 2021-05-17 21:10:45.281	-0.918	-0.134	-0.148	-2.747	4.333	-43.457	-137.148	77.058	-93.274	0.00	0.00	0.00	-0.62286	0.27182	-0.70245	-0.21130
WT1(E604078EA627)	3.88	13104	 2021-05-17 21:10:45.307	-0.894	-0.039	0.163	-7.202	-37.537	-2.075	-20.253	81.381	-18.127	0.00	0.00	0.00	0.00000	0.00000	0.00000	0.00000
WT2(D809BF402BC3)	3.93	13103	 2021-05-17 21:10:45.370	-0.997	-0.270	-0.165	1.221	0.366	-28.076	-127.326	74.240	-81.524	0.00	0.00	0.00	-0.62286	0.27182	-0.70245	-0.21130
WT1(E604078EA627)	3.88	13104	 2021-05-17 21:10:45.396	-0.966	-0.021	0.370	-2.014	-27.649	3.113	-13.134	77.283	-9.701	0.00	0.00	0.00	0.00000	0.00000	0.00000	0.00000
WT1(E604078EA627)	3.88	13104	 2021-05-17 21:10:45.474	-0.942	-0.099	0.267	6.470	-13.733	1.099	-10.844	75.927	-7.202	0.00	0.00	0.00	0.00000	0.00000	0.00000	0.00000
WT2(D809BF402BC3)	3.93	13103	 2021-05-17 21:10:45.475	-0.982	-0.260	-0.166	6.958	1.038	-6.470	-123.569	73.070	-77.108	0.00	0.00	0.00	-0.62122	0.36761	-0.66870	-0.17816
WT2(D809BF402BC3)	3.93	13103	 2021-05-17 21:10:45.565	-0.941	-0.243	-0.137	1.282	0.244	-13.733	-121.306	72.301	-74.262	0.00	0.00	0.00	-0.62122	0.36761	-0.66870	-0.17816
WT1(E604078EA627)	3.88	13104	 2021-05-17 21:10:45.577	-0.928	-0.064	0.165	0.366	-18.921	0.854	-9.651	75.289	-5.911	0.00	0.00	0.00	0.00000	0.00000	0.00000	0.00000
WT2(D809BF402BC3)	3.93	13103	 2021-05-17 21:10:45.669	-0.933	-0.220	-0.154	2.869	1.526	-31.494	-117.839	70.406	-70.164	0.00	0.00	0.00	-0.62863	0.39969	-0.64685	-0.16302
WT1(E604078EA627)	3.88	13104	 2021-05-17 21:10:45.682	-0.903	-0.029	0.172	-1.099	-34.790	-1.099	-7.998	73.048	-4.081	0.00	0.00	0.00	0.00000	0.00000	0.00000	0.00000
WT2(D809BF402BC3)	3.93	13103	 2021-05-17 21:10:45.759	-0.930	-0.377	-0.170	-1.282	-0.122	-42.725	-113.851	67.006	-65.594	0.00	0.00	0.00	-0.62863	0.39969	-0.64685	-0.16302
WT1(E604078EA627)	3.88	13104	 2021-05-17 21:10:45.801	-0.934	-0.086	0.339	-6.287	-46.753	1.587	-6.899	68.879	-2.390	0.00	0.00	0.00	0.00000	0.00000	0.00000	0.00000
WT2(D809BF402BC3)	3.93	13103	 2021-05-17 21:10:45.865	-0.897	-0.460	-0.125	0.732	0.427	-37.964	-110.006	63.457	-61.403	0.00	0.00	0.00	-0.62863	0.39969	-0.64685	-0.16302
WT1(E604078EA627)	3.88	13104	 2021-05-17 21:10:45.876	-0.921	0.001	0.389	-2.502	-41.626	0.366	-5.081	64.891	0.011	0.00	0.00	0.00	0.00000	0.00000	0.00000	0.00000
WT2(D809BF402BC3)	3.93	13103	 2021-05-17 21:10:45.956	-0.844	-0.475	-0.163	0.244	2.686	-26.550	-107.864	60.255	-59.634	0.00	0.00	0.00	-0.64346	0.45898	-0.60440	-0.09970
WT1(E604078EA627)	3.88	13104	 2021-05-17 21:10:45.998	-0.847	-0.054	0.509	-3.357	-11.597	-1.465	-4.587	61.298	0.681	0.00	0.00	0.00	0.00000	0.00000	0.00000	0.00000
WT2(D809BF402BC3)	3.93	13103	 2021-05-17 21:10:46.059	-0.820	-0.481	-0.139	1.892	-2.380	-21.362	-106.501	58.057	-58.656	0.00	0.00	0.00	-0.64346	0.45898	-0.60440	-0.09970
WT1(E604078EA627)	3.88	13104	 2021-05-17 21:10:46.088	-0.823	0.013	0.460	0.671	-6.958	3.296	-3.961	58.986	1.351	0.00	0.00	0.00	0.00000	0.00000	0.00000	0.00000
WT2(D809BF402BC3)	3.93	13103	 2021-05-17 21:10:46.165	-0.795	-0.472	-0.133	4.395	1.465	-21.851	-105.150	56.085	-58.035	0.00	0.00	0.00	-0.64346	0.45898	-0.60440	-0.09970
WT1(E604078EA627)	3.88	13104	 2021-05-17 21:10:46.192	-0.766	-0.036	0.477	0.183	-16.174	-2.380	-3.472	56.832	1.417	0.00	0.00	0.00	0.00000	0.00000	0.00000	0.00000
WT1(E604078EA627)	3.88	13104	 2021-05-17 21:10:46.311	-0.747	-0.041	0.556	-5.127	-29.053	3.662	-3.400	53.602	1.252	0.00	0.00	0.00	0.00000	0.00000	0.00000	0.00000
WT2(D809BF402BC3)	3.93	13103	 2021-05-17 21:10:46.359	-0.744	-0.607	-0.148	-1.526	-0.366	-34.668	-102.991	49.818	-57.052	0.00	0.00	0.00	-0.65186	0.48386	-0.58218	-0.04410
WT1(E604078EA627)	3.88	13104	 2021-05-17 21:10:46.386	-0.768	-0.023	0.604	-2.991	-25.024	3.357	-3.279	49.933	1.714	0.00	0.00	0.00	0.00000	0.00000	0.00000	0.00000
WT2(D809BF402BC3)	3.93	13103	 2021-05-17 21:10:46.449	-0.737	-0.619	-0.128	3.540	-1.648	-31.006	-101.948	46.741	-56.678	0.00	0.00	0.00	-0.65186	0.48386	-0.58218	-0.04410
WT1(E604078EA627)	3.88	13104	 2021-05-17 21:10:46.493	-0.664	0.029	0.716	0.000	-17.700	2.197	-2.813	46.615	2.087	0.00	0.00	0.00	0.00000	0.00000	0.00000	0.00000
WT2(D809BF402BC3)	3.93	13103	 2021-05-17 21:10:46.555	-0.691	-0.716	-0.136	3.113	2.625	-18.372	-101.179	44.451	-56.992	0.00	0.00	0.00	-0.65561	0.51099	-0.55582	0.00882
WT1(E604078EA627)	3.88	13104	 2021-05-17 21:10:46.627	-0.698	-0.043	0.666	1.465	-20.325	-1.404	-2.692	44.615	1.642	0.00	0.00	0.00	0.00000	0.00000	0.00000	0.00000
WT2(D809BF402BC3)	3.93	13103	 2021-05-17 21:10:46.659	-0.667	-0.685	-0.150	3.113	0.366	-23.193	-100.629	42.292	-57.684	0.00	0.00	0.00	-0.65561	0.51099	-0.55582	0.00882
WT1(E604078EA627)	3.88	13104	 2021-05-17 21:10:46.688	-0.664	-0.024	0.648	0.061	-28.992	2.014	-2.527	42.308	1.269	0.00	0.00	0.00	0.00000	0.00000	0.00000	0.00000
WT2(D809BF402BC3)	3.93	13103	 2021-05-17 21:10:46.750	-0.637	-0.751	-0.134	1.831	-0.488	-31.799	-99.981	39.551	-58.074	0.00	0.00	0.00	-0.65564	0.51993	-0.54495	0.05280
WT1(E604078EA627)	3.88	13104	 2021-05-17 21:10:46.807	-0.586	-0.028	0.746	-0.854	-34.973	1.587	-2.422	39.012	1.082	0.00	0.00	0.00	0.00000	0.00000	0.00000	0.00000
WT2(D809BF402BC3)	3.93	13103	 2021-05-17 21:10:46.870	-0.597	-0.787	-0.127	1.404	-2.197	-33.325	-99.322	36.365	-58.315	0.00	0.00	0.00	-0.65564	0.51993	-0.54495	0.05280
WT1(E604078EA627)	3.88	13104	 2021-05-17 21:10:46.913	-0.563	-0.013	0.831	-1.282	-38.635	2.686	-2.296	35.464	1.104	0.00	0.00	0.00	0.00000	0.00000	0.00000	0.00000
WT2(D809BF402BC3)	3.93	13103	 2021-05-17 21:10:46.944	-0.552	-0.828	-0.106	2.319	-0.732	-28.015	-98.641	33.365	-58.612	0.00	0.00	0.00	-0.65564	0.51993	-0.54495	0.05280
WT1(E604078EA627)	3.88	13104	 2021-05-17 21:10:47.018	-0.511	-0.013	0.851	-0.610	-30.212	-2.258	-2.142	32.443	0.928	0.00	0.00	0.00	0.00000	0.00000	0.00000	0.00000
WT2(D809BF402BC3)	3.93	13103	 2021-05-17 21:10:47.049	-0.510	-0.862	-0.135	2.991	0.244	-24.414	-98.223	30.839	-59.420	0.00	0.00	0.00	-0.65079	0.54248	-0.51785	0.11804
WT1(E604078EA627)	3.88	13104	 2021-05-17 21:10:47.108	-0.455	-0.044	0.869	0.549	-30.151	1.099	-2.148	29.850	0.456	0.00	0.00	0.00	0.00000	0.00000	0.00000	0.00000
WT2(D809BF402BC3)	3.93	13103	 2021-05-17 21:10:47.155	-0.472	-0.880	-0.109	1.831	-1.160	-28.931	-97.806	28.405	-60.090	0.00	0.00	0.00	-0.65079	0.54248	-0.51785	0.11804
WT1(E604078EA627)	3.88	13104	 2021-05-17 21:10:47.197	-0.394	-0.018	0.921	-0.549	-30.945	0.061	-2.043	27.026	0.220	0.00	0.00	0.00	0.00000	0.00000	0.00000	0.00000
WT1(E604078EA627)	3.88	13104	 2021-05-17 21:10:47.302	-0.366	-0.045	0.949	-0.916	-29.663	0.305	-2.049	23.967	-0.110	0.00	0.00	0.00	0.00000	0.00000	0.00000	0.00000
WT2(D809BF402BC3)	3.93	13103	 2021-05-17 21:10:47.350	-0.399	-0.924	-0.111	2.563	-0.427	-29.175	-96.976	22.780	-61.452	0.00	0.00	0.00	-0.63971	0.55753	-0.49698	0.18134
WT1(E604078EA627)	3.88	13104	 2021-05-17 21:10:47.422	-0.342	-0.039	0.973	-1.526	-26.001	1.221	-2.060	20.962	-0.313	0.00	0.00	0.00	0.00000	0.00000	0.00000	0.00000
WT2(D809BF402BC3)	3.93	13103	 2021-05-17 21:10:47.440	-0.348	-0.945	-0.098	3.113	-0.366	-26.428	-96.592	20.099	-62.111	0.00	0.00	0.00	-0.63971	0.55753	-0.49698	0.18134
WT1(E604078EA627)	3.88	13104	 2021-05-17 21:10:47.498	-0.301	-0.028	0.970	0.000	-17.822	0.122	-1.967	18.369	-0.615	0.00	0.00	0.00	0.00000	0.00000	0.00000	0.00000
WT2(D809BF402BC3)	3.93	13103	 2021-05-17 21:10:47.547	-0.305	-0.956	-0.103	2.075	0.916	-24.475	-96.240	17.787	-62.924	0.00	0.00	0.00	-0.62692	0.57092	-0.47684	0.23145
WT1(E604078EA627)	3.88	13104	 2021-05-17 21:10:47.602	-0.265	-0.056	0.960	-0.549	-16.052	0.549	-2.005	15.996	-1.033	0.00	0.00	0.00	0.00000	0.00000	0.00000	0.00000
WT2(D809BF402BC3)	3.93	13103	 2021-05-17 21:10:47.634	-0.276	-0.958	-0.110	2.014	0.061	-21.729	-95.927	15.897	-63.605	0.00	0.00	0.00	-0.62692	0.57092	-0.47684	0.23145
WT1(E604078EA627)	3.88	13104	 2021-05-17 21:10:47.722	-0.226	-0.029	0.939	-0.488	-24.597	0.000	-1.983	13.557	-1.274	0.00	0.00	0.00	0.00000	0.00000	0.00000	0.00000
WT2(D809BF402BC3)	3.93	13103	 2021-05-17 21:10:47.740	-0.238	-0.966	-0.093	3.235	0.061	-22.888	-95.592	13.585	-64.297	0.00	0.00	0.00	-0.62692	0.57092	-0.47684	0.23145
WT1(E604078EA627)	3.88	13104	 2021-05-17 21:10:47.812	-0.181	-0.032	0.930	-0.305	-27.893	0.916	-1.956	11.052	-1.571	0.00	0.00	0.00	0.00000	0.00000	0.00000	0.00000
WT2(D809BF402BC3)	3.93	13103	 2021-05-17 21:10:47.844	-0.194	-0.963	-0.088	3.235	-0.488	-24.536	-95.235	11.277	-64.957	0.00	0.00	0.00	-0.60956	0.58145	-0.45648	0.28622
WT1(E604078EA627)	3.88	13104	 2021-05-17 21:10:47.918	-0.132	0.003	0.956	-0.732	-25.635	0.061	-1.956	8.366	-1.719	0.00	0.00	0.00	0.00000	0.00000	0.00000	0.00000
WT2(D809BF402BC3)	3.93	13103	 2021-05-17 21:10:47.934	-0.152	-0.979	-0.077	2.991	0.610	-22.156	-94.933	9.014	-65.550	0.00	0.00	0.00	-0.60956	0.58145	-0.45648	0.28622
WT1(E604078EA627)	3.88	13104	 2021-05-17 21:10:48.022	-0.089	-0.031	0.948	-0.183	-20.752	0.305	-1.917	5.927	-2.049	0.00	0.00	0.00	0.00000	0.00000	0.00000	0.00000
WT2(D809BF402BC3)	3.93	13103	 2021-05-17 21:10:48.041	-0.098	-0.973	-0.088	2.502	0.061	-20.081	-94.625	6.850	-66.341	0.00	0.00	0.00	-0.60956	0.58145	-0.45648	0.28622
WT1(E604078EA627)	3.88	13104	 2021-05-17 21:10:48.128	-0.044	-0.008	0.927	-1.038	-22.827	2.014	-1.967	3.571	-2.175	0.00	0.00	0.00	0.00000	0.00000	0.00000	0.00000
WT2(D809BF402BC3)	3.93	13103	 2021-05-17 21:10:48.137	-0.072	-1.010	-0.068	1.770	-0.366	-27.100	-94.367	4.785	-66.808	0.00	0.00	0.00	-0.58420	0.59589	-0.42773	0.34732
WT2(D809BF402BC3)	3.93	13103	 2021-05-17 21:10:48.235	-0.021	-1.045	-0.075	1.587	1.404	-28.931	-94.164	2.219	-67.473	0.00	0.00	0.00	-0.58420	0.59589	-0.42773	0.34732
WT1(E604078EA627)	3.88	13104	 2021-05-17 21:10:48.248	0.015	-0.006	0.940	-1.038	-22.278	1.221	-1.994	0.934	-2.225	0.00	0.00	0.00	0.00000	0.00000	0.00000	0.00000
WT1(E604078EA627)	3.88	13104	 2021-05-17 21:10:48.337	0.058	-0.029	0.983	-1.160	-17.212	2.747	-2.038	-1.857	-2.324	0.00	0.00	0.00	0.00000	0.00000	0.00000	0.00000
WT2(D809BF402BC3)	3.93	13103	 2021-05-17 21:10:48.342	0.021	-1.054	-0.068	1.587	-0.977	-25.391	-93.939	-0.286	-68.143	0.00	0.00	0.00	-0.56931	0.60364	-0.41348	0.37485
WT2(D809BF402BC3)	3.93	13103	 2021-05-17 21:10:48.429	0.057	-1.015	-0.061	1.038	0.244	-23.376	-93.697	-2.521	-68.785	0.00	0.00	0.00	-0.56931	0.60364	-0.41348	0.37485
WT1(E604078EA627)	3.88	13104	 2021-05-17 21:10:48.487	0.086	0.000	0.935	-1.709	-15.015	0.916	-2.005	-4.125	-2.368	0.00	0.00	0.00	0.00000	0.00000	0.00000	0.00000
WT2(D809BF402BC3)	3.93	13103	 2021-05-17 21:10:48.535	0.094	-1.022	-0.075	0.977	-1.404	-21.912	-93.527	-4.664	-69.598	0.00	0.00	0.00	-0.56931	0.60364	-0.41348	0.37485
WT1(E604078EA627)	3.88	13104	 2021-05-17 21:10:48.591	0.128	-0.053	0.951	-1.587	-13.550	2.441	-2.060	-6.422	-2.565	0.00	0.00	0.00	0.00000	0.00000	0.00000	0.00000
WT2(D809BF402BC3)	3.93	13103	 2021-05-17 21:10:48.625	0.117	-1.015	-0.059	1.831	-2.991	-21.057	-93.323	-6.812	-70.219	0.00	0.00	0.00	-0.53598	0.61716	-0.38467	0.42874
WT1(E604078EA627)	3.88	13104	 2021-05-17 21:10:48.636	0.161	-0.036	0.989	-0.977	-17.212	3.296	-2.159	-8.806	-2.466	0.00	0.00	0.00	0.00000	0.00000	0.00000	0.00000
WT2(D809BF402BC3)	3.93	13103	 2021-05-17 21:10:48.745	0.145	-0.997	-0.047	4.028	0.977	-22.400	-93.082	-9.080	-70.889	0.00	0.00	0.00	-0.53598	0.61716	-0.38467	0.42874
WT1(E604078EA627)	3.88	13104	 2021-05-17 21:10:48.772	0.207	-0.022	0.976	0.732	-18.982	0.427	-2.164	-11.250	-2.444	0.00	0.00	0.00	0.00000	0.00000	0.00000	0.00000
WT1(E604078EA627)	3.88	13104	 2021-05-17 21:10:48.832	0.252	-0.064	0.978	0.000	-17.151	1.770	-2.181	-13.733	-2.510	0.00	0.00	0.00	0.00000	0.00000	0.00000	0.00000
WT2(D809BF402BC3)	3.93	13103	 2021-05-17 21:10:48.834	0.195	-0.984	-0.057	2.197	-1.343	-22.766	-92.818	-11.420	-71.625	0.00	0.00	0.00	-0.51782	0.62320	-0.36926	0.45505
WT1(E604078EA627)	3.88	13104	 2021-05-17 21:10:48.923	0.289	-0.006	0.938	-1.160	-12.939	4.333	-2.258	-15.787	-2.203	0.00	0.00	0.00	0.00000	0.00000	0.00000	0.00000
WT2(D809BF402BC3)	3.93	13103	 2021-05-17 21:10:48.925	0.238	-0.993	-0.027	3.662	-2.991	-22.400	-92.554	-13.442	-72.037	0.00	0.00	0.00	-0.51782	0.62320	-0.36926	0.45505
WT1(E604078EA627)	3.88	13104	 2021-05-17 21:10:49.042	0.334	-0.027	0.961	0.061	-21.179	-0.671	-2.164	-18.270	-2.109	0.00	0.00	0.00	0.00000	0.00000	0.00000	0.00000
WT2(D809BF402BC3)	3.93	13103	 2021-05-17 21:10:49.048	0.275	-0.973	-0.038	2.991	1.648	-23.376	-92.060	-15.848	-72.647	0.00	0.00	0.00	-0.51782	0.62320	-0.36926	0.45505
WT2(D809BF402BC3)	3.93	13103	 2021-05-17 21:10:49.120	0.315	-0.945	-0.032	1.892	0.244	-21.912	-91.769	-18.611	-73.361	0.00	0.00	0.00	-0.51782	0.62320	-0.36926	0.45505
WT1(E604078EA627)	3.88	13104	 2021-05-17 21:10:49.133	0.381	-0.054	0.969	0.427	-19.409	0.244	-2.203	-20.671	-2.098	0.00	0.00	0.00	0.00000	0.00000	0.00000	0.00000
WT2(D809BF402BC3)	3.93	13103	 2021-05-17 21:10:49.225	0.342	-0.937	-0.015	7.019	-0.793	-21.240	-91.500	-20.709	-73.943	0.00	0.00	0.00	-0.48035	0.63577	-0.33206	0.50470
WT1(E604078EA627)	3.88	13104	 2021-05-17 21:10:49.237	0.390	-0.020	0.928	0.610	-15.503	1.221	-2.236	-22.736	-1.901	0.00	0.00	0.00	0.00000	0.00000	0.00000	0.00000
WT1(E604078EA627)	3.88	13104	 2021-05-17 21:10:49.327	0.428	-0.033	0.864	0.732	-17.151	0.427	-2.175	-24.983	-1.802	0.00	0.00	0.00	0.00000	0.00000	0.00000	0.00000
WT2(D809BF402BC3)	3.93	13103	 2021-05-17 21:10:49.331	0.375	-0.914	0.000	2.991	1.282	-29.968	-91.121	-22.994	-74.652	0.00	0.00	0.00	-0.48035	0.63577	-0.33206	0.50470
WT2(D809BF402BC3)	3.93	13103	 2021-05-17 21:10:49.419	0.421	-0.926	-0.013	2.808	-2.319	-26.489	-90.731	-25.856	-75.245	0.00	0.00	0.00	-0.45346	0.64276	-0.30750	0.53537
WT1(E604078EA627)	3.88	13104	 2021-05-17 21:10:49.447	0.496	-0.040	0.878	-1.831	-20.569	3.784	-2.285	-27.938	-1.467	0.00	0.00	0.00	0.00000	0.00000	0.00000	0.00000
WT1(E604078EA627)	3.88	13104	 2021-05-17 21:10:49.537	0.535	-0.013	0.894	-1.526	-18.860	2.075	-2.461	-30.432	-1.044	0.00	0.00	0.00	0.00000	0.00000	0.00000	0.00000
WT2(D809BF402BC3)	3.93	13103	 2021-05-17 21:10:49.544	0.466	-0.882	0.011	3.113	-1.160	-23.254	-90.516	-28.361	-75.635	0.00	0.00	0.00	-0.45346	0.64276	-0.30750	0.53537
WT2(D809BF402BC3)	3.93	13103	 2021-05-17 21:10:49.615	0.499	-0.866	0.002	5.188	2.502	-21.423	-90.088	-30.575	-76.223	0.00	0.00	0.00	-0.45346	0.64276	-0.30750	0.53537
WT1(E604078EA627)	3.88	13104	 2021-05-17 21:10:49.642	0.551	-0.037	0.870	0.000	-14.526	-1.099	-2.417	-32.514	-0.983	0.00	0.00	0.00	0.00000	0.00000	0.00000	0.00000
WT2(D809BF402BC3)	3.93	13103	 2021-05-17 21:10:49.719	0.529	-0.884	-0.017	4.272	0.854	-21.057	-89.736	-32.580	-76.987	0.00	0.00	0.00	-0.41949	0.65213	-0.27350	0.56909
WT1(E604078EA627)	3.88	13104	 2021-05-17 21:10:49.748	0.580	-0.042	0.805	-0.305	-19.409	1.343	-2.510	-34.492	-0.764	0.00	0.00	0.00	0.00000	0.00000	0.00000	0.00000
WT2(D809BF402BC3)	3.93	13103	 2021-05-17 21:10:49.809	0.549	-0.757	0.019	4.395	0.305	-23.987	-89.291	-34.975	-77.481	0.00	0.00	0.00	-0.41949	0.65213	-0.27350	0.56909
WT1(E604078EA627)	3.88	13104	 2021-05-17 21:10:49.883	0.625	-0.045	0.825	-0.488	-18.494	2.014	-2.686	-36.793	-0.335	0.00	0.00	0.00	0.00000	0.00000	0.00000	0.00000
WT2(D809BF402BC3)	3.93	13103	 2021-05-17 21:10:49.914	0.600	-0.783	0.022	2.991	1.343	-25.574	-88.945	-37.584	-77.915	0.00	0.00	0.00	-0.39417	0.65732	-0.24985	0.59167
WT1(E604078EA627)	3.88	13104	 2021-05-17 21:10:49.946	0.655	-0.049	0.844	-0.854	-22.522	1.343	-2.840	-39.276	0.137	0.00	0.00	0.00	0.00000	0.00000	0.00000	0.00000
WT2(D809BF402BC3)	3.93	13103	 2021-05-17 21:10:50.006	0.646	-0.738	0.027	5.798	1.038	-24.902	-88.610	-40.023	-78.393	0.00	0.00	0.00	-0.39417	0.65732	-0.24985	0.59167
WT1(E604078EA627)	3.88	13104	 2021-05-17 21:10:50.048	0.674	-0.061	0.848	1.526	-27.893	-2.258	-2.944	-41.704	0.533	0.00	0.00	0.00	0.00000	0.00000	0.00000	0.00000
WT2(D809BF402BC3)	3.93	13103	 2021-05-17 21:10:50.109	0.709	-0.781	0.008	1.343	0.183	-22.095	-88.253	-42.182	-79.107	0.00	0.00	0.00	-0.39417	0.65732	-0.24985	0.59167
WT1(E604078EA627)	3.88	13104	 2021-05-17 21:10:50.137	0.729	-0.028	0.717	1.587	-22.888	1.099	-3.164	-43.627	1.005	0.00	0.00	0.00	0.00000	0.00000	0.00000	0.00000
WT2(D809BF402BC3)	3.93	13103	 2021-05-17 21:10:50.216	0.662	-0.693	0.037	2.258	2.625	-21.057	-87.643	-44.566	-79.634	0.00	0.00	0.00	-0.34579	0.66721	-0.20126	0.62823
WT2(D809BF402BC3)	3.93	13103	 2021-05-17 21:10:50.320	0.758	-0.707	0.012	2.258	1.587	-24.902	-87.297	-46.725	-80.327	0.00	0.00	0.00	-0.34579	0.66721	-0.20126	0.62823
WT1(E604078EA627)	3.88	13104	 2021-05-17 21:10:50.334	0.717	-0.050	0.746	-0.977	-12.756	-0.427	-3.120	-46.022	1.170	0.00	0.00	0.00	0.00000	0.00000	0.00000	0.00000
WT1(E604078EA627)	3.88	13104	 2021-05-17 21:10:50.346	0.764	-0.058	0.717	1.099	-25.635	-0.427	-3.307	-48.356	1.736	0.00	0.00	0.00	0.00000	0.00000	0.00000	0.00000
WT1(E604078EA627)	3.88	13104	 2021-05-17 21:10:50.456	0.797	-0.039	0.639	0.000	-29.663	0.000	-3.702	-50.790	2.455	0.00	0.00	0.00	0.00000	0.00000	0.00000	0.00000
WT2(D809BF402BC3)	3.93	13103	 2021-05-17 21:10:50.532	0.797	-0.633	0.033	2.197	-0.305	-26.855	-86.364	-51.883	-81.288	0.00	0.00	0.00	-0.31726	0.67218	-0.17404	0.64590
WT1(E604078EA627)	3.88	13104	 2021-05-17 21:10:50.558	0.846	-0.044	0.624	0.061	-23.132	1.892	-4.021	-53.322	3.093	0.00	0.00	0.00	0.00000	0.00000	0.00000	0.00000
WT2(D809BF402BC3)	3.93	13103	 2021-05-17 21:10:50.604	0.803	-0.614	0.044	2.808	-0.305	-22.766	-85.963	-54.426	-81.700	0.00	0.00	0.00	-0.31726	0.67218	-0.17404	0.64590
WT1(E604078EA627)	3.88	13104	 2021-05-17 21:10:50.662	0.841	-0.032	0.643	-0.427	-18.799	0.977	-4.389	-55.701	3.686	0.00	0.00	0.00	0.00000	0.00000	0.00000	0.00000
WT2(D809BF402BC3)	3.93	13103	 2021-05-17 21:10:50.709	0.870	-0.587	0.035	0.793	0.366	-22.339	-85.573	-56.591	-82.079	0.00	0.00	0.00	-0.28632	0.67770	-0.14157	0.66232
WT1(E604078EA627)	3.88	13104	 2021-05-17 21:10:50.753	0.870	-0.047	0.547	-0.061	-26.733	-1.831	-4.680	-57.788	4.257	0.00	0.00	0.00	0.00000	0.00000	0.00000	0.00000
WT2(D809BF402BC3)	3.93	13103	 2021-05-17 21:10:50.799	0.840	-0.533	0.039	1.587	0.000	-22.339	-84.886	-58.881	-82.892	0.00	0.00	0.00	-0.28632	0.67770	-0.14157	0.66232
WT1(E604078EA627)	3.88	13104	 2021-05-17 21:10:50.875	0.899	-0.050	0.483	-1.892	-18.738	2.258	-5.240	-59.843	5.021	0.00	0.00	0.00	0.00000	0.00000	0.00000	0.00000
WT2(D809BF402BC3)	3.93	13103	 2021-05-17 21:10:50.905	0.851	-0.491	0.049	4.089	0.671	-23.376	-84.370	-61.216	-83.441	0.00	0.00	0.00	-0.25876	0.68127	-0.11356	0.67526
WT1(E604078EA627)	3.88	13104	 2021-05-17 21:10:50.947	0.927	-0.051	0.474	-0.610	-21.423	0.000	-5.554	-62.089	5.680	0.00	0.00	0.00	0.00000	0.00000	0.00000	0.00000
WT2(D809BF402BC3)	3.93	13103	 2021-05-17 21:10:50.995	0.895	-0.455	0.043	2.380	-0.305	-25.085	-83.672	-63.649	-84.276	0.00	0.00	0.00	-0.25876	0.68127	-0.11356	0.67526
WT1(E604078EA627)	3.88	13104	 2021-05-17 21:10:51.068	0.943	-0.053	0.471	0.427	-21.484	2.319	-6.416	-64.336	6.801	0.00	0.00	0.00	0.00000	0.00000	0.00000	0.00000
WT2(D809BF402BC3)	3.93	13103	 2021-05-17 21:10:51.115	0.920	-0.421	0.060	1.648	-0.183	-21.240	-83.112	-65.918	-84.683	0.00	0.00	0.00	-0.25876	0.68127	-0.11356	0.67526
WT1(E604078EA627)	3.88	13104	 2021-05-17 21:10:51.173	0.952	-0.057	0.422	-1.526	-16.052	-1.038	-6.954	-66.160	7.454	0.00	0.00	0.00	0.00000	0.00000	0.00000	0.00000
WT2(D809BF402BC3)	3.93	13103	 2021-05-17 21:10:51.190	0.897	-0.386	0.021	-1.221	-25.024	-48.340	-84.166	-68.763	-83.688	0.00	0.00	0.00	-0.25876	0.68127	-0.11356	0.67526
WT1(E604078EA627)	3.88	13104	 2021-05-17 21:10:51.262	0.946	-0.062	0.382	-2.502	-16.174	1.892	-7.619	-67.742	8.218	0.00	0.00	0.00	0.00000	0.00000	0.00000	0.00000
WT2(D809BF402BC3)	3.93	13103	 2021-05-17 21:10:51.295	0.958	-0.324	0.054	-0.427	-2.502	-24.231	-84.073	-71.010	-86.078	0.00	0.00	0.00	-0.20181	0.69247	-0.05573	0.69037
WT1(E604078EA627)	3.88	13104	 2021-05-17 21:10:51.366	0.959	-0.056	0.348	0.305	-25.208	-0.671	-8.542	-69.763	9.448	0.00	0.00	0.00	0.00000	0.00000	0.00000	0.00000
WT2(D809BF402BC3)	3.93	13103	 2021-05-17 21:10:51.415	0.952	-0.300	0.027	1.160	-1.282	-28.198	-83.282	-73.575	-88.412	0.00	0.00	0.00	-0.20181	0.69247	-0.05573	0.69037
WT1(E604078EA627)	3.88	13104	 2021-05-17 21:10:51.457	1.000	-0.068	0.290	1.282	-25.879	2.197	-10.058	-72.175	11.294	0.00	0.00	0.00	0.00000	0.00000	0.00000	0.00000
WT2(D809BF402BC3)	3.93	13103	 2021-05-17 21:10:51.493	0.992	-0.257	0.018	2.014	-2.075	-25.757	-82.595	-76.300	-95.323	0.00	0.00	0.00	-0.12485	0.69315	-0.06036	0.70731
WT1(E604078EA627)	3.88	13104	 2021-05-17 21:10:51.577	1.007	-0.025	0.275	-0.732	-22.766	1.892	-12.063	-74.482	13.453	0.00	0.00	0.00	0.00000	0.00000	0.00000	0.00000
WT2(D809BF402BC3)	3.93	13103	 2021-05-17 21:10:51.598	1.013	-0.212	0.038	2.502	-1.526	-22.461	-81.656	-78.646	-100.020	0.00	0.00	0.00	-0.12485	0.69315	-0.06036	0.70731
WT1(E604078EA627)	3.88	13104	 2021-05-17 21:10:51.668	0.995	-0.045	0.233	-1.465	-21.912	-1.587	-13.398	-76.426	14.985	0.00	0.00	0.00	0.00000	0.00000	0.00000	0.00000
WT2(D809BF402BC3)	3.93	13103	 2021-05-17 21:10:51.700	0.978	-0.160	0.037	-1.404	1.099	-22.217	-77.975	-81.337	-110.336	0.00	0.00	0.00	-0.12485	0.69315	-0.06036	0.70731
WT1(E604078EA627)	3.88	13104	 2021-05-17 21:10:51.802	1.003	-0.074	0.171	-3.174	-19.775	0.000	-15.705	-78.437	17.111	0.00	0.00	0.00	0.00000	0.00000	0.00000	0.00000
WT1(E604078EA627)	3.88	13104	 2021-05-17 21:10:51.862	1.025	-0.061	0.163	0.671	-21.118	1.892	-19.858	-80.541	21.418	0.00	0.00	0.00	0.00000	0.00000	0.00000	0.00000
WT2(D809BF402BC3)	3.93	13103	 2021-05-17 21:10:51.894	1.002	-0.075	0.034	2.197	-3.174	-26.733	-64.753	-86.012	-136.489	0.00	0.00	0.00	0.05643	0.68402	-0.12836	0.71582
WT1(E604078EA627)	3.88	13104	 2021-05-17 21:10:51.972	1.013	-0.074	0.204	-10.498	-8.484	-2.625	-19.308	-80.524	20.270	0.00	0.00	0.00	0.00000	0.00000	0.00000	0.00000
WT2(D809BF402BC3)	3.93	13103	 2021-05-17 21:10:52.000	1.004	-0.002	0.039	0.000	-0.977	2.808	-33.278	-87.951	-174.056	0.00	0.00	0.00	0.05643	0.68402	-0.12836	0.71582
