设备名称	电压	版本	片上时间	加速度X(g)	加速度Y(g)	加速度Z(g)	角速度X(°/s)	角速度Y(°/s)	角速度Z(°/s)	角度X(°)	角度Y(°)	角度Z(°)	磁场X	磁场Y	磁场Z	四元数0	四元数1	四元数2	四元数3	状态
WT1(E604078EA627)	3.87	13104	 2021-05-17 21:18:49.512	1.006	0.028	0.206	3.296	-8.850	0.549	7.273	-77.547	-10.624	0.00	0.00	0.00	0.00000	0.00000	0.00000	0.00000
WT2(D809BF402BC3)	3.93	13103	 2021-05-17 21:18:49.524	1.021	-0.059	0.069	0.854	0.244	-5.310	-42.253	-85.666	-66.660	0.00	0.00	0.00	-0.43564	0.57025	0.38321	0.58148
WT1(E604078EA627)	3.87	13104	 2021-05-17 21:18:49.565	1.015	0.037	0.249	2.014	-2.319	-0.244	7.927	-78.140	-10.876	0.00	0.00	0.00	0.00000	0.00000	0.00000	0.00000
WT2(D809BF402BC3)	3.93	13103	 2021-05-17 21:18:49.628	1.004	-0.065	0.073	-1.343	0.122	0.549	-40.540	-85.671	-63.265	0.00	0.00	0.00	-0.43564	0.57025	0.38321	0.58148
WT1(E604078EA627)	3.87	13104	 2021-05-17 21:18:49.716	1.011	0.028	0.221	0.366	1.648	-0.793	8.344	-78.041	-11.069	0.00	0.00	0.00	0.00000	0.00000	0.00000	0.00000
WT2(D809BF402BC3)	3.93	13103	 2021-05-17 21:18:49.735	0.996	-0.083	0.044	-4.944	-0.488	2.625	-43.209	-85.556	-55.948	0.00	0.00	0.00	-0.43564	0.57025	0.38321	0.58148
WT1(E604078EA627)	3.87	13104	 2021-05-17 21:18:49.775	1.009	0.008	0.208	0.244	2.563	-0.427	7.883	-77.761	-10.690	0.00	0.00	0.00	0.00000	0.00000	0.00000	0.00000
WT2(D809BF402BC3)	3.93	13103	 2021-05-17 21:18:49.823	0.996	-0.055	0.059	1.404	-0.488	1.770	-45.736	-85.474	-48.153	0.00	0.00	0.00	-0.49551	0.52747	0.44037	0.53128
WT1(E604078EA627)	3.87	13104	 2021-05-17 21:18:49.871	1.008	0.028	0.208	1.099	1.770	1.221	7.410	-77.640	-9.877	0.00	0.00	0.00	0.00000	0.00000	0.00000	0.00000
WT2(D809BF402BC3)	3.93	13103	 2021-05-17 21:18:49.928	0.995	-0.065	0.055	2.869	1.038	-1.648	-46.664	-85.441	-42.572	0.00	0.00	0.00	-0.49551	0.52747	0.44037	0.53128
WT1(E604078EA627)	3.87	13104	 2021-05-17 21:18:49.971	1.007	0.019	0.193	3.906	-2.563	-0.488	7.833	-77.778	-9.783	0.00	0.00	0.00	0.00000	0.00000	0.00000	0.00000
WT2(D809BF402BC3)	3.93	13103	 2021-05-17 21:18:50.018	1.009	-0.055	0.075	3.418	1.099	-2.197	-42.863	-85.534	-41.616	0.00	0.00	0.00	-0.49551	0.52747	0.44037	0.53128
WT1(E604078EA627)	3.87	13104	 2021-05-17 21:18:50.075	0.979	0.046	0.291	2.502	-5.249	-1.038	8.762	-78.124	-10.283	0.00	0.00	0.00	0.00000	0.00000	0.00000	0.00000
WT2(D809BF402BC3)	3.93	13103	 2021-05-17 21:18:50.124	1.030	-0.108	0.066	0.000	1.953	20.264	-48.505	-84.814	-32.075	0.00	0.00	0.00	-0.55505	0.47058	0.49963	0.46988
WT1(E604078EA627)	3.87	13104	 2021-05-17 21:18:50.196	1.023	0.038	0.284	0.732	31.189	-2.380	8.899	-76.921	-10.574	0.00	0.00	0.00	0.00000	0.00000	0.00000	0.00000
WT2(D809BF402BC3)	3.93	13103	 2021-05-17 21:18:50.229	1.030	-0.126	0.069	-3.906	0.854	28.320	-61.496	-82.672	-15.974	0.00	0.00	0.00	-0.55505	0.47058	0.49963	0.46988
WT1(E604078EA627)	3.87	13104	 2021-05-17 21:18:50.322	0.970	0.044	0.275	-1.648	29.785	-3.784	8.097	-73.927	-9.915	0.00	0.00	0.00	0.00000	0.00000	0.00000	0.00000
WT1(E604078EA627)	3.87	13104	 2021-05-17 21:18:50.375	0.981	0.015	0.295	2.991	24.414	-2.014	8.289	-71.197	-9.866	0.00	0.00	0.00	0.00000	0.00000	0.00000	0.00000
WT2(D809BF402BC3)	3.93	13103	 2021-05-17 21:18:50.427	0.989	-0.186	0.062	1.465	1.343	24.109	-72.900	-77.377	-4.999	0.00	0.00	0.00	-0.60211	0.47351	0.49490	0.41022
WT1(E604078EA627)	3.87	13104	 2021-05-17 21:18:50.481	0.969	0.048	0.290	0.916	21.423	1.343	7.509	-69.093	-8.547	0.00	0.00	0.00	0.00000	0.00000	0.00000	0.00000
WT2(D809BF402BC3)	3.93	13103	 2021-05-17 21:18:50.514	0.996	-0.196	0.066	2.197	0.000	17.700	-74.839	-75.421	-2.917	0.00	0.00	0.00	-0.60211	0.47351	0.49490	0.41022
WT1(E604078EA627)	3.87	13104	 2021-05-17 21:18:50.587	0.964	0.078	0.381	2.136	10.925	-3.540	7.339	-67.725	-7.998	0.00	0.00	0.00	0.00000	0.00000	0.00000	0.00000
WT2(D809BF402BC3)	3.93	13103	 2021-05-17 21:18:50.618	0.970	-0.264	0.090	-2.380	5.188	13.672	-75.064	-73.790	-4.686	0.00	0.00	0.00	-0.61899	0.50476	0.45789	0.39035
WT1(E604078EA627)	3.87	13104	 2021-05-17 21:18:50.707	0.968	0.047	0.446	1.709	10.254	-5.554	8.317	-66.528	-8.987	0.00	0.00	0.00	0.00000	0.00000	0.00000	0.00000
WT2(D809BF402BC3)	3.93	13103	 2021-05-17 21:18:50.713	0.979	-0.307	0.083	-2.808	3.418	21.851	-74.899	-72.114	-8.531	0.00	0.00	0.00	-0.61899	0.50476	0.45789	0.39035
WT1(E604078EA627)	3.87	13104	 2021-05-17 21:18:50.781	0.920	0.043	0.473	-1.831	26.855	0.183	8.004	-64.391	-9.102	0.00	0.00	0.00	0.00000	0.00000	0.00000	0.00000
WT2(D809BF402BC3)	3.93	13103	 2021-05-17 21:18:50.813	0.941	-0.350	0.066	0.427	0.000	27.893	-76.740	-69.434	-10.668	0.00	0.00	0.00	-0.61899	0.50476	0.45789	0.39035
WT2(D809BF402BC3)	3.93	13103	 2021-05-17 21:18:50.920	0.914	-0.401	0.095	-0.671	1.160	27.649	-78.118	-66.599	-12.678	0.00	0.00	0.00	-0.60788	0.55615	0.38782	0.41318
WT1(E604078EA627)	3.87	13104	 2021-05-17 21:18:50.930	0.915	0.087	0.482	0.549	26.672	-1.770	7.427	-61.771	-8.492	0.00	0.00	0.00	0.00000	0.00000	0.00000	0.00000
WT2(D809BF402BC3)	3.93	13103	 2021-05-17 21:18:51.011	0.909	-0.427	0.071	-3.540	-0.671	24.475	-79.255	-64.144	-15.172	0.00	0.00	0.00	-0.60788	0.55615	0.38782	0.41318
WT1(E604078EA627)	3.87	13104	 2021-05-17 21:18:51.021	0.903	0.045	0.513	-1.648	22.888	-0.671	7.333	-59.442	-8.470	0.00	0.00	0.00	0.00000	0.00000	0.00000	0.00000
WT1(E604078EA627)	3.87	13104	 2021-05-17 21:18:51.080	0.808	0.003	0.544	5.249	28.198	1.770	6.564	-57.156	-7.784	0.00	0.00	0.00	0.00000	0.00000	0.00000	0.00000
WT2(D809BF402BC3)	3.93	13103	 2021-05-17 21:18:51.114	0.845	-0.484	0.010	7.324	-2.686	28.748	-80.557	-61.430	-17.292	0.00	0.00	0.00	-0.59882	0.60654	0.30487	0.42490
WT2(D809BF402BC3)	3.93	13103	 2021-05-17 21:18:51.203	0.909	-0.496	0.133	0.732	4.028	15.137	-80.865	-59.502	-19.127	0.00	0.00	0.00	-0.59882	0.60654	0.30487	0.42490
WT1(E604078EA627)	3.87	13104	 2021-05-17 21:18:51.231	0.900	0.179	0.514	7.019	9.888	2.319	6.537	-55.492	-6.652	0.00	0.00	0.00	0.00000	0.00000	0.00000	0.00000
WT1(E604078EA627)	3.87	13104	 2021-05-17 21:18:51.291	0.828	0.108	0.622	-2.686	13.916	-12.207	7.465	-54.305	-7.916	0.00	0.00	0.00	0.00000	0.00000	0.00000	0.00000
WT2(D809BF402BC3)	3.93	13103	 2021-05-17 21:18:51.309	0.835	-0.547	0.110	-5.798	9.766	14.832	-80.217	-57.892	-23.225	0.00	0.00	0.00	-0.59882	0.60654	0.30487	0.42490
WT2(D809BF402BC3)	3.93	13103	 2021-05-17 21:18:51.413	0.827	-0.588	0.065	-7.263	6.531	27.161	-80.288	-55.508	-27.438	0.00	0.00	0.00	-0.59048	0.62991	0.23846	0.44452
WT1(E604078EA627)	3.87	13104	 2021-05-17 21:18:51.427	0.810	0.035	0.688	-7.263	25.574	-9.460	8.004	-52.388	-9.657	0.00	0.00	0.00	0.00000	0.00000	0.00000	0.00000
WT1(E604078EA627)	3.87	13104	 2021-05-17 21:18:51.502	0.793	0.029	0.679	-0.610	33.630	0.061	7.372	-49.312	-9.855	0.00	0.00	0.00	0.00000	0.00000	0.00000	0.00000
WT2(D809BF402BC3)	3.93	13103	 2021-05-17 21:18:51.506	0.816	-0.619	0.076	-1.038	-3.174	40.100	-81.557	-51.883	-29.740	0.00	0.00	0.00	-0.59048	0.62991	0.23846	0.44452
WT1(E604078EA627)	3.87	13104	 2021-05-17 21:18:51.590	0.762	0.134	0.685	-3.601	29.419	-2.808	6.916	-46.274	-9.586	0.00	0.00	0.00	0.00000	0.00000	0.00000	0.00000
WT2(D809BF402BC3)	3.93	13103	 2021-05-17 21:18:51.608	0.763	-0.656	0.115	-5.371	1.953	36.316	-82.579	-48.230	-31.657	0.00	0.00	0.00	-0.59048	0.62991	0.23846	0.44452
WT2(D809BF402BC3)	3.93	13103	 2021-05-17 21:18:51.714	0.721	-0.677	0.098	-10.071	6.348	23.926	-83.062	-45.522	-34.651	0.00	0.00	0.00	-0.58289	0.66956	0.09619	0.45013
WT1(E604078EA627)	3.87	13104	 2021-05-17 21:18:51.725	0.719	0.101	0.707	-6.958	21.912	-8.240	6.932	-43.671	-10.344	0.00	0.00	0.00	0.00000	0.00000	0.00000	0.00000
WT1(E604078EA627)	3.87	13104	 2021-05-17 21:18:51.816	0.687	0.058	0.771	-7.629	19.287	-7.080	6.625	-41.671	-11.310	0.00	0.00	0.00	0.00000	0.00000	0.00000	0.00000
WT2(D809BF402BC3)	3.93	13103	 2021-05-17 21:18:51.823	0.692	-0.722	0.071	-8.789	5.859	23.743	-83.721	-43.253	-37.908	0.00	0.00	0.00	-0.58289	0.66956	0.09619	0.45013
WT2(D809BF402BC3)	3.93	13103	 2021-05-17 21:18:51.894	0.671	-0.754	0.084	-7.568	4.822	23.865	-84.287	-40.842	-40.825	0.00	0.00	0.00	-0.58289	0.66956	0.09619	0.45013
WT1(E604078EA627)	3.87	13104	 2021-05-17 21:18:51.905	0.666	0.088	0.784	-5.859	21.851	-6.592	6.378	-39.298	-12.200	0.00	0.00	0.00	0.00000	0.00000	0.00000	0.00000
WT1(E604078EA627)	3.87	13104	 2021-05-17 21:18:51.997	0.625	0.102	0.837	-9.827	20.691	-9.338	6.037	-37.299	-13.134	0.00	0.00	0.00	0.00000	0.00000	0.00000	0.00000
WT2(D809BF402BC3)	3.93	13103	 2021-05-17 21:18:52.014	0.623	-0.779	0.073	-11.902	6.775	22.644	-84.952	-38.595	-43.654	0.00	0.00	0.00	-0.56906	0.67984	0.01978	0.46213
WT2(D809BF402BC3)	3.93	13103	 2021-05-17 21:18:52.103	0.602	-0.796	0.077	-12.939	9.277	24.963	-85.589	-36.145	-46.522	0.00	0.00	0.00	-0.56906	0.67984	0.01978	0.46213
WT1(E604078EA627)	3.87	13104	 2021-05-17 21:18:52.130	0.595	0.123	0.833	-10.986	25.757	-12.512	5.713	-34.898	-14.249	0.00	0.00	0.00	0.00000	0.00000	0.00000	0.00000
WT2(D809BF402BC3)	3.93	13103	 2021-05-17 21:18:52.194	0.558	-0.822	0.045	-8.362	10.620	24.048	-86.006	-33.668	-49.647	0.00	0.00	0.00	-0.55258	0.68158	-0.08005	0.47293
WT1(E604078EA627)	3.87	13104	 2021-05-17 21:18:52.236	0.573	0.061	0.856	-5.859	23.560	-13.306	5.636	-32.487	-15.672	0.00	0.00	0.00	0.00000	0.00000	0.00000	0.00000
WT2(D809BF402BC3)	3.93	13103	 2021-05-17 21:18:52.313	0.527	-0.853	0.045	-7.202	7.080	20.386	-86.331	-31.443	-52.460	0.00	0.00	0.00	-0.55258	0.68158	-0.08005	0.47293
WT1(E604078EA627)	3.87	13104	 2021-05-17 21:18:52.355	0.516	0.063	0.867	-5.615	19.592	-9.094	5.482	-30.328	-16.793	0.00	0.00	0.00	0.00000	0.00000	0.00000	0.00000
WT1(E604078EA627)	3.87	13104	 2021-05-17 21:18:52.401	0.509	0.040	0.901	-0.244	14.771	-3.357	5.301	-28.542	-17.452	0.00	0.00	0.00	0.00000	0.00000	0.00000	0.00000
WT2(D809BF402BC3)	3.93	13103	 2021-05-17 21:18:52.403	0.513	-0.857	0.023	-2.075	0.854	18.616	-86.699	-29.531	-54.679	0.00	0.00	0.00	-0.54565	0.67639	-0.12823	0.47778
WT2(D809BF402BC3)	3.93	13103	 2021-05-17 21:18:52.496	0.482	-0.886	0.045	0.244	-1.709	19.592	-86.940	-27.625	-56.217	0.00	0.00	0.00	-0.54565	0.67639	-0.12823	0.47778
WT1(E604078EA627)	3.87	13104	 2021-05-17 21:18:52.525	0.476	0.108	0.914	0.122	18.738	-0.610	5.240	-26.680	-17.540	0.00	0.00	0.00	0.00000	0.00000	0.00000	0.00000
WT2(D809BF402BC3)	3.93	13103	 2021-05-17 21:18:52.598	0.432	-0.916	0.059	0.122	0.854	23.071	-86.984	-25.422	-57.673	0.00	0.00	0.00	-0.54565	0.67639	-0.12823	0.47778
WT1(E604078EA627)	3.87	13104	 2021-05-17 21:18:52.610	0.435	0.100	0.938	0.549	23.010	-2.625	5.400	-24.472	-17.836	0.00	0.00	0.00	0.00000	0.00000	0.00000	0.00000
WT2(D809BF402BC3)	3.93	13103	 2021-05-17 21:18:52.689	0.393	-0.920	0.052	-2.991	1.831	23.315	-87.160	-22.967	-59.189	0.00	0.00	0.00	-0.54938	0.65897	-0.20703	0.47012
WT1(E604078EA627)	3.87	13104	 2021-05-17 21:18:52.716	0.369	0.107	0.891	-3.784	22.339	-3.357	5.361	-21.995	-18.188	0.00	0.00	0.00	0.00000	0.00000	0.00000	0.00000
WT2(D809BF402BC3)	3.93	13103	 2021-05-17 21:18:52.794	0.345	-0.897	0.060	-6.409	8.240	21.667	-87.556	-20.786	-60.864	0.00	0.00	0.00	-0.54938	0.65897	-0.20703	0.47012
WT1(E604078EA627)	3.87	13104	 2021-05-17 21:18:52.836	0.343	0.096	0.933	-2.319	23.804	-7.202	5.235	-19.852	-18.858	0.00	0.00	0.00	0.00000	0.00000	0.00000	0.00000
WT2(D809BF402BC3)	3.93	13103	 2021-05-17 21:18:52.885	0.330	-0.950	0.036	-1.648	4.944	22.827	-87.742	-18.589	-62.650	0.00	0.00	0.00	-0.54938	0.64523	-0.25500	0.46561
WT1(E604078EA627)	3.87	13104	 2021-05-17 21:18:52.910	0.318	0.077	0.967	0.244	21.729	-6.714	5.273	-17.710	-19.600	0.00	0.00	0.00	0.00000	0.00000	0.00000	0.00000
WT2(D809BF402BC3)	3.93	13103	 2021-05-17 21:18:52.987	0.290	-0.968	0.026	-1.099	4.028	22.156	-87.880	-16.375	-64.204	0.00	0.00	0.00	-0.54938	0.64523	-0.25500	0.46561
WT1(E604078EA627)	3.87	13104	 2021-05-17 21:18:53.015	0.263	0.071	0.980	1.221	20.508	-4.883	5.273	-15.540	-20.209	0.00	0.00	0.00	0.00000	0.00000	0.00000	0.00000
WT2(D809BF402BC3)	3.93	13103	 2021-05-17 21:18:53.095	0.256	-0.972	0.024	-1.404	1.099	21.179	-88.011	-14.288	-65.583	0.00	0.00	0.00	-0.54938	0.64523	-0.25500	0.46561
WT1(E604078EA627)	3.87	13104	 2021-05-17 21:18:53.121	0.240	0.070	1.001	-0.183	19.836	-1.892	5.268	-13.486	-20.610	0.00	0.00	0.00	0.00000	0.00000	0.00000	0.00000
WT1(E604078EA627)	3.87	13104	 2021-05-17 21:18:53.211	0.214	0.081	0.999	0.305	18.677	1.221	5.180	-11.514	-20.643	0.00	0.00	0.00	0.00000	0.00000	0.00000	0.00000
WT2(D809BF402BC3)	3.93	13103	 2021-05-17 21:18:53.288	0.171	-0.941	0.039	-0.732	-1.465	21.973	-88.292	-10.173	-67.181	0.00	0.00	0.00	-0.55652	0.62048	-0.31497	0.45389
WT1(E604078EA627)	3.87	13104	 2021-05-17 21:18:53.315	0.177	0.104	1.008	1.343	24.414	0.183	5.191	-9.305	-20.555	0.00	0.00	0.00	0.00000	0.00000	0.00000	0.00000
WT2(D809BF402BC3)	3.93	13103	 2021-05-17 21:18:53.378	0.150	-0.989	0.038	-0.427	-0.427	22.827	-88.396	-7.916	-67.835	0.00	0.00	0.00	-0.55652	0.62048	-0.31497	0.45389
WT1(E604078EA627)	3.87	13104	 2021-05-17 21:18:53.420	0.131	0.112	0.969	0.366	21.729	-1.892	5.328	-6.905	-20.610	0.00	0.00	0.00	0.00000	0.00000	0.00000	0.00000
WT2(D809BF402BC3)	3.93	13103	 2021-05-17 21:18:53.484	0.115	-0.979	0.029	-2.563	2.136	16.357	-88.522	-5.993	-68.736	0.00	0.00	0.00	-0.56842	0.60114	-0.35352	0.43646
WT1(E604078EA627)	3.87	13104	 2021-05-17 21:18:53.528	0.094	0.098	1.012	-2.502	15.015	-3.601	5.251	-5.224	-20.951	0.00	0.00	0.00	0.00000	0.00000	0.00000	0.00000
WT2(D809BF402BC3)	3.93	13103	 2021-05-17 21:18:53.591	0.089	-0.986	0.025	-2.686	2.258	17.639	-88.797	-4.340	-69.714	0.00	0.00	0.00	-0.56842	0.60114	-0.35352	0.43646
WT1(E604078EA627)	3.87	13104	 2021-05-17 21:18:53.615	0.064	0.077	1.036	-0.671	20.386	-3.662	5.103	-3.466	-21.363	0.00	0.00	0.00	0.00000	0.00000	0.00000	0.00000
WT1(E604078EA627)	3.87	13104	 2021-05-17 21:18:53.721	0.029	0.083	1.019	0.610	23.315	-5.249	5.032	-1.258	-21.802	0.00	0.00	0.00	0.00000	0.00000	0.00000	0.00000
WT2(D809BF402BC3)	3.93	13103	 2021-05-17 21:18:53.782	-0.111	-0.999	0.005	-2.686	2.869	21.912	-89.247	0.275	-71.603	0.00	0.00	0.00	-0.57269	0.58078	-0.39343	0.42416
WT1(E604078EA627)	3.87	13104	 2021-05-17 21:18:53.856	-0.019	0.054	0.981	0.244	16.663	-1.831	5.026	0.873	-22.236	0.00	0.00	0.00	0.00000	0.00000	0.00000	0.00000
WT2(D809BF402BC3)	3.93	13103	 2021-05-17 21:18:53.872	-0.031	-0.981	0.000	-0.854	-0.061	14.771	-89.385	2.010	-72.367	0.00	0.00	0.00	-0.57269	0.58078	-0.39343	0.42416
WT1(E604078EA627)	3.87	13104	 2021-05-17 21:18:53.931	-0.039	0.050	1.043	2.136	16.296	1.221	4.966	2.390	-22.440	0.00	0.00	0.00	0.00000	0.00000	0.00000	0.00000
WT2(D809BF402BC3)	3.93	13103	 2021-05-17 21:18:53.979	-0.063	-1.000	0.005	0.793	-4.517	18.250	-89.368	3.730	-72.702	0.00	0.00	0.00	-0.58173	0.55835	-0.42792	0.40826
WT1(E604078EA627)	3.87	13104	 2021-05-17 21:18:54.036	-0.066	0.079	1.059	0.916	17.395	4.395	5.043	4.175	-22.165	0.00	0.00	0.00	0.00000	0.00000	0.00000	0.00000
WT2(D809BF402BC3)	3.93	13103	 2021-05-17 21:18:54.083	-0.112	-1.004	0.019	0.244	-6.348	24.231	-89.346	5.817	-72.658	0.00	0.00	0.00	-0.58173	0.55835	-0.42792	0.40826
WT1(E604078EA627)	3.87	13104	 2021-05-17 21:18:54.156	-0.096	0.119	0.997	0.488	25.513	1.953	5.213	6.647	-21.714	0.00	0.00	0.00	0.00000	0.00000	0.00000	0.00000
WT1(E604078EA627)	3.87	13104	 2021-05-17 21:18:54.246	-0.139	0.100	0.999	-0.732	24.048	0.366	5.378	9.218	-21.566	0.00	0.00	0.00	0.00000	0.00000	0.00000	0.00000
WT2(D809BF402BC3)	3.93	13103	 2021-05-17 21:18:54.278	-0.198	-0.992	0.021	-1.404	-1.770	26.978	-89.385	10.937	-72.905	0.00	0.00	0.00	-0.60181	0.53387	-0.45734	0.37891
WT1(E604078EA627)	3.87	13104	 2021-05-17 21:18:54.367	-0.205	0.097	0.952	-0.732	26.184	-1.099	5.433	11.876	-21.495	0.00	0.00	0.00	0.00000	0.00000	0.00000	0.00000
WT2(D809BF402BC3)	3.93	13103	 2021-05-17 21:18:54.370	-0.226	-0.977	0.011	-0.244	-0.488	27.100	-89.473	13.546	-73.202	0.00	0.00	0.00	-0.60181	0.53387	-0.45734	0.37891
WT1(E604078EA627)	3.87	13104	 2021-05-17 21:18:54.429	-0.252	0.103	0.968	2.014	28.259	-1.892	5.603	14.540	-21.533	0.00	0.00	0.00	0.00000	0.00000	0.00000	0.00000
WT2(D809BF402BC3)	3.93	13103	 2021-05-17 21:18:54.474	-0.287	-0.960	0.010	0.000	0.916	29.785	-89.434	16.364	-73.581	0.00	0.00	0.00	-0.61758	0.50781	-0.48743	0.35080
WT1(E604078EA627)	3.87	13104	 2021-05-17 21:18:54.531	-0.298	0.109	0.945	-0.366	28.503	-3.357	5.773	17.512	-21.649	0.00	0.00	0.00	0.00000	0.00000	0.00000	0.00000
WT2(D809BF402BC3)	3.93	13103	 2021-05-17 21:18:54.578	-0.336	-0.949	0.024	-2.502	3.113	29.114	-89.626	19.325	-74.081	0.00	0.00	0.00	-0.61758	0.50781	-0.48743	0.35080
WT1(E604078EA627)	3.87	13104	 2021-05-17 21:18:54.635	-0.345	0.102	0.921	0.610	30.762	-5.859	5.735	20.528	-21.973	0.00	0.00	0.00	0.00000	0.00000	0.00000	0.00000
WT1(E604078EA627)	3.87	13104	 2021-05-17 21:18:54.740	-0.405	0.070	0.919	1.343	32.715	-4.517	5.751	23.522	-22.330	0.00	0.00	0.00	0.00000	0.00000	0.00000	0.00000
WT2(D809BF402BC3)	3.93	13103	 2021-05-17 21:18:54.773	-0.430	-0.897	-0.008	-0.854	1.770	30.640	-90.077	25.313	-75.278	0.00	0.00	0.00	-0.63492	0.46768	-0.52924	0.31305
WT1(E604078EA627)	3.87	13104	 2021-05-17 21:18:54.864	-0.456	0.057	0.855	0.671	30.457	-1.343	5.724	26.697	-22.500	0.00	0.00	0.00	0.00000	0.00000	0.00000	0.00000
WT2(D809BF402BC3)	3.93	13103	 2021-05-17 21:18:54.878	-0.471	-0.875	-0.018	-1.343	-1.038	28.198	-90.291	28.290	-75.547	0.00	0.00	0.00	-0.63492	0.46768	-0.52924	0.31305
WT1(E604078EA627)	3.87	13104	 2021-05-17 21:18:54.938	-0.502	0.087	0.850	-1.282	30.945	1.526	5.746	29.564	-22.286	0.00	0.00	0.00	0.00000	0.00000	0.00000	0.00000
WT2(D809BF402BC3)	3.93	13103	 2021-05-17 21:18:54.970	-0.500	-0.847	0.002	-2.686	-2.808	28.931	-90.450	31.135	-75.443	0.00	0.00	0.00	-0.64941	0.43222	-0.56229	0.27423
WT1(E604078EA627)	3.87	13104	 2021-05-17 21:18:55.041	-0.543	0.102	0.821	0.610	34.241	-1.404	5.922	32.646	-21.956	0.00	0.00	0.00	0.00000	0.00000	0.00000	0.00000
WT2(D809BF402BC3)	3.93	13103	 2021-05-17 21:18:55.058	-0.539	-0.825	0.003	-0.916	0.488	32.593	-90.610	34.244	-75.498	0.00	0.00	0.00	-0.64941	0.43222	-0.56229	0.27423
WT1(E604078EA627)	3.87	13104	 2021-05-17 21:18:55.160	-0.592	0.090	0.745	1.892	34.851	-4.517	6.081	36.068	-21.989	0.00	0.00	0.00	0.00000	0.00000	0.00000	0.00000
WT2(D809BF402BC3)	3.93	13103	 2021-05-17 21:18:55.165	-0.582	-0.784	-0.012	-0.549	3.296	31.738	-90.851	37.458	-75.916	0.00	0.00	0.00	-0.64941	0.43222	-0.56229	0.27423
WT1(E604078EA627)	3.87	13104	 2021-05-17 21:18:55.252	-0.613	0.066	0.768	0.305	29.297	-4.517	6.021	39.155	-22.231	0.00	0.00	0.00	0.00000	0.00000	0.00000	0.00000
WT2(D809BF402BC3)	3.93	13103	 2021-05-17 21:18:55.259	-0.630	-0.761	-0.023	-1.282	2.625	31.494	-91.263	40.523	-76.371	0.00	0.00	0.00	-0.66824	0.37897	-0.60373	0.21277
WT1(E604078EA627)	3.87	13104	 2021-05-17 21:18:55.340	-0.662	0.068	0.750	0.183	33.203	-3.479	5.988	42.341	-22.231	0.00	0.00	0.00	0.00000	0.00000	0.00000	0.00000
WT2(D809BF402BC3)	3.93	13103	 2021-05-17 21:18:55.357	-0.690	-0.727	-0.022	-0.916	1.587	34.180	-91.648	43.704	-76.630	0.00	0.00	0.00	-0.66824	0.37897	-0.60373	0.21277
WT1(E604078EA627)	3.87	13104	 2021-05-17 21:18:55.448	-0.717	0.050	0.652	0.549	32.959	-2.930	6.103	45.950	-22.066	0.00	0.00	0.00	0.00000	0.00000	0.00000	0.00000
WT2(D809BF402BC3)	3.93	13103	 2021-05-17 21:18:55.463	-0.732	-0.666	-0.024	-1.953	0.793	33.264	-92.016	47.098	-76.783	0.00	0.00	0.00	-0.66824	0.37897	-0.60373	0.21277
WT2(D809BF402BC3)	3.93	13103	 2021-05-17 21:18:55.558	-0.747	-0.613	-0.021	-2.563	0.122	32.654	-92.422	50.394	-76.794	0.00	0.00	0.00	-0.68140	0.32968	-0.63617	0.14914
WT1(E604078EA627)	3.87	13104	 2021-05-17 21:18:55.565	-0.751	0.059	0.623	-0.732	35.400	-2.075	6.191	49.334	-21.764	0.00	0.00	0.00	0.00000	0.00000	0.00000	0.00000
WT1(E604078EA627)	3.87	13104	 2021-05-17 21:18:55.656	-0.792	0.064	0.547	0.366	35.828	-3.540	6.367	52.872	-21.319	0.00	0.00	0.00	0.00000	0.00000	0.00000	0.00000
WT2(D809BF402BC3)	3.93	13103	 2021-05-17 21:18:55.662	-0.792	-0.599	-0.029	-1.099	1.282	33.447	-93.235	53.608	-77.146	0.00	0.00	0.00	-0.68140	0.32968	-0.63617	0.14914
WT1(E604078EA627)	3.87	13104	 2021-05-17 21:18:55.745	-0.820	0.047	0.513	1.526	32.776	-3.418	6.520	56.250	-21.044	0.00	0.00	0.00	0.00000	0.00000	0.00000	0.00000
WT2(D809BF402BC3)	3.93	13103	 2021-05-17 21:18:55.750	-0.830	-0.535	-0.041	-0.610	1.221	32.349	-93.801	56.810	-77.366	0.00	0.00	0.00	-0.68610	0.29895	-0.65475	0.10559
WT1(E604078EA627)	3.87	13104	 2021-05-17 21:18:55.853	-0.840	0.053	0.462	0.122	30.579	-2.441	6.696	59.628	-20.583	0.00	0.00	0.00	0.00000	0.00000	0.00000	0.00000
WT2(D809BF402BC3)	3.93	13103	 2021-05-17 21:18:55.857	-0.852	-0.502	-0.042	-2.075	0.610	31.616	-94.488	59.958	-77.520	0.00	0.00	0.00	-0.68610	0.29895	-0.65475	0.10559
WT1(E604078EA627)	3.87	13104	 2021-05-17 21:18:55.955	-0.865	0.044	0.415	-1.038	37.598	-2.869	6.850	63.023	-19.940	0.00	0.00	0.00	0.00000	0.00000	0.00000	0.00000
WT2(D809BF402BC3)	3.93	13103	 2021-05-17 21:18:55.962	-0.880	-0.450	-0.046	-2.808	0.488	34.302	-95.416	63.215	-77.662	0.00	0.00	0.00	-0.68610	0.29895	-0.65475	0.10559
WT2(D809BF402BC3)	3.93	13103	 2021-05-17 21:18:56.049	-0.904	-0.396	-0.043	-5.371	-0.122	33.142	-96.757	66.577	-77.893	0.00	0.00	0.00	-0.68970	0.26282	-0.67325	0.04382
WT1(E604078EA627)	3.87	13104	 2021-05-17 21:18:56.062	-0.898	0.026	0.358	-2.014	34.973	-1.648	6.943	66.698	-19.138	0.00	0.00	0.00	0.00000	0.00000	0.00000	0.00000
WT2(D809BF402BC3)	3.93	13103	 2021-05-17 21:18:56.154	-0.904	-0.353	-0.039	-1.587	0.549	29.175	-97.949	69.659	-78.047	0.00	0.00	0.00	-0.68970	0.26282	-0.67325	0.04382
WT1(E604078EA627)	3.87	13104	 2021-05-17 21:18:56.181	-0.920	0.037	0.278	0.916	28.503	-2.258	7.482	70.137	-18.001	0.00	0.00	0.00	0.00000	0.00000	0.00000	0.00000
WT1(E604078EA627)	3.87	13104	 2021-05-17 21:18:56.256	-0.927	0.040	0.258	1.038	26.001	-2.991	8.102	72.999	-16.913	0.00	0.00	0.00	0.00000	0.00000	0.00000	0.00000
WT2(D809BF402BC3)	3.93	13103	 2021-05-17 21:18:56.258	-0.939	-0.302	-0.048	-1.038	1.343	26.978	-99.531	72.631	-78.673	0.00	0.00	0.00	-0.68970	0.26282	-0.67325	0.04382
WT1(E604078EA627)	3.87	13104	 2021-05-17 21:18:56.360	-0.935	0.020	0.208	0.488	27.832	-3.235	8.416	75.976	-16.062	0.00	0.00	0.00	0.00000	0.00000	0.00000	0.00000
WT2(D809BF402BC3)	3.93	13103	 2021-05-17 21:18:56.453	-1.004	-0.232	-0.076	-10.376	16.235	35.217	-107.265	78.069	-83.694	0.00	0.00	0.00	-0.68689	0.22409	-0.68994	-0.04321
WT1(E604078EA627)	3.87	13104	 2021-05-17 21:18:56.481	-0.944	0.025	0.167	0.488	33.569	-2.930	9.146	79.080	-14.601	0.00	0.00	0.00	0.00000	0.00000	0.00000	0.00000
WT2(D809BF402BC3)	3.93	13103	 2021-05-17 21:18:56.543	-0.969	-0.131	-0.065	-1.221	0.488	30.945	-114.543	80.936	-89.308	0.00	0.00	0.00	-0.68689	0.22409	-0.68994	-0.04321
WT1(E604078EA627)	3.87	13104	 2021-05-17 21:18:56.556	-0.948	0.019	0.090	0.793	34.485	-2.502	11.019	82.562	-11.997	0.00	0.00	0.00	0.00000	0.00000	0.00000	0.00000
WT2(D809BF402BC3)	3.93	13103	 2021-05-17 21:18:56.649	-0.976	-0.107	-0.067	-8.606	4.333	12.146	-124.508	83.210	-97.158	0.00	0.00	0.00	-0.67191	0.20496	-0.70078	-0.12405
WT1(E604078EA627)	3.87	13104	 2021-05-17 21:18:56.676	-0.948	0.021	0.034	-2.686	34.180	-2.380	16.205	85.952	-5.801	0.00	0.00	0.00	0.00000	0.00000	0.00000	0.00000
WT2(D809BF402BC3)	3.93	13103	 2021-05-17 21:18:56.754	-0.997	-0.072	-0.075	-9.216	-4.639	21.851	-136.522	84.644	-106.540	0.00	0.00	0.00	-0.67191	0.20496	-0.70078	-0.12405
WT1(E604078EA627)	3.87	13104	 2021-05-17 21:18:56.765	-0.965	-0.005	-0.033	-1.221	30.762	-3.845	50.916	88.923	29.894	0.00	0.00	0.00	0.00000	0.00000	0.00000	0.00000
WT2(D809BF402BC3)	3.93	13103	 2021-05-17 21:18:56.844	-1.003	-0.039	-0.042	-10.315	-15.869	24.475	-151.293	85.941	-117.988	0.00	0.00	0.00	-0.67191	0.20496	-0.70078	-0.12405
WT1(E604078EA627)	3.87	13104	 2021-05-17 21:18:56.870	-0.954	0.012	-0.048	-0.061	25.696	-2.625	163.185	87.880	143.350	0.00	0.00	0.00	0.00000	0.00000	0.00000	0.00000
WT2(D809BF402BC3)	3.93	13103	 2021-05-17 21:18:56.949	-0.979	0.022	-0.043	-19.409	-11.353	19.958	172.408	87.325	-151.046	0.00	0.00	0.00	-0.65567	0.22363	-0.68839	-0.21490
WT1(E604078EA627)	3.87	13104	 2021-05-17 21:18:56.976	-0.936	0.003	-0.096	0.549	31.799	-3.052	175.770	85.095	156.923	0.00	0.00	0.00	0.00000	0.00000	0.00000	0.00000
WT2(D809BF402BC3)	3.93	13103	 2021-05-17 21:18:57.037	-0.978	0.058	-0.028	-2.625	0.488	4.700	131.611	87.347	171.535	0.00	0.00	0.00	-0.65567	0.22363	-0.68839	-0.21490
WT1(E604078EA627)	3.87	13104	 2021-05-17 21:18:57.083	-1.013	0.002	-0.334	0.244	19.531	-0.366	179.698	80.728	161.812	0.00	0.00	0.00	0.00000	0.00000	0.00000	0.00000
WT2(D809BF402BC3)	3.93	13103	 2021-05-17 21:18:57.145	-0.989	0.080	-0.025	10.010	13.428	-8.179	136.599	86.891	178.621	0.00	0.00	0.00	-0.65567	0.22363	-0.68839	-0.21490
WT1(E604078EA627)	3.87	13104	 2021-05-17 21:18:57.171	-0.930	-0.010	-0.352	0.671	-40.649	0.671	-179.209	80.541	163.301	0.00	0.00	0.00	0.00000	0.00000	0.00000	0.00000
WT2(D809BF402BC3)	3.93	13103	 2021-05-17 21:18:57.235	-0.999	-0.010	-0.070	15.991	33.691	-63.049	-166.976	85.161	-123.915	0.00	0.00	0.00	-0.63293	0.27386	-0.68161	-0.24445
WT1(E604078EA627)	3.87	13104	 2021-05-17 21:18:57.276	-0.889	-0.012	-0.119	2.502	-69.092	5.981	-179.236	86.089	164.169	0.00	0.00	0.00	0.00000	0.00000	0.00000	0.00000
WT2(D809BF402BC3)	3.93	13103	 2021-05-17 21:18:57.339	-0.933	-0.127	-0.093	4.578	-1.282	-21.729	-134.747	82.963	-90.599	0.00	0.00	0.00	-0.63293	0.27386	-0.68161	-0.24445
WT1(E604078EA627)	3.87	13104	 2021-05-17 21:18:57.396	-0.994	-0.005	0.264	0.916	-15.869	2.441	14.991	87.847	-0.615	0.00	0.00	0.00	0.00000	0.00000	0.00000	0.00000
WT2(D809BF402BC3)	3.93	13103	 2021-05-17 21:18:57.444	-0.973	-0.165	-0.094	-2.502	-1.831	-11.047	-125.266	81.475	-80.063	0.00	0.00	0.00	-0.63293	0.27386	-0.68161	-0.24445
WT1(E604078EA627)	3.87	13104	 2021-05-17 21:18:57.471	-0.989	0.037	-0.012	-1.526	-13.672	2.075	15.018	86.814	0.417	0.00	0.00	0.00	0.00000	0.00000	0.00000	0.00000
WT2(D809BF402BC3)	3.93	13103	 2021-05-17 21:18:57.534	-0.948	-0.174	-0.055	3.418	0.854	-22.522	-118.971	79.975	-73.059	0.00	0.00	0.00	-0.63293	0.27386	-0.68161	-0.24445
WT1(E604078EA627)	3.87	13104	 2021-05-17 21:18:57.575	-0.893	0.077	0.158	0.427	-17.029	-2.930	11.277	84.359	-3.060	0.00	0.00	0.00	0.00000	0.00000	0.00000	0.00000
WT2(D809BF402BC3)	3.93	13103	 2021-05-17 21:18:57.637	-0.934	-0.190	-0.075	5.615	3.967	-20.874	-115.950	78.217	-69.994	0.00	0.00	0.00	-0.64246	0.33737	-0.65448	-0.21225
WT1(E604078EA627)	3.87	13104	 2021-05-17 21:18:57.698	-0.958	0.000	0.162	0.671	-22.644	-2.991	6.707	82.150	-7.559	0.00	0.00	0.00	0.00000	0.00000	0.00000	0.00000
WT2(D809BF402BC3)	3.93	13103	 2021-05-17 21:18:57.728	-0.965	-0.211	-0.114	4.700	0.854	-29.053	-112.863	75.784	-66.967	0.00	0.00	0.00	-0.64246	0.33737	-0.65448	-0.21225
WT1(E604078EA627)	3.87	13104	 2021-05-17 21:18:57.800	-0.924	0.012	0.138	-2.747	-33.386	2.625	4.697	79.464	-9.509	0.00	0.00	0.00	0.00000	0.00000	0.00000	0.00000
WT2(D809BF402BC3)	3.93	13103	 2021-05-17 21:18:57.833	-0.932	-0.274	-0.092	0.000	-0.732	-31.250	-109.144	72.872	-63.155	0.00	0.00	0.00	-0.64996	0.37573	-0.63812	-0.17072
WT1(E604078EA627)	3.87	13104	 2021-05-17 21:18:57.876	-0.940	0.022	0.282	-1.892	-20.752	1.221	4.642	76.042	-9.119	0.00	0.00	0.00	0.00000	0.00000	0.00000	0.00000
WT2(D809BF402BC3)	3.93	13103	 2021-05-17 21:18:57.924	-0.923	-0.316	-0.085	1.526	-0.488	-24.536	-106.716	70.411	-60.848	0.00	0.00	0.00	-0.64996	0.37573	-0.63812	-0.17072
WT1(E604078EA627)	3.87	13104	 2021-05-17 21:18:57.982	-0.930	0.036	0.281	0.366	-25.146	1.404	4.779	73.570	-8.860	0.00	0.00	0.00	0.00000	0.00000	0.00000	0.00000
WT2(D809BF402BC3)	3.93	13103	 2021-05-17 21:18:58.028	-0.900	-0.370	-0.093	2.258	0.366	-28.076	-104.705	67.896	-59.343	0.00	0.00	0.00	-0.65628	0.39484	-0.62616	-0.14587
WT1(E604078EA627)	3.87	13104	 2021-05-17 21:18:58.086	-0.905	0.023	0.295	-0.183	-30.701	2.502	4.785	70.763	-8.915	0.00	0.00	0.00	0.00000	0.00000	0.00000	0.00000
WT2(D809BF402BC3)	3.93	13103	 2021-05-17 21:18:58.134	-0.881	-0.414	-0.091	3.052	-0.427	-33.630	-102.777	64.869	-58.024	0.00	0.00	0.00	-0.65628	0.39484	-0.62616	-0.14587
WT1(E604078EA627)	3.87	13104	 2021-05-17 21:18:58.190	-0.894	0.028	0.360	0.671	-36.011	2.869	4.993	67.231	-8.871	0.00	0.00	0.00	0.00000	0.00000	0.00000	0.00000
WT2(D809BF402BC3)	3.93	13103	 2021-05-17 21:18:58.223	-0.866	-0.453	-0.099	3.723	0.366	-35.828	-101.058	61.419	-57.156	0.00	0.00	0.00	-0.66559	0.41891	-0.60910	-0.10229
WT1(E604078EA627)	3.87	13104	 2021-05-17 21:18:58.296	-0.862	0.041	0.510	-0.793	-35.645	3.235	4.922	63.281	-9.108	0.00	0.00	0.00	0.00000	0.00000	0.00000	0.00000
WT2(D809BF402BC3)	3.93	13103	 2021-05-17 21:18:58.328	-0.861	-0.492	-0.083	2.869	0.122	-28.870	-99.822	58.365	-56.832	0.00	0.00	0.00	-0.66559	0.41891	-0.60910	-0.10229
WT1(E604078EA627)	3.87	13104	 2021-05-17 21:18:58.386	-0.824	0.051	0.508	-0.366	-38.574	2.441	5.021	60.397	-9.245	0.00	0.00	0.00	0.00000	0.00000	0.00000	0.00000
WT2(D809BF402BC3)	3.93	13103	 2021-05-17 21:18:58.433	-0.844	-0.567	-0.076	3.113	2.380	-25.635	-99.053	55.712	-57.025	0.00	0.00	0.00	-0.66559	0.41891	-0.60910	-0.10229
WT1(E604078EA627)	3.87	13104	 2021-05-17 21:18:58.491	-0.799	0.051	0.517	3.174	-35.767	0.732	4.944	57.728	-9.811	0.00	0.00	0.00	0.00000	0.00000	0.00000	0.00000
WT1(E604078EA627)	3.87	13104	 2021-05-17 21:18:58.597	-0.744	0.039	0.601	0.854	-43.579	1.892	4.631	54.613	-10.596	0.00	0.00	0.00	0.00000	0.00000	0.00000	0.00000
WT2(D809BF402BC3)	3.93	13103	 2021-05-17 21:18:58.642	-0.763	-0.634	-0.083	1.770	0.671	-35.522	-97.762	49.861	-58.057	0.00	0.00	0.00	-0.67505	0.45248	-0.58249	-0.01505
WT1(E604078EA627)	3.87	13104	 2021-05-17 21:18:58.700	-0.768	0.023	0.592	-1.404	-14.343	5.737	4.664	51.147	-10.816	0.00	0.00	0.00	0.00000	0.00000	0.00000	0.00000
WT2(D809BF402BC3)	3.93	13103	 2021-05-17 21:18:58.719	-0.725	-0.686	-0.096	-0.061	-4.211	-28.076	-96.943	47.142	-58.184	0.00	0.00	0.00	-0.67505	0.45248	-0.58249	-0.01505
WT1(E604078EA627)	3.87	13104	 2021-05-17 21:18:58.791	-0.720	0.094	0.688	-2.563	-28.320	5.920	4.812	48.301	-10.767	0.00	0.00	0.00	0.00000	0.00000	0.00000	0.00000
WT2(D809BF402BC3)	3.93	13103	 2021-05-17 21:18:58.823	-0.702	-0.722	-0.063	0.305	-3.235	-26.672	-96.312	44.363	-58.228	0.00	0.00	0.00	-0.67648	0.47885	-0.55710	0.05167
WT1(E604078EA627)	3.87	13104	 2021-05-17 21:18:58.896	-0.699	0.092	0.650	-0.244	-21.667	1.282	4.999	45.698	-10.772	0.00	0.00	0.00	0.00000	0.00000	0.00000	0.00000
WT2(D809BF402BC3)	3.93	13103	 2021-05-17 21:18:58.928	-0.651	-0.725	-0.041	3.784	1.648	-25.269	-95.795	41.935	-58.716	0.00	0.00	0.00	-0.67648	0.47885	-0.55710	0.05167
WT1(E604078EA627)	3.87	13104	 2021-05-17 21:18:59.000	-0.660	0.063	0.722	3.296	-26.245	-2.808	5.037	42.891	-11.640	0.00	0.00	0.00	0.00000	0.00000	0.00000	0.00000
WT2(D809BF402BC3)	3.93	13103	 2021-05-17 21:18:59.018	-0.608	-0.775	-0.073	4.883	5.066	-27.405	-95.433	39.227	-59.941	0.00	0.00	0.00	-0.67508	0.48810	-0.54654	0.08545
WT1(E604078EA627)	3.87	13104	 2021-05-17 21:18:59.107	-0.626	0.008	0.729	1.648	-27.405	0.977	4.730	39.996	-12.810	0.00	0.00	0.00	0.00000	0.00000	0.00000	0.00000
WT2(D809BF402BC3)	3.93	13103	 2021-05-17 21:18:59.122	-0.579	-0.792	-0.086	3.479	-0.244	-30.579	-95.279	36.931	-61.205	0.00	0.00	0.00	-0.67508	0.48810	-0.54654	0.08545
WT1(E604078EA627)	3.87	13104	 2021-05-17 21:18:59.196	-0.591	0.040	0.802	-1.587	-32.227	4.395	4.620	36.755	-13.403	0.00	0.00	0.00	0.00000	0.00000	0.00000	0.00000
WT2(D809BF402BC3)	3.93	13103	 2021-05-17 21:18:59.213	-0.530	-0.808	-0.064	1.587	-2.136	-27.405	-94.861	33.953	-61.798	0.00	0.00	0.00	-0.67508	0.48810	-0.54654	0.08545
WT1(E604078EA627)	3.87	13104	 2021-05-17 21:18:59.302	-0.519	0.085	0.829	-1.648	-27.588	3.479	4.653	33.816	-13.629	0.00	0.00	0.00	0.00000	0.00000	0.00000	0.00000
WT2(D809BF402BC3)	3.93	13103	 2021-05-17 21:18:59.348	-0.507	-0.839	-0.059	1.770	-0.793	-26.123	-94.504	31.454	-62.325	0.00	0.00	0.00	-0.66245	0.50903	-0.52396	0.16574
WT1(E604078EA627)	3.87	13104	 2021-05-17 21:18:59.405	-0.481	0.070	0.842	-0.732	-29.480	3.540	4.691	31.014	-14.052	0.00	0.00	0.00	0.00000	0.00000	0.00000	0.00000
WT2(D809BF402BC3)	3.93	13103	 2021-05-17 21:18:59.410	-0.470	-0.863	-0.066	1.770	-0.671	-27.283	-94.125	28.790	-62.974	0.00	0.00	0.00	-0.66245	0.50903	-0.52396	0.16574
WT2(D809BF402BC3)	3.93	13103	 2021-05-17 21:18:59.512	-0.423	-0.888	-0.056	1.282	-0.183	-27.161	-93.801	25.955	-63.627	0.00	0.00	0.00	-0.66245	0.50903	-0.52396	0.16574
WT1(E604078EA627)	3.87	13104	 2021-05-17 21:18:59.525	-0.428	0.090	0.902	-0.916	-32.959	3.418	4.697	27.938	-14.442	0.00	0.00	0.00	0.00000	0.00000	0.00000	0.00000
WT1(E604078EA627)	3.87	13104	 2021-05-17 21:18:59.603	-0.373	0.095	0.935	0.000	-32.227	0.610	4.713	24.928	-14.936	0.00	0.00	0.00	0.00000	0.00000	0.00000	0.00000
WT2(D809BF402BC3)	3.93	13103	 2021-05-17 21:18:59.617	-0.380	-0.910	-0.050	2.014	2.075	-26.367	-93.488	23.203	-64.429	0.00	0.00	0.00	-0.65048	0.52560	-0.50296	0.21817
WT1(E604078EA627)	3.87	13104	 2021-05-17 21:18:59.705	-0.353	0.080	0.932	-1.160	-24.048	0.427	4.631	22.275	-15.568	0.00	0.00	0.00	0.00000	0.00000	0.00000	0.00000
WT2(D809BF402BC3)	3.93	13103	 2021-05-17 21:18:59.713	-0.386	-0.917	-0.050	0.549	-1.160	-9.521	-93.285	21.121	-65.275	0.00	0.00	0.00	-0.65048	0.52560	-0.50296	0.21817
WT2(D809BF402BC3)	3.93	13103	 2021-05-17 21:18:59.813	-0.325	-0.934	-0.051	1.953	0.427	-24.719	-93.071	18.864	-66.028	0.00	0.00	0.00	-0.63757	0.53586	-0.48883	0.25952
WT1(E604078EA627)	3.87	13104	 2021-05-17 21:18:59.825	-0.313	0.077	0.943	-0.305	-25.879	2.197	4.543	19.742	-16.106	0.00	0.00	0.00	0.00000	0.00000	0.00000	0.00000
WT2(D809BF402BC3)	3.93	13103	 2021-05-17 21:18:59.904	-0.285	-0.959	-0.035	3.052	2.014	-25.696	-92.845	16.232	-66.786	0.00	0.00	0.00	-0.63757	0.53586	-0.48883	0.25952
WT1(E604078EA627)	3.87	13104	 2021-05-17 21:18:59.916	-0.265	0.104	0.981	0.793	-26.794	0.183	4.543	16.902	-16.578	0.00	0.00	0.00	0.00000	0.00000	0.00000	0.00000
WT1(E604078EA627)	3.87	13104	 2021-05-17 21:19:00.020	-0.235	0.103	0.992	0.122	-23.438	-2.197	4.636	14.288	-17.232	0.00	0.00	0.00	0.00000	0.00000	0.00000	0.00000
WT2(D809BF402BC3)	3.93	13103	 2021-05-17 21:19:00.025	-0.251	-0.986	-0.025	2.686	4.211	-23.682	-92.505	13.766	-67.687	0.00	0.00	0.00	-0.63757	0.53586	-0.48883	0.25952
WT1(E604078EA627)	3.87	13104	 2021-05-17 21:19:00.112	-0.195	0.074	1.004	-1.953	-26.123	-3.845	4.482	11.695	-18.133	0.00	0.00	0.00	0.00000	0.00000	0.00000	0.00000
WT2(D809BF402BC3)	3.93	13103	 2021-05-17 21:19:00.115	-0.215	-1.002	-0.041	0.671	5.798	-24.048	-92.362	11.695	-68.659	0.00	0.00	0.00	-0.61407	0.55121	-0.46497	0.32068
WT2(D809BF402BC3)	3.93	13103	 2021-05-17 21:19:00.206	-0.172	-1.006	-0.044	2.197	4.272	-20.447	-92.192	9.651	-69.692	0.00	0.00	0.00	-0.61407	0.55121	-0.46497	0.32068
WT1(E604078EA627)	3.87	13104	 2021-05-17 21:19:00.215	-0.146	0.043	1.010	1.404	-21.240	-1.038	4.389	9.267	-18.973	0.00	0.00	0.00	0.00000	0.00000	0.00000	0.00000
WT2(D809BF402BC3)	3.93	13103	 2021-05-17 21:19:00.312	-0.131	-0.991	-0.037	-0.916	-1.831	-21.362	-92.043	7.778	-70.313	0.00	0.00	0.00	-0.61407	0.55121	-0.46497	0.32068
WT1(E604078EA627)	3.87	13104	 2021-05-17 21:19:00.320	-0.112	0.066	1.028	-1.465	-21.729	4.700	4.230	6.927	-19.391	0.00	0.00	0.00	0.00000	0.00000	0.00000	0.00000
WT2(D809BF402BC3)	3.93	13103	 2021-05-17 21:19:00.398	-0.082	-0.978	-0.012	1.404	0.366	-22.095	-91.895	5.554	-70.708	0.00	0.00	0.00	-0.61407	0.55121	-0.46497	0.32068
WT1(E604078EA627)	3.87	13104	 2021-05-17 21:19:00.426	-0.049	0.114	0.975	-0.122	-26.855	-0.122	4.246	4.592	-19.556	0.00	0.00	0.00	0.00000	0.00000	0.00000	0.00000
WT2(D809BF402BC3)	3.93	13103	 2021-05-17 21:19:00.503	-0.052	-1.003	-0.021	1.038	4.150	-24.475	-91.653	3.362	-71.422	0.00	0.00	0.00	-0.58569	0.56650	-0.44199	0.37497
WT1(E604078EA627)	3.87	13104	 2021-05-17 21:19:00.515	-0.011	0.044	1.018	1.099	-24.597	-1.709	4.274	1.626	-20.237	0.00	0.00	0.00	0.00000	0.00000	0.00000	0.00000
WT2(D809BF402BC3)	3.93	13103	 2021-05-17 21:19:00.608	-0.007	-0.998	-0.036	1.709	0.244	-26.184	-91.544	1.000	-72.081	0.00	0.00	0.00	-0.58569	0.56650	-0.44199	0.37497
WT1(E604078EA627)	3.87	13104	 2021-05-17 21:19:00.622	0.052	0.031	1.062	1.587	-28.992	3.662	4.098	-1.258	-20.671	0.00	0.00	0.00	0.00000	0.00000	0.00000	0.00000
WT2(D809BF402BC3)	3.93	13103	 2021-05-17 21:19:00.715	0.009	-1.000	-0.009	2.625	-6.714	-23.376	-91.340	-1.154	-72.147	0.00	0.00	0.00	-0.56381	0.57837	-0.42218	0.41147
WT1(E604078EA627)	3.87	13104	 2021-05-17 21:19:00.755	0.095	0.131	0.972	0.305	-24.719	5.432	4.076	-3.680	-20.424	0.00	0.00	0.00	0.00000	0.00000	0.00000	0.00000
WT2(D809BF402BC3)	3.93	13103	 2021-05-17 21:19:00.803	0.066	-0.978	-0.003	1.587	-1.404	-22.400	-91.192	-3.351	-72.235	0.00	0.00	0.00	-0.56381	0.57837	-0.42218	0.41147
WT1(E604078EA627)	3.87	13104	 2021-05-17 21:19:00.831	0.111	0.100	1.060	-1.465	-26.611	-0.183	4.098	-6.658	-20.599	0.00	0.00	0.00	0.00000	0.00000	0.00000	0.00000
WT2(D809BF402BC3)	3.93	13103	 2021-05-17 21:19:00.894	0.120	-1.004	-0.033	5.615	1.282	-20.020	-90.917	-5.735	-73.037	0.00	0.00	0.00	-0.56381	0.57837	-0.42218	0.41147
WT1(E604078EA627)	3.87	13104	 2021-05-17 21:19:00.921	0.176	0.049	1.009	1.892	-18.250	1.648	4.246	-8.888	-21.000	0.00	0.00	0.00	0.00000	0.00000	0.00000	0.00000
WT2(D809BF402BC3)	3.93	13103	 2021-05-17 21:19:00.999	0.163	-0.992	-0.009	3.784	-4.089	-22.888	-90.527	-7.844	-73.405	0.00	0.00	0.00	-0.53473	0.59634	-0.38626	0.45737
WT1(E604078EA627)	3.87	13104	 2021-05-17 21:19:01.025	0.211	0.116	0.992	-4.578	-24.902	3.906	4.274	-11.151	-20.841	0.00	0.00	0.00	0.00000	0.00000	0.00000	0.00000
WT2(D809BF402BC3)	3.93	13103	 2021-05-17 21:19:01.104	0.183	-0.980	0.001	0.488	-0.977	-25.330	-90.401	-10.267	-73.663	0.00	0.00	0.00	-0.53473	0.59634	-0.38626	0.45737
WT1(E604078EA627)	3.87	13104	 2021-05-17 21:19:01.190	0.264	0.101	0.985	-3.052	-26.855	0.916	4.208	-13.629	-20.869	0.00	0.00	0.00	0.00000	0.00000	0.00000	0.00000
WT1(E604078EA627)	3.87	13104	 2021-05-17 21:19:01.266	0.287	0.073	0.993	-0.732	-21.667	-0.244	4.268	-16.161	-21.165	0.00	0.00	0.00	0.00000	0.00000	0.00000	0.00000
WT2(D809BF402BC3)	3.93	13103	 2021-05-17 21:19:01.299	0.277	-0.967	-0.016	4.028	0.000	-27.039	-89.830	-15.364	-74.756	0.00	0.00	0.00	-0.51215	0.60901	-0.36124	0.48605
WT1(E604078EA627)	3.87	13104	 2021-05-17 21:19:01.341	0.341	0.030	0.993	1.831	-29.297	3.357	4.417	-18.842	-21.368	0.00	0.00	0.00	0.00000	0.00000	0.00000	0.00000
WT2(D809BF402BC3)	3.93	13103	 2021-05-17 21:19:01.389	0.314	-0.985	-0.011	1.282	-5.493	-26.855	-89.676	-17.979	-74.971	0.00	0.00	0.00	-0.48929	0.61963	-0.33661	0.51312
WT1(E604078EA627)	3.87	13104	 2021-05-17 21:19:01.430	0.402	0.070	0.955	-1.099	-26.733	6.775	4.158	-21.456	-20.874	0.00	0.00	0.00	0.00000	0.00000	0.00000	0.00000
WT2(D809BF402BC3)	3.93	13103	 2021-05-17 21:19:01.494	0.354	-0.951	0.021	2.075	-2.686	-27.100	-89.676	-20.632	-74.806	0.00	0.00	0.00	-0.48929	0.61963	-0.33661	0.51312
WT1(E604078EA627)	3.87	13104	 2021-05-17 21:19:01.538	0.437	0.102	0.940	-0.916	-26.672	0.122	4.070	-24.022	-20.676	0.00	0.00	0.00	0.00000	0.00000	0.00000	0.00000
WT2(D809BF402BC3)	3.93	13103	 2021-05-17 21:19:01.583	0.393	-0.934	0.002	1.404	3.967	-22.583	-89.368	-23.538	-75.377	0.00	0.00	0.00	-0.48929	0.61963	-0.33661	0.51312
WT1(E604078EA627)	3.87	13104	 2021-05-17 21:19:01.641	0.466	0.050	0.900	-0.732	-19.897	-1.282	4.246	-26.219	-21.088	0.00	0.00	0.00	0.00000	0.00000	0.00000	0.00000
WT2(D809BF402BC3)	3.93	13103	 2021-05-17 21:19:01.689	0.432	-0.899	0.001	3.479	-0.427	-21.912	-89.011	-25.757	-76.058	0.00	0.00	0.00	-0.45300	0.63568	-0.29742	0.54971
WT1(E604078EA627)	3.87	13104	 2021-05-17 21:19:01.731	0.480	0.054	0.875	0.854	-26.794	3.906	4.191	-28.537	-20.989	0.00	0.00	0.00	0.00000	0.00000	0.00000	0.00000
WT2(D809BF402BC3)	3.93	13103	 2021-05-17 21:19:01.794	0.446	-0.886	0.026	1.404	0.122	-24.597	-88.792	-28.202	-76.223	0.00	0.00	0.00	-0.45300	0.63568	-0.29742	0.54971
WT1(E604078EA627)	3.87	13104	 2021-05-17 21:19:01.836	0.534	0.051	0.848	1.404	-26.367	2.319	4.241	-30.981	-20.852	0.00	0.00	0.00	0.00000	0.00000	0.00000	0.00000
WT1(E604078EA627)	3.87	13104	 2021-05-17 21:19:01.941	0.602	0.065	0.852	2.380	-21.484	4.639	4.219	-33.514	-20.561	0.00	0.00	0.00	0.00000	0.00000	0.00000	0.00000
WT2(D809BF402BC3)	3.93	13103	 2021-05-17 21:19:01.991	0.565	-0.846	0.038	1.953	-0.549	-22.034	-88.099	-33.267	-76.954	0.00	0.00	0.00	-0.42676	0.64557	-0.26755	0.57401
WT2(D809BF402BC3)	3.93	13103	 2021-05-17 21:19:02.080	0.583	-0.779	0.061	0.305	3.723	-24.414	-87.627	-35.563	-77.525	0.00	0.00	0.00	-0.42676	0.64557	-0.26755	0.57401
WT1(E604078EA627)	3.87	13104	 2021-05-17 21:19:02.151	0.577	0.105	0.769	-3.235	-17.029	0.916	4.323	-35.590	-20.369	0.00	0.00	0.00	0.00000	0.00000	0.00000	0.00000
WT1(E604078EA627)	3.87	13104	 2021-05-17 21:19:02.154	0.627	0.043	0.819	-1.038	-21.057	-1.282	4.449	-37.897	-20.698	0.00	0.00	0.00	0.00000	0.00000	0.00000	0.00000
WT2(D809BF402BC3)	3.93	13103	 2021-05-17 21:19:02.184	0.623	-0.794	0.027	1.221	2.014	-22.400	-87.314	-37.700	-78.371	0.00	0.00	0.00	-0.39178	0.65372	-0.23312	0.60397
WT2(D809BF402BC3)	3.93	13103	 2021-05-17 21:19:02.288	0.622	-0.796	0.031	3.296	-0.427	-22.278	-87.006	-40.034	-78.964	0.00	0.00	0.00	-0.39178	0.65372	-0.23312	0.60397
WT2(D809BF402BC3)	3.93	13103	 2021-05-17 21:19:02.392	0.694	-0.761	0.038	4.272	-1.526	-25.574	-86.682	-42.341	-79.266	0.00	0.00	0.00	-0.37109	0.65842	-0.21472	0.61856
WT2(D809BF402BC3)	3.93	13103	 2021-05-17 21:19:02.483	0.700	-0.716	0.050	3.113	0.122	-26.611	-86.144	-45.209	-79.618	0.00	0.00	0.00	-0.37109	0.65842	-0.21472	0.61856
WT1(E604078EA627)	3.87	13104	 2021-05-17 21:19:02.585	0.677	0.040	0.792	0.244	-32.471	1.038	4.340	-40.100	-20.665	0.00	0.00	0.00	0.00000	0.00000	0.00000	0.00000
WT1(E604078EA627)	3.87	13104	 2021-05-17 21:19:02.588	0.719	0.035	0.754	3.540	-17.944	3.723	4.307	-42.402	-20.462	0.00	0.00	0.00	0.00000	0.00000	0.00000	0.00000
WT2(D809BF402BC3)	3.93	13103	 2021-05-17 21:19:02.588	0.750	-0.717	0.052	3.601	-1.160	-22.766	-85.589	-47.521	-79.997	0.00	0.00	0.00	-0.37109	0.65842	-0.21472	0.61856
WT2(D809BF402BC3)	3.93	13103	 2021-05-17 21:19:02.678	0.772	-0.653	0.042	-0.793	0.732	-24.231	-85.226	-50.098	-80.486	0.00	0.00	0.00	-0.37109	0.65842	-0.21472	0.61856
WT1(E604078EA627)	3.87	13104	 2021-05-17 21:19:02.751	0.700	0.045	0.730	2.014	-33.203	2.869	4.345	-45.132	-19.995	0.00	0.00	0.00	0.00000	0.00000	0.00000	0.00000
WT2(D809BF402BC3)	3.93	13103	 2021-05-17 21:19:02.784	0.808	-0.616	0.055	1.404	-0.732	-22.217	-84.902	-52.125	-80.914	0.00	0.00	0.00	-0.32288	0.66965	-0.15784	0.64990
WT2(D809BF402BC3)	3.93	13103	 2021-05-17 21:19:02.872	0.787	-0.601	0.062	0.610	0.671	-26.733	-84.430	-54.624	-81.557	0.00	0.00	0.00	-0.32288	0.66965	-0.15784	0.64990
WT2(D809BF402BC3)	3.93	13103	 2021-05-17 21:19:02.992	0.855	-0.578	0.055	2.258	0.488	-21.423	-83.947	-57.014	-82.046	0.00	0.00	0.00	-0.29218	0.67477	-0.12839	0.66541
WT1(E604078EA627)	3.87	13104	 2021-05-17 21:19:03.036	0.788	0.064	0.723	4.822	-16.968	2.380	4.587	-47.615	-19.924	0.00	0.00	0.00	0.00000	0.00000	0.00000	0.00000
WT1(E604078EA627)	3.87	13104	 2021-05-17 21:19:03.066	0.803	0.056	0.624	-2.563	-27.405	1.648	4.625	-49.823	-19.693	0.00	0.00	0.00	0.00000	0.00000	0.00000	0.00000
WT1(E604078EA627)	3.87	13104	 2021-05-17 21:19:03.066	0.816	0.047	0.635	-0.305	-9.827	1.892	4.614	-51.998	-19.704	0.00	0.00	0.00	0.00000	0.00000	0.00000	0.00000
WT2(D809BF402BC3)	3.93	13103	 2021-05-17 21:19:03.069	0.864	-0.520	0.058	-1.038	0.244	-27.344	-83.425	-59.485	-82.485	0.00	0.00	0.00	-0.29218	0.67477	-0.12839	0.66541
WT1(E604078EA627)	3.87	13104	 2021-05-17 21:19:03.080	0.850	0.035	0.654	2.563	-35.400	0.366	4.702	-54.382	-19.484	0.00	0.00	0.00	0.00000	0.00000	0.00000	0.00000
WT1(E604078EA627)	3.87	13104	 2021-05-17 21:19:03.081	0.854	0.044	0.579	0.488	-16.663	2.625	4.647	-56.635	-19.281	0.00	0.00	0.00	0.00000	0.00000	0.00000	0.00000
WT1(E604078EA627)	3.87	13104	 2021-05-17 21:19:03.096	0.885	0.053	0.536	-2.686	-23.865	1.648	4.664	-58.815	-19.039	0.00	0.00	0.00	0.00000	0.00000	0.00000	0.00000
WT2(D809BF402BC3)	3.93	13103	 2021-05-17 21:19:03.173	0.890	-0.471	0.053	1.587	-1.221	-24.414	-82.919	-62.578	-83.079	0.00	0.00	0.00	-0.29218	0.67477	-0.12839	0.66541
WT1(E604078EA627)	3.87	13104	 2021-05-17 21:19:03.201	0.903	0.029	0.504	-0.366	-21.667	1.526	4.697	-61.106	-18.990	0.00	0.00	0.00	0.00000	0.00000	0.00000	0.00000
WT1(E604078EA627)	3.87	13104	 2021-05-17 21:19:03.260	0.922	0.056	0.470	1.160	-21.606	0.732	4.982	-63.281	-18.935	0.00	0.00	0.00	0.00000	0.00000	0.00000	0.00000
WT2(D809BF402BC3)	3.93	13103	 2021-05-17 21:19:03.262	0.920	-0.448	0.063	1.587	-0.732	-27.283	-81.887	-65.506	-83.903	0.00	0.00	0.00	-0.24658	0.68231	-0.07831	0.68372
WT2(D809BF402BC3)	3.93	13103	 2021-05-17 21:19:03.369	0.941	-0.395	0.057	1.587	-0.183	-30.640	-81.090	-68.187	-84.628	0.00	0.00	0.00	-0.24658	0.68231	-0.07831	0.68372
WT1(E604078EA627)	3.87	13104	 2021-05-17 21:19:03.415	0.951	0.030	0.491	-0.610	-17.761	2.258	5.065	-65.330	-18.875	0.00	0.00	0.00	0.00000	0.00000	0.00000	0.00000
WT1(E604078EA627)	3.87	13104	 2021-05-17 21:19:03.472	0.939	0.051	0.415	-3.357	-12.695	1.099	4.883	-66.500	-18.550	0.00	0.00	0.00	0.00000	0.00000	0.00000	0.00000
WT2(D809BF402BC3)	3.93	13103	 2021-05-17 21:19:03.472	0.945	-0.337	0.060	-0.549	-0.854	-14.160	-80.206	-70.384	-85.150	0.00	0.00	0.00	-0.21634	0.68524	-0.04251	0.69412
WT2(D809BF402BC3)	3.93	13103	 2021-05-17 21:19:03.563	0.939	-0.275	0.041	2.625	-0.732	-20.996	-79.541	-72.202	-85.726	0.00	0.00	0.00	-0.21634	0.68524	-0.04251	0.69412
WT1(E604078EA627)	3.87	13104	 2021-05-17 21:19:03.576	0.947	0.010	0.375	-1.038	-27.466	0.793	4.894	-68.247	-18.270	0.00	0.00	0.00	0.00000	0.00000	0.00000	0.00000
