设备名称	电压	版本	片上时间	加速度X(g)	加速度Y(g)	加速度Z(g)	角速度X(°/s)	角速度Y(°/s)	角速度Z(°/s)	角度X(°)	角度Y(°)	角度Z(°)	磁场X	磁场Y	磁场Z	四元数0	四元数1	四元数2	四元数3	状态
WT1(E604078EA627)	3.87	13104	 2021-05-17 21:19:35.826	0.955	-0.007	0.433	3.052	21.851	-1.404	-2.692	-66.605	-12.706	0.00	0.00	0.00	0.00000	0.00000	0.00000	0.00000
WT2(D809BF402BC3)	3.93	13103	 2021-05-17 21:19:35.888	0.966	-0.319	0.020	-1.526	4.028	24.902	-89.132	-70.615	-120.910	0.00	0.00	0.00	0.09238	0.64355	-0.29422	0.70050
WT1(E604078EA627)	3.87	13104	 2021-05-17 21:19:35.945	0.946	0.000	0.437	-1.526	26.367	-3.418	-1.736	-64.237	-13.755	0.00	0.00	0.00	0.00000	0.00000	0.00000	0.00000
WT2(D809BF402BC3)	3.93	13103	 2021-05-17 21:19:35.979	0.935	-0.381	0.011	-5.066	1.709	28.687	-88.901	-67.923	-119.570	0.00	0.00	0.00	0.09238	0.64355	-0.29422	0.70050
WT1(E604078EA627)	3.87	13104	 2021-05-17 21:19:36.022	0.919	-0.022	0.476	-4.272	26.794	-2.258	-1.395	-61.760	-14.634	0.00	0.00	0.00	0.00000	0.00000	0.00000	0.00000
WT2(D809BF402BC3)	3.93	13103	 2021-05-17 21:19:36.083	0.921	-0.417	-0.007	-2.441	0.122	27.832	-89.231	-65.154	-117.977	0.00	0.00	0.00	0.01764	0.63370	-0.30899	0.70892
WT1(E604078EA627)	3.87	13104	 2021-05-17 21:19:36.114	0.906	-0.024	0.516	-1.343	22.827	-0.366	-1.390	-59.359	-15.007	0.00	0.00	0.00	0.00000	0.00000	0.00000	0.00000
WT2(D809BF402BC3)	3.93	13103	 2021-05-17 21:19:36.176	0.875	-0.477	0.004	-1.282	2.747	26.184	-89.330	-62.325	-116.411	0.00	0.00	0.00	0.01764	0.63370	-0.30899	0.70892
WT1(E604078EA627)	3.87	13104	 2021-05-17 21:19:36.215	0.874	-0.023	0.541	4.333	21.545	-2.075	-0.851	-57.030	-15.661	0.00	0.00	0.00	0.00000	0.00000	0.00000	0.00000
WT2(D809BF402BC3)	3.93	13103	 2021-05-17 21:19:36.278	0.877	-0.499	-0.004	3.723	-0.793	23.132	-89.066	-59.755	-114.890	0.00	0.00	0.00	0.01764	0.63370	-0.30899	0.70892
WT1(E604078EA627)	3.87	13104	 2021-05-17 21:19:36.321	0.851	-0.011	0.561	4.089	20.630	0.732	-0.461	-54.998	-15.831	0.00	0.00	0.00	0.00000	0.00000	0.00000	0.00000
WT2(D809BF402BC3)	3.93	13103	 2021-05-17 21:19:36.369	0.856	-0.530	0.030	1.343	-1.282	20.386	-89.033	-57.502	-112.901	0.00	0.00	0.00	-0.06308	0.62555	-0.32275	0.70746
WT1(E604078EA627)	3.87	13104	 2021-05-17 21:19:36.441	0.833	0.032	0.597	0.488	15.808	0.305	-0.297	-53.350	-15.853	0.00	0.00	0.00	0.00000	0.00000	0.00000	0.00000
WT2(D809BF402BC3)	3.93	13103	 2021-05-17 21:19:36.473	0.823	-0.560	0.021	-0.977	3.235	15.442	-88.951	-55.536	-111.187	0.00	0.00	0.00	-0.06308	0.62555	-0.32275	0.70746
WT1(E604078EA627)	3.87	13104	 2021-05-17 21:19:36.515	0.817	-0.012	0.626	1.770	13.855	-4.089	0.220	-51.899	-16.545	0.00	0.00	0.00	0.00000	0.00000	0.00000	0.00000
WT2(D809BF402BC3)	3.93	13103	 2021-05-17 21:19:36.577	0.834	-0.593	-0.006	1.404	2.563	17.212	-88.544	-53.937	-110.193	0.00	0.00	0.00	-0.06308	0.62555	-0.32275	0.70746
WT1(E604078EA627)	3.87	13104	 2021-05-17 21:19:36.620	0.803	-0.025	0.667	2.991	17.151	0.000	0.588	-50.372	-17.012	0.00	0.00	0.00	0.00000	0.00000	0.00000	0.00000
WT2(D809BF402BC3)	3.93	13103	 2021-05-17 21:19:36.671	0.800	-0.627	0.020	0.305	-1.953	27.893	-88.588	-51.691	-108.556	0.00	0.00	0.00	-0.12756	0.62039	-0.32773	0.70099
WT2(D809BF402BC3)	3.93	13103	 2021-05-17 21:19:36.772	0.775	-0.660	0.015	-1.160	0.244	24.719	-88.753	-49.235	-106.979	0.00	0.00	0.00	-0.12756	0.62039	-0.32773	0.70099
WT2(D809BF402BC3)	3.93	13103	 2021-05-17 21:19:36.879	0.746	-0.685	0.022	-0.977	-0.671	33.020	-88.830	-46.373	-105.683	0.00	0.00	0.00	-0.12756	0.62039	-0.32773	0.70099
WT1(E604078EA627)	3.87	13104	 2021-05-17 21:19:36.892	0.774	0.025	0.704	0.122	20.508	-0.122	0.742	-48.433	-17.254	0.00	0.00	0.00	0.00000	0.00000	0.00000	0.00000
WT1(E604078EA627)	3.87	13104	 2021-05-17 21:19:36.894	0.755	0.013	0.721	1.282	28.076	-2.808	1.000	-45.978	-17.792	0.00	0.00	0.00	0.00000	0.00000	0.00000	0.00000
WT1(E604078EA627)	3.87	13104	 2021-05-17 21:19:36.936	0.733	0.021	0.708	0.000	28.259	-0.488	1.104	-43.088	-18.100	0.00	0.00	0.00	0.00000	0.00000	0.00000	0.00000
WT1(E604078EA627)	3.87	13104	 2021-05-17 21:19:37.057	0.658	0.028	0.737	-2.258	15.808	-3.845	1.055	-40.908	-18.320	0.00	0.00	0.00	0.00000	0.00000	0.00000	0.00000
WT2(D809BF402BC3)	3.93	13103	 2021-05-17 21:19:37.072	0.658	-0.746	-0.001	-1.404	2.563	17.761	-89.434	-41.369	-103.123	0.00	0.00	0.00	-0.20200	0.60861	-0.35291	0.68134
WT1(E604078EA627)	3.87	13104	 2021-05-17 21:19:37.131	0.649	-0.034	0.808	3.662	16.052	-1.770	1.302	-39.342	-19.094	0.00	0.00	0.00	0.00000	0.00000	0.00000	0.00000
WT2(D809BF402BC3)	3.93	13103	 2021-05-17 21:19:37.163	0.646	-0.772	-0.021	3.235	-2.808	20.630	-89.412	-39.523	-102.233	0.00	0.00	0.00	-0.20200	0.60861	-0.35291	0.68134
WT1(E604078EA627)	3.87	13104	 2021-05-17 21:19:37.236	0.628	0.032	0.806	1.221	20.996	5.737	1.230	-37.458	-19.050	0.00	0.00	0.00	0.00000	0.00000	0.00000	0.00000
WT2(D809BF402BC3)	3.93	13103	 2021-05-17 21:19:37.268	0.619	-0.789	0.025	1.038	-6.287	23.010	-89.758	-37.375	-100.497	0.00	0.00	0.00	-0.24356	0.60211	-0.36649	0.66617
WT1(E604078EA627)	3.87	13104	 2021-05-17 21:19:37.325	0.599	0.065	0.846	0.793	21.667	-0.122	1.313	-35.327	-18.924	0.00	0.00	0.00	0.00000	0.00000	0.00000	0.00000
WT2(D809BF402BC3)	3.93	13103	 2021-05-17 21:19:37.358	0.603	-0.840	0.021	-2.502	-0.977	25.452	-89.901	-35.052	-99.091	0.00	0.00	0.00	-0.24356	0.60211	-0.36649	0.66617
WT1(E604078EA627)	3.87	13104	 2021-05-17 21:19:37.430	0.559	0.028	0.846	-4.883	23.254	-4.333	1.461	-33.190	-19.446	0.00	0.00	0.00	0.00000	0.00000	0.00000	0.00000
WT2(D809BF402BC3)	3.93	13103	 2021-05-17 21:19:37.462	0.560	-0.837	-0.007	-5.493	2.319	21.667	-90.203	-32.805	-98.350	0.00	0.00	0.00	-0.28931	0.59567	-0.38235	0.64438
WT1(E604078EA627)	3.87	13104	 2021-05-17 21:19:37.535	0.529	-0.013	0.883	-1.709	21.790	-5.676	1.412	-31.086	-20.292	0.00	0.00	0.00	0.00000	0.00000	0.00000	0.00000
WT2(D809BF402BC3)	3.93	13103	 2021-05-17 21:19:37.568	0.510	-0.870	-0.029	-1.892	0.854	22.644	-90.439	-30.547	-98.042	0.00	0.00	0.00	-0.28931	0.59567	-0.38235	0.64438
WT1(E604078EA627)	3.87	13104	 2021-05-17 21:19:37.642	0.484	-0.006	0.913	1.404	23.987	0.366	1.379	-28.801	-20.775	0.00	0.00	0.00	0.00000	0.00000	0.00000	0.00000
WT1(E604078EA627)	3.87	13104	 2021-05-17 21:19:37.747	0.467	0.027	0.880	2.014	23.621	2.441	1.269	-26.340	-20.698	0.00	0.00	0.00	0.00000	0.00000	0.00000	0.00000
WT2(D809BF402BC3)	3.93	13103	 2021-05-17 21:19:37.767	0.452	-0.891	-0.004	-0.854	-4.272	22.095	-90.884	-25.774	-96.064	0.00	0.00	0.00	-0.32141	0.58408	-0.40442	0.62604
WT1(E604078EA627)	3.87	13104	 2021-05-17 21:19:37.835	0.438	0.062	0.933	0.427	17.639	-2.502	1.351	-24.576	-20.781	0.00	0.00	0.00	0.00000	0.00000	0.00000	0.00000
WT2(D809BF402BC3)	3.93	13103	 2021-05-17 21:19:37.854	0.416	-0.926	0.004	-0.793	1.953	18.616	-90.917	-23.945	-95.317	0.00	0.00	0.00	-0.35220	0.57742	-0.41702	0.60709
WT1(E604078EA627)	3.87	13104	 2021-05-17 21:19:37.944	0.386	0.010	0.958	0.061	21.423	-6.165	1.631	-22.736	-21.583	0.00	0.00	0.00	0.00000	0.00000	0.00000	0.00000
WT2(D809BF402BC3)	3.93	13103	 2021-05-17 21:19:37.959	0.368	-0.930	-0.024	-0.854	3.479	20.691	-90.890	-22.061	-95.180	0.00	0.00	0.00	-0.35220	0.57742	-0.41702	0.60709
WT1(E604078EA627)	3.87	13104	 2021-05-17 21:19:38.045	0.357	-0.028	0.971	-0.488	21.362	0.122	1.648	-20.528	-22.247	0.00	0.00	0.00	0.00000	0.00000	0.00000	0.00000
WT2(D809BF402BC3)	3.93	13103	 2021-05-17 21:19:38.052	0.341	-0.927	-0.032	-1.892	-2.441	24.048	-91.055	-19.770	-94.691	0.00	0.00	0.00	-0.35220	0.57742	-0.41702	0.60709
WT1(E604078EA627)	3.87	13104	 2021-05-17 21:19:38.151	0.336	0.059	0.952	-0.793	22.278	1.648	1.511	-18.138	-22.313	0.00	0.00	0.00	0.00000	0.00000	0.00000	0.00000
WT2(D809BF402BC3)	3.93	13103	 2021-05-17 21:19:38.158	0.324	-0.950	0.001	-2.441	-1.160	22.339	-91.302	-17.430	-93.834	0.00	0.00	0.00	-0.39066	0.56088	-0.44272	0.58032
WT2(D809BF402BC3)	3.93	13103	 2021-05-17 21:19:38.257	0.271	-0.939	-0.012	-1.770	3.662	21.667	-91.456	-15.276	-93.406	0.00	0.00	0.00	-0.39066	0.56088	-0.44272	0.58032
WT1(E604078EA627)	3.87	13104	 2021-05-17 21:19:38.270	0.270	0.049	0.956	-0.671	20.752	-5.737	1.648	-15.892	-22.791	0.00	0.00	0.00	0.00000	0.00000	0.00000	0.00000
WT1(E604078EA627)	3.87	13104	 2021-05-17 21:19:38.347	0.245	-0.008	0.993	2.136	20.874	-3.418	1.824	-13.804	-23.500	0.00	0.00	0.00	0.00000	0.00000	0.00000	0.00000
WT2(D809BF402BC3)	3.93	13103	 2021-05-17 21:19:38.348	0.248	-1.000	-0.041	-0.854	1.099	21.790	-91.434	-13.140	-93.230	0.00	0.00	0.00	-0.40924	0.55151	-0.45615	0.56586
WT1(E604078EA627)	3.87	13104	 2021-05-17 21:19:38.450	0.220	0.020	1.021	0.854	22.339	0.488	1.857	-11.563	-23.846	0.00	0.00	0.00	0.00000	0.00000	0.00000	0.00000
WT2(D809BF402BC3)	3.93	13103	 2021-05-17 21:19:38.456	0.195	-0.997	-0.032	-1.648	-2.380	25.024	-91.533	-10.805	-92.675	0.00	0.00	0.00	-0.40924	0.55151	-0.45615	0.56586
WT2(D809BF402BC3)	3.93	13103	 2021-05-17 21:19:38.544	0.149	-0.972	-0.021	-1.465	-0.427	23.499	-91.659	-8.289	-92.032	0.00	0.00	0.00	-0.40924	0.55151	-0.45615	0.56586
WT1(E604078EA627)	3.87	13104	 2021-05-17 21:19:38.556	0.169	0.052	0.959	-0.122	24.963	-1.343	1.868	-8.932	-24.005	0.00	0.00	0.00	0.00000	0.00000	0.00000	0.00000
WT2(D809BF402BC3)	3.93	13103	 2021-05-17 21:19:38.649	0.110	-0.985	-0.024	-6.531	-0.793	24.658	-91.785	-6.114	-91.637	0.00	0.00	0.00	-0.45520	0.52731	-0.48691	0.52686
WT1(E604078EA627)	3.87	13104	 2021-05-17 21:19:38.662	0.120	0.039	1.004	0.366	19.226	-2.563	1.923	-6.828	-24.357	0.00	0.00	0.00	0.00000	0.00000	0.00000	0.00000
WT1(E604078EA627)	3.87	13104	 2021-05-17 21:19:38.752	0.064	0.025	0.980	0.427	23.743	-1.526	1.994	-4.576	-24.785	0.00	0.00	0.00	0.00000	0.00000	0.00000	0.00000
WT2(D809BF402BC3)	3.93	13103	 2021-05-17 21:19:38.753	0.078	-0.991	-0.035	-0.427	0.244	22.949	-91.928	-3.845	-91.274	0.00	0.00	0.00	-0.45520	0.52731	-0.48691	0.52686
WT2(D809BF402BC3)	3.93	13103	 2021-05-17 21:19:38.845	0.011	-1.008	-0.042	-0.488	-0.366	23.071	-91.994	-1.560	-90.884	0.00	0.00	0.00	-0.47253	0.51651	-0.50018	0.50961
WT1(E604078EA627)	3.87	13104	 2021-05-17 21:19:38.855	0.015	0.030	0.987	-0.305	23.010	-0.549	2.043	-2.296	-25.104	0.00	0.00	0.00	0.00000	0.00000	0.00000	0.00000
WT2(D809BF402BC3)	3.93	13103	 2021-05-17 21:19:38.948	-0.003	-1.005	-0.036	-1.770	0.244	23.438	-92.186	0.665	-90.489	0.00	0.00	0.00	-0.47253	0.51651	-0.50018	0.50961
WT1(E604078EA627)	3.87	13104	 2021-05-17 21:19:38.960	-0.002	0.042	1.016	-0.427	24.475	-1.831	1.983	-0.066	-25.384	0.00	0.00	0.00	0.00000	0.00000	0.00000	0.00000
WT2(D809BF402BC3)	3.93	13103	 2021-05-17 21:19:39.053	-0.035	-1.003	-0.043	-0.732	0.671	25.024	-92.324	2.939	-90.154	0.00	0.00	0.00	-0.47253	0.51651	-0.50018	0.50961
WT1(E604078EA627)	3.87	13104	 2021-05-17 21:19:39.066	-0.052	0.033	1.021	0.427	26.428	-2.014	2.032	2.263	-25.719	0.00	0.00	0.00	0.00000	0.00000	0.00000	0.00000
WT2(D809BF402BC3)	3.93	13103	 2021-05-17 21:19:39.143	-0.090	-1.000	-0.043	-2.014	1.160	27.283	-92.455	5.471	-89.863	0.00	0.00	0.00	-0.50668	0.49289	-0.52686	0.47192
WT1(E604078EA627)	3.87	13104	 2021-05-17 21:19:39.185	-0.099	0.025	1.044	0.305	27.893	-2.075	2.032	4.834	-26.071	0.00	0.00	0.00	0.00000	0.00000	0.00000	0.00000
WT2(D809BF402BC3)	3.93	13103	 2021-05-17 21:19:39.248	-0.125	-0.988	-0.044	-2.197	1.099	29.663	-92.692	8.295	-89.615	0.00	0.00	0.00	-0.50668	0.49289	-0.52686	0.47192
WT1(E604078EA627)	3.87	13104	 2021-05-17 21:19:39.267	-0.152	0.036	0.971	-0.610	30.212	-2.625	2.010	7.806	-26.389	0.00	0.00	0.00	0.00000	0.00000	0.00000	0.00000
WT2(D809BF402BC3)	3.93	13103	 2021-05-17 21:19:39.339	-0.186	-0.970	-0.042	-1.953	2.808	26.978	-92.961	10.986	-89.445	0.00	0.00	0.00	-0.50668	0.49289	-0.52686	0.47192
WT1(E604078EA627)	3.87	13104	 2021-05-17 21:19:39.366	-0.198	0.029	0.973	0.000	26.855	-4.578	1.934	10.497	-26.818	0.00	0.00	0.00	0.00000	0.00000	0.00000	0.00000
WT2(D809BF402BC3)	3.93	13103	 2021-05-17 21:19:39.444	-0.216	-0.956	-0.062	-0.732	1.831	24.536	-93.131	13.530	-89.407	0.00	0.00	0.00	-0.54449	0.45654	-0.56390	0.42078
WT1(E604078EA627)	3.87	13104	 2021-05-17 21:19:39.456	-0.219	0.009	0.981	1.038	23.132	-2.869	1.901	13.008	-27.350	0.00	0.00	0.00	0.00000	0.00000	0.00000	0.00000
WT2(D809BF402BC3)	3.93	13103	 2021-05-17 21:19:39.533	-0.268	-0.953	-0.064	-1.221	-1.587	26.672	-93.307	16.062	-89.149	0.00	0.00	0.00	-0.54449	0.45654	-0.56390	0.42078
WT1(E604078EA627)	3.87	13104	 2021-05-17 21:19:39.560	-0.274	0.017	0.969	-0.183	27.954	0.183	1.857	15.623	-27.587	0.00	0.00	0.00	0.00000	0.00000	0.00000	0.00000
WT2(D809BF402BC3)	3.93	13103	 2021-05-17 21:19:39.638	-0.306	-0.941	-0.052	-1.953	-1.404	26.672	-93.455	18.732	-88.676	0.00	0.00	0.00	-0.54449	0.45654	-0.56390	0.42078
WT1(E604078EA627)	3.87	13104	 2021-05-17 21:19:39.665	-0.317	0.051	0.929	-0.427	27.954	-0.427	1.879	18.353	-27.647	0.00	0.00	0.00	0.00000	0.00000	0.00000	0.00000
WT2(D809BF402BC3)	3.93	13103	 2021-05-17 21:19:39.757	-0.354	-0.918	-0.051	-1.526	0.427	26.733	-93.636	21.324	-88.330	0.00	0.00	0.00	-0.56958	0.43298	-0.58429	0.38297
WT1(E604078EA627)	3.87	13104	 2021-05-17 21:19:39.771	-0.359	0.044	0.909	-0.305	27.649	-2.563	1.895	21.006	-27.828	0.00	0.00	0.00	0.00000	0.00000	0.00000	0.00000
WT2(D809BF402BC3)	3.93	13103	 2021-05-17 21:19:39.836	-0.420	-0.918	-0.064	-0.549	1.953	27.771	-93.873	23.912	-88.204	0.00	0.00	0.00	-0.56958	0.43298	-0.58429	0.38297
WT1(E604078EA627)	3.87	13104	 2021-05-17 21:19:39.875	-0.410	0.025	0.895	0.671	29.419	-3.296	1.846	23.692	-28.218	0.00	0.00	0.00	0.00000	0.00000	0.00000	0.00000
WT2(D809BF402BC3)	3.93	13103	 2021-05-17 21:19:39.938	-0.444	-0.898	-0.075	-2.563	1.831	27.832	-94.191	26.653	-88.138	0.00	0.00	0.00	-0.56958	0.43298	-0.58429	0.38297
WT1(E604078EA627)	3.87	13104	 2021-05-17 21:19:39.966	-0.439	0.015	0.871	-0.549	26.794	-1.953	1.670	26.472	-28.586	0.00	0.00	0.00	0.00000	0.00000	0.00000	0.00000
WT2(D809BF402BC3)	3.93	13103	 2021-05-17 21:19:40.028	-0.495	-0.869	-0.070	-1.404	0.549	28.625	-94.570	29.366	-87.973	0.00	0.00	0.00	-0.59616	0.39923	-0.61157	0.33331
WT1(E604078EA627)	3.87	13104	 2021-05-17 21:19:40.070	-0.479	0.020	0.844	0.000	29.968	-2.014	1.544	29.333	-28.823	0.00	0.00	0.00	0.00000	0.00000	0.00000	0.00000
WT2(D809BF402BC3)	3.93	13103	 2021-05-17 21:19:40.133	-0.536	-0.848	-0.069	-1.831	0.305	30.396	-94.883	32.267	-87.753	0.00	0.00	0.00	-0.59616	0.39923	-0.61157	0.33331
WT1(E604078EA627)	3.87	13104	 2021-05-17 21:19:40.175	-0.525	0.036	0.833	-0.427	30.396	-2.197	1.456	32.333	-28.976	0.00	0.00	0.00	0.00000	0.00000	0.00000	0.00000
WT2(D809BF402BC3)	3.93	13103	 2021-05-17 21:19:40.237	-0.586	-0.807	-0.072	-1.221	1.099	31.189	-95.284	35.392	-87.632	0.00	0.00	0.00	-0.59616	0.39923	-0.61157	0.33331
WT1(E604078EA627)	3.87	13104	 2021-05-17 21:19:40.283	-0.571	0.021	0.795	0.183	31.372	-3.967	1.302	35.574	-29.279	0.00	0.00	0.00	0.00000	0.00000	0.00000	0.00000
WT2(D809BF402BC3)	3.93	13103	 2021-05-17 21:19:40.329	-0.616	-0.783	-0.082	-2.197	1.099	29.602	-95.828	38.397	-87.649	0.00	0.00	0.00	-0.62161	0.36084	-0.63885	0.27426
WT1(E604078EA627)	3.87	13104	 2021-05-17 21:19:40.370	-0.623	0.004	0.767	0.366	33.325	-3.601	1.049	38.633	-29.614	0.00	0.00	0.00	0.00000	0.00000	0.00000	0.00000
WT2(D809BF402BC3)	3.93	13103	 2021-05-17 21:19:40.433	-0.630	-0.740	-0.085	-1.831	0.732	31.799	-96.394	41.402	-87.649	0.00	0.00	0.00	-0.62161	0.36084	-0.63885	0.27426
WT1(E604078EA627)	3.87	13104	 2021-05-17 21:19:40.475	-0.678	-0.020	0.714	-0.244	35.583	-2.563	0.813	41.874	-29.894	0.00	0.00	0.00	0.00000	0.00000	0.00000	0.00000
WT2(D809BF402BC3)	3.93	13103	 2021-05-17 21:19:40.522	-0.680	-0.705	-0.095	-2.380	-0.916	31.250	-96.976	44.577	-87.578	0.00	0.00	0.00	-0.62161	0.36084	-0.63885	0.27426
WT1(E604078EA627)	3.87	13104	 2021-05-17 21:19:40.580	-0.712	0.004	0.672	-0.183	29.358	-1.221	0.582	45.198	-30.026	0.00	0.00	0.00	0.00000	0.00000	0.00000	0.00000
WT2(D809BF402BC3)	3.93	13103	 2021-05-17 21:19:40.627	-0.728	-0.666	-0.086	-2.319	-0.244	30.762	-97.603	47.587	-87.413	0.00	0.00	0.00	-0.64117	0.32245	-0.66309	0.21259
WT1(E604078EA627)	3.87	13104	 2021-05-17 21:19:40.715	-0.740	0.005	0.624	0.000	32.166	-3.174	0.357	48.345	-30.114	0.00	0.00	0.00	0.00000	0.00000	0.00000	0.00000
WT2(D809BF402BC3)	3.93	13103	 2021-05-17 21:19:40.720	-0.758	-0.616	-0.091	-1.038	1.221	30.945	-98.361	50.614	-87.451	0.00	0.00	0.00	-0.64117	0.32245	-0.66309	0.21259
WT1(E604078EA627)	3.87	13104	 2021-05-17 21:19:40.790	-0.761	-0.007	0.562	-0.366	31.067	-3.296	-0.016	51.559	-30.449	0.00	0.00	0.00	0.00000	0.00000	0.00000	0.00000
WT2(D809BF402BC3)	3.93	13103	 2021-05-17 21:19:40.823	-0.791	-0.566	-0.095	-2.502	1.038	28.076	-99.245	53.492	-87.610	0.00	0.00	0.00	-0.64117	0.32245	-0.66309	0.21259
WT1(E604078EA627)	3.87	13104	 2021-05-17 21:19:40.881	-0.802	-0.016	0.550	0.000	31.311	-1.953	-0.450	54.525	-30.707	0.00	0.00	0.00	0.00000	0.00000	0.00000	0.00000
WT2(D809BF402BC3)	3.93	13103	 2021-05-17 21:19:40.928	-0.825	-0.537	-0.104	-2.136	0.122	27.527	-100.168	56.354	-87.709	0.00	0.00	0.00	-0.65594	0.28577	-0.68311	0.14633
WT1(E604078EA627)	3.87	13104	 2021-05-17 21:19:40.986	-0.829	-0.006	0.541	-1.160	27.710	-1.526	-0.846	57.508	-30.833	0.00	0.00	0.00	0.00000	0.00000	0.00000	0.00000
WT2(D809BF402BC3)	3.93	13103	 2021-05-17 21:19:41.018	-0.847	-0.485	-0.104	-2.686	-0.244	31.067	-102.222	59.249	-88.687	0.00	0.00	0.00	-0.65594	0.28577	-0.68311	0.14633
WT1(E604078EA627)	3.87	13104	 2021-05-17 21:19:41.091	-0.844	-0.015	0.453	-0.488	34.058	-3.296	-1.384	60.864	-31.042	0.00	0.00	0.00	0.00000	0.00000	0.00000	0.00000
WT2(D809BF402BC3)	3.93	13103	 2021-05-17 21:19:41.126	-0.874	-0.451	-0.106	-2.563	0.549	31.433	-103.821	62.375	-89.258	0.00	0.00	0.00	-0.65594	0.28577	-0.68311	0.14633
WT1(E604078EA627)	3.87	13104	 2021-05-17 21:19:41.181	-0.870	-0.020	0.395	0.000	33.997	-2.869	-2.071	64.232	-31.437	0.00	0.00	0.00	0.00000	0.00000	0.00000	0.00000
WT2(D809BF402BC3)	3.93	13103	 2021-05-17 21:19:41.214	-0.893	-0.411	-0.112	-1.709	0.305	30.823	-105.634	65.369	-90.005	0.00	0.00	0.00	-0.66379	0.24390	-0.70471	0.05670
WT1(E604078EA627)	3.87	13104	 2021-05-17 21:19:41.286	-0.887	-0.027	0.345	-0.427	27.100	-1.587	-2.983	67.368	-31.987	0.00	0.00	0.00	0.00000	0.00000	0.00000	0.00000
WT2(D809BF402BC3)	3.93	13103	 2021-05-17 21:19:41.318	-0.922	-0.353	-0.119	-2.380	0.183	27.039	-107.781	68.044	-90.934	0.00	0.00	0.00	-0.66379	0.24390	-0.70471	0.05670
WT1(E604078EA627)	3.87	13104	 2021-05-17 21:19:41.390	-0.914	-0.027	0.321	-0.427	25.696	-1.343	-3.944	70.208	-32.465	0.00	0.00	0.00	0.00000	0.00000	0.00000	0.00000
WT2(D809BF402BC3)	3.93	13103	 2021-05-17 21:19:41.424	-0.935	-0.290	-0.115	-2.197	-0.183	27.405	-110.281	70.593	-92.060	0.00	0.00	0.00	-0.66379	0.24390	-0.70471	0.05670
WT1(E604078EA627)	3.87	13104	 2021-05-17 21:19:41.496	-0.925	-0.034	0.246	-1.282	29.297	-1.587	-5.323	73.218	-33.278	0.00	0.00	0.00	0.00000	0.00000	0.00000	0.00000
WT1(E604078EA627)	3.87	13104	 2021-05-17 21:19:41.588	-0.938	-0.027	0.218	-0.488	31.677	-2.014	-7.169	76.152	-34.464	0.00	0.00	0.00	0.00000	0.00000	0.00000	0.00000
WT2(D809BF402BC3)	3.93	13103	 2021-05-17 21:19:41.621	-0.953	-0.213	-0.111	-1.770	0.000	28.259	-118.048	75.723	-96.757	0.00	0.00	0.00	-0.66461	0.22031	-0.71368	-0.01929
WT1(E604078EA627)	3.87	13104	 2021-05-17 21:19:41.690	-0.948	-0.034	0.159	5.005	27.527	-3.052	-10.250	79.184	-37.139	0.00	0.00	0.00	0.00000	0.00000	0.00000	0.00000
WT2(D809BF402BC3)	3.93	13103	 2021-05-17 21:19:41.709	-0.967	-0.153	-0.126	-1.221	6.836	16.418	-124.585	77.921	-101.865	0.00	0.00	0.00	-0.66461	0.22031	-0.71368	-0.01929
WT1(E604078EA627)	3.87	13104	 2021-05-17 21:19:41.796	-0.949	-0.044	0.104	-1.404	30.334	-2.197	-16.639	82.161	-42.913	0.00	0.00	0.00	0.00000	0.00000	0.00000	0.00000
WT2(D809BF402BC3)	3.93	13103	 2021-05-17 21:19:41.812	-0.965	-0.140	-0.125	-10.925	1.526	17.639	-131.418	78.909	-106.458	0.00	0.00	0.00	-0.65463	0.21106	-0.72028	-0.08987
WT1(E604078EA627)	3.87	13104	 2021-05-17 21:19:41.917	-0.975	-0.050	0.005	-1.709	28.992	-2.625	-30.454	85.018	-55.876	0.00	0.00	0.00	0.00000	0.00000	0.00000	0.00000
WT2(D809BF402BC3)	3.93	13103	 2021-05-17 21:19:41.919	-1.007	-0.217	-0.157	-14.709	11.230	4.150	-138.713	80.475	-110.995	0.00	0.00	0.00	-0.65463	0.21106	-0.72028	-0.08987
WT1(E604078EA627)	3.87	13104	 2021-05-17 21:19:41.992	-0.962	-0.051	-0.008	-2.441	24.902	-1.465	-57.975	86.803	-82.568	0.00	0.00	0.00	0.00000	0.00000	0.00000	0.00000
WT2(D809BF402BC3)	3.93	13103	 2021-05-17 21:19:42.007	-0.976	-0.055	-0.109	-14.221	-5.859	20.630	-147.036	82.238	-116.455	0.00	0.00	0.00	-0.64859	0.22021	-0.71677	-0.13046
WT2(D809BF402BC3)	3.93	13103	 2021-05-17 21:19:42.117	-0.977	-0.035	-0.109	-8.362	-8.911	13.000	-156.874	83.875	-123.069	0.00	0.00	0.00	-0.64859	0.22021	-0.71677	-0.13046
WT1(E604078EA627)	3.87	13104	 2021-05-17 21:19:42.140	-0.959	-0.075	-0.135	0.305	34.912	-2.075	-110.693	86.852	-134.390	0.00	0.00	0.00	0.00000	0.00000	0.00000	0.00000
WT1(E604078EA627)	3.87	13104	 2021-05-17 21:19:42.201	-0.908	-0.037	-0.205	2.808	-7.324	-0.122	-134.626	85.622	-157.665	0.00	0.00	0.00	0.00000	0.00000	0.00000	0.00000
WT2(D809BF402BC3)	3.93	13103	 2021-05-17 21:19:42.204	-0.969	0.014	-0.084	3.845	5.188	0.366	-161.917	84.067	-125.942	0.00	0.00	0.00	-0.64859	0.22021	-0.71677	-0.13046
WT1(E604078EA627)	3.87	13104	 2021-05-17 21:19:42.307	-0.958	-0.071	-0.151	0.671	-44.434	2.014	-113.406	86.528	-135.895	0.00	0.00	0.00	0.00000	0.00000	0.00000	0.00000
WT2(D809BF402BC3)	3.93	13103	 2021-05-17 21:19:42.313	-0.983	-0.010	-0.119	12.085	28.015	-38.940	-153.781	81.650	-116.878	0.00	0.00	0.00	-0.63354	0.25610	-0.70508	-0.18939
WT2(D809BF402BC3)	3.93	13103	 2021-05-17 21:19:42.399	-0.916	-0.125	-0.150	3.784	-0.122	-29.358	-135.791	77.915	-97.954	0.00	0.00	0.00	-0.63354	0.25610	-0.70508	-0.18939
WT1(E604078EA627)	3.87	13104	 2021-05-17 21:19:42.412	-0.902	-0.043	0.361	0.183	-36.865	2.014	-34.503	84.803	-56.135	0.00	0.00	0.00	0.00000	0.00000	0.00000	0.00000
WT1(E604078EA627)	3.87	13104	 2021-05-17 21:19:42.502	-0.988	-0.043	-0.006	-5.005	-14.343	3.601	-25.867	83.771	-46.450	0.00	0.00	0.00	0.00000	0.00000	0.00000	0.00000
WT2(D809BF402BC3)	3.93	13103	 2021-05-17 21:19:42.503	-0.963	-0.160	-0.153	-2.014	-2.747	-16.174	-130.062	76.591	-90.978	0.00	0.00	0.00	-0.63354	0.25610	-0.70508	-0.18939
WT2(D809BF402BC3)	3.93	13103	 2021-05-17 21:19:42.596	-0.930	-0.196	-0.125	3.601	0.671	-16.296	-125.414	75.157	-85.358	0.00	0.00	0.00	-0.63443	0.32758	-0.68332	-0.15240
WT1(E604078EA627)	3.87	13104	 2021-05-17 21:19:42.605	-0.932	-0.014	0.064	-0.977	-19.531	0.793	-17.809	81.865	-37.700	0.00	0.00	0.00	0.00000	0.00000	0.00000	0.00000
WT2(D809BF402BC3)	3.93	13103	 2021-05-17 21:19:42.699	-0.948	-0.254	-0.134	4.395	2.136	-22.522	-121.212	73.169	-80.700	0.00	0.00	0.00	-0.63443	0.32758	-0.68332	-0.15240
WT1(E604078EA627)	3.87	13104	 2021-05-17 21:19:42.711	-0.948	-0.037	0.167	1.953	-29.236	0.122	-12.783	79.156	-32.322	0.00	0.00	0.00	0.00000	0.00000	0.00000	0.00000
WT2(D809BF402BC3)	3.93	13103	 2021-05-17 21:19:42.789	-0.949	-0.263	-0.168	6.104	2.563	-23.560	-117.587	70.944	-77.113	0.00	0.00	0.00	-0.63910	0.35602	-0.66986	-0.12665
WT1(E604078EA627)	3.87	13104	 2021-05-17 21:19:42.816	-0.942	-0.064	0.215	3.235	-20.569	0.000	-9.646	76.404	-29.224	0.00	0.00	0.00	0.00000	0.00000	0.00000	0.00000
WT2(D809BF402BC3)	3.93	13103	 2021-05-17 21:19:42.894	-0.918	-0.320	-0.149	1.038	0.671	-26.306	-114.758	68.665	-74.081	0.00	0.00	0.00	-0.63910	0.35602	-0.66986	-0.12665
WT1(E604078EA627)	3.87	13104	 2021-05-17 21:19:42.920	-0.909	-0.040	0.277	-0.916	-30.090	1.953	-7.839	73.817	-27.169	0.00	0.00	0.00	0.00000	0.00000	0.00000	0.00000
WT1(E604078EA627)	3.87	13104	 2021-05-17 21:19:43.011	-0.902	-0.045	0.264	-2.441	-25.269	3.540	-6.174	71.202	-25.269	0.00	0.00	0.00	0.00000	0.00000	0.00000	0.00000
WT2(D809BF402BC3)	3.93	13103	 2021-05-17 21:19:43.028	-0.902	-0.355	-0.150	0.916	-0.671	-28.198	-112.143	66.215	-71.389	0.00	0.00	0.00	-0.63910	0.35602	-0.66986	-0.12665
WT2(D809BF402BC3)	3.93	13103	 2021-05-17 21:19:43.090	-0.883	-0.417	-0.134	2.747	-0.671	-36.377	-109.380	63.270	-68.643	0.00	0.00	0.00	-0.64633	0.39694	-0.64627	-0.08359
WT1(E604078EA627)	3.87	13104	 2021-05-17 21:19:43.116	-0.897	-0.016	0.347	-0.732	-36.804	4.517	-4.241	67.874	-23.143	0.00	0.00	0.00	0.00000	0.00000	0.00000	0.00000
WT2(D809BF402BC3)	3.93	13103	 2021-05-17 21:19:43.194	-0.847	-0.504	-0.144	1.648	0.122	-34.729	-106.919	59.815	-66.500	0.00	0.00	0.00	-0.64633	0.39694	-0.64627	-0.08359
WT1(E604078EA627)	3.87	13104	 2021-05-17 21:19:43.250	-0.831	0.000	0.545	-0.610	-40.161	2.686	-2.780	63.765	-21.594	0.00	0.00	0.00	0.00000	0.00000	0.00000	0.00000
WT2(D809BF402BC3)	3.93	13103	 2021-05-17 21:19:43.299	-0.822	-0.512	-0.145	1.343	-0.793	-24.048	-105.436	57.118	-65.457	0.00	0.00	0.00	-0.64633	0.39694	-0.64627	-0.08359
WT1(E604078EA627)	3.87	13104	 2021-05-17 21:19:43.311	-0.829	-0.026	0.492	-1.099	-26.428	3.052	-2.225	61.100	-20.989	0.00	0.00	0.00	0.00000	0.00000	0.00000	0.00000
WT1(E604078EA627)	3.87	13104	 2021-05-17 21:19:43.417	-0.826	0.002	0.502	-0.549	-17.639	1.587	-1.588	58.612	-20.391	0.00	0.00	0.00	0.00000	0.00000	0.00000	0.00000
WT2(D809BF402BC3)	3.93	13103	 2021-05-17 21:19:43.508	-0.739	-0.583	-0.128	1.770	1.038	-30.090	-103.085	52.037	-64.243	0.00	0.00	0.00	-0.65494	0.44083	-0.61356	-0.01489
WT1(E604078EA627)	3.87	13104	 2021-05-17 21:19:43.522	-0.779	-0.007	0.677	0.366	-35.889	1.221	-1.121	55.162	-20.171	0.00	0.00	0.00	0.00000	0.00000	0.00000	0.00000
WT2(D809BF402BC3)	3.93	13103	 2021-05-17 21:19:43.584	-0.731	-0.602	-0.140	3.235	-0.671	-26.733	-102.036	49.318	-64.012	0.00	0.00	0.00	-0.65613	0.45596	-0.60104	0.01764
WT1(E604078EA627)	3.87	13104	 2021-05-17 21:19:43.627	-0.789	-0.029	0.532	-0.488	-26.855	2.686	-0.698	52.723	-20.045	0.00	0.00	0.00	0.00000	0.00000	0.00000	0.00000
WT2(D809BF402BC3)	3.93	13103	 2021-05-17 21:19:43.688	-0.719	-0.684	-0.132	0.854	-0.854	-25.879	-101.195	46.527	-63.820	0.00	0.00	0.00	-0.65613	0.45596	-0.60104	0.01764
WT1(E604078EA627)	3.87	13104	 2021-05-17 21:19:43.716	-0.749	0.003	0.662	-1.099	-20.691	2.991	-0.357	49.565	-19.792	0.00	0.00	0.00	0.00000	0.00000	0.00000	0.00000
WT2(D809BF402BC3)	3.93	13103	 2021-05-17 21:19:43.778	-0.679	-0.690	-0.122	1.221	0.549	-20.569	-100.602	44.253	-63.869	0.00	0.00	0.00	-0.65613	0.45596	-0.60104	0.01764
WT1(E604078EA627)	3.87	13104	 2021-05-17 21:19:43.822	-0.751	-0.019	0.541	-0.549	-28.442	3.296	-0.192	47.538	-19.874	0.00	0.00	0.00	0.00000	0.00000	0.00000	0.00000
WT2(D809BF402BC3)	3.93	13103	 2021-05-17 21:19:43.883	-0.665	-0.744	-0.125	2.197	1.648	-30.579	-99.904	41.517	-63.995	0.00	0.00	0.00	-0.65439	0.48468	-0.57407	0.08511
WT1(E604078EA627)	3.87	13104	 2021-05-17 21:19:43.928	-0.676	-0.003	0.710	0.183	-28.564	3.418	0.099	44.127	-19.924	0.00	0.00	0.00	0.00000	0.00000	0.00000	0.00000
WT2(D809BF402BC3)	3.93	13103	 2021-05-17 21:19:43.988	-0.625	-0.770	-0.124	2.136	1.221	-27.161	-99.278	38.644	-64.188	0.00	0.00	0.00	-0.65439	0.48468	-0.57407	0.08511
WT1(E604078EA627)	3.87	13104	 2021-05-17 21:19:44.033	-0.629	0.000	0.729	-0.244	-28.259	2.808	0.297	41.221	-20.045	0.00	0.00	0.00	0.00000	0.00000	0.00000	0.00000
WT1(E604078EA627)	3.87	13104	 2021-05-17 21:19:44.136	-0.582	0.008	0.752	0.793	-34.912	3.723	0.489	38.452	-20.198	0.00	0.00	0.00	0.00000	0.00000	0.00000	0.00000
WT2(D809BF402BC3)	3.93	13103	 2021-05-17 21:19:44.183	-0.580	-0.812	-0.111	1.526	0.000	-25.391	-98.366	33.959	-65.001	0.00	0.00	0.00	-0.64877	0.50278	-0.55573	0.13202
WT1(E604078EA627)	3.87	13104	 2021-05-17 21:19:44.226	-0.552	0.012	0.767	-0.244	-26.794	3.418	0.637	35.662	-20.325	0.00	0.00	0.00	0.00000	0.00000	0.00000	0.00000
WT2(D809BF402BC3)	3.93	13103	 2021-05-17 21:19:44.273	-0.510	-0.830	-0.113	2.380	0.061	-27.649	-97.844	31.399	-65.341	0.00	0.00	0.00	-0.64877	0.50278	-0.55573	0.13202
WT1(E604078EA627)	3.87	13104	 2021-05-17 21:19:44.360	-0.471	0.026	0.850	1.221	-38.940	3.601	0.829	32.580	-20.522	0.00	0.00	0.00	0.00000	0.00000	0.00000	0.00000
WT2(D809BF402BC3)	3.93	13103	 2021-05-17 21:19:44.377	-0.491	-0.875	-0.114	3.235	0.671	-30.273	-97.317	28.361	-65.737	0.00	0.00	0.00	-0.64151	0.51694	-0.53891	0.17542
WT1(E604078EA627)	3.87	13104	 2021-05-17 21:19:44.435	-0.437	0.025	0.889	-0.183	-29.663	3.174	0.994	29.323	-20.693	0.00	0.00	0.00	0.00000	0.00000	0.00000	0.00000
WT2(D809BF402BC3)	3.93	13103	 2021-05-17 21:19:44.482	-0.435	-0.893	-0.104	2.319	-0.366	-28.198	-96.861	25.455	-66.116	0.00	0.00	0.00	-0.64151	0.51694	-0.53891	0.17542
WT1(E604078EA627)	3.87	13104	 2021-05-17 21:19:44.543	-0.408	0.032	0.939	-0.183	-26.306	3.296	1.137	26.263	-20.786	0.00	0.00	0.00	0.00000	0.00000	0.00000	0.00000
WT2(D809BF402BC3)	3.93	13103	 2021-05-17 21:19:44.576	-0.427	-0.898	-0.099	2.930	-3.052	-21.667	-96.432	23.247	-66.528	0.00	0.00	0.00	-0.62946	0.53592	-0.51523	0.22598
WT1(E604078EA627)	3.87	13104	 2021-05-17 21:19:44.631	-0.373	0.042	0.933	-0.122	-24.292	1.221	1.296	23.621	-20.973	0.00	0.00	0.00	0.00000	0.00000	0.00000	0.00000
WT2(D809BF402BC3)	3.93	13103	 2021-05-17 21:19:44.679	-0.362	-0.922	-0.094	3.235	0.977	-25.330	-96.059	20.764	-67.050	0.00	0.00	0.00	-0.62946	0.53592	-0.51523	0.22598
WT2(D809BF402BC3)	3.93	13103	 2021-05-17 21:19:44.769	-0.310	-0.939	-0.093	3.113	1.648	-23.499	-95.751	18.292	-67.758	0.00	0.00	0.00	-0.61581	0.54825	-0.49710	0.27029
WT1(E604078EA627)	3.87	13104	 2021-05-17 21:19:44.782	-0.330	0.030	0.960	0.427	-24.292	0.000	1.395	20.907	-21.368	0.00	0.00	0.00	0.00000	0.00000	0.00000	0.00000
WT1(E604078EA627)	3.87	13104	 2021-05-17 21:19:44.840	-0.292	0.021	0.933	1.038	-25.024	1.160	1.478	18.380	-21.819	0.00	0.00	0.00	0.00000	0.00000	0.00000	0.00000
WT2(D809BF402BC3)	3.93	13103	 2021-05-17 21:19:44.873	-0.265	-0.947	-0.089	3.357	0.671	-24.048	-95.389	15.864	-68.406	0.00	0.00	0.00	-0.61581	0.54825	-0.49710	0.27029
WT2(D809BF402BC3)	3.93	13103	 2021-05-17 21:19:44.962	-0.213	-0.960	-0.088	1.831	-0.671	-26.611	-95.015	13.579	-68.835	0.00	0.00	0.00	-0.61581	0.54825	-0.49710	0.27029
WT1(E604078EA627)	3.87	13104	 2021-05-17 21:19:44.976	-0.257	0.015	0.958	0.916	-24.902	2.991	1.566	15.650	-22.132	0.00	0.00	0.00	0.00000	0.00000	0.00000	0.00000
WT1(E604078EA627)	3.87	13104	 2021-05-17 21:19:45.038	-0.226	0.030	1.000	0.793	-22.217	4.150	1.631	12.816	-22.247	0.00	0.00	0.00	0.00000	0.00000	0.00000	0.00000
WT2(D809BF402BC3)	3.93	13103	 2021-05-17 21:19:45.067	-0.171	-0.977	-0.074	2.441	-2.502	-16.907	-94.708	11.179	-69.214	0.00	0.00	0.00	-0.60056	0.56070	-0.47726	0.31161
WT1(E604078EA627)	3.87	13104	 2021-05-17 21:19:45.156	-0.176	0.041	1.014	0.916	-24.231	2.075	1.747	10.228	-22.385	0.00	0.00	0.00	0.00000	0.00000	0.00000	0.00000
WT2(D809BF402BC3)	3.93	13103	 2021-05-17 21:19:45.173	-0.143	-0.985	-0.069	2.197	-0.305	-23.804	-94.378	9.003	-69.659	0.00	0.00	0.00	-0.60056	0.56070	-0.47726	0.31161
WT1(E604078EA627)	3.87	13104	 2021-05-17 21:19:45.261	-0.120	0.044	0.986	-0.183	-25.696	0.305	1.813	7.745	-22.637	0.00	0.00	0.00	0.00000	0.00000	0.00000	0.00000
WT1(E604078EA627)	3.87	13104	 2021-05-17 21:19:45.352	-0.083	0.025	1.000	1.770	-17.029	1.526	1.829	5.202	-22.983	0.00	0.00	0.00	0.00000	0.00000	0.00000	0.00000
WT2(D809BF402BC3)	3.93	13103	 2021-05-17 21:19:45.368	-0.106	-0.981	-0.074	4.211	-3.784	-12.817	-93.900	4.812	-70.768	0.00	0.00	0.00	-0.57986	0.57559	-0.45255	0.35718
WT1(E604078EA627)	3.87	13104	 2021-05-17 21:19:45.456	-0.047	0.034	1.027	0.671	-21.301	2.502	1.868	2.983	-23.198	0.00	0.00	0.00	0.00000	0.00000	0.00000	0.00000
WT2(D809BF402BC3)	3.93	13103	 2021-05-17 21:19:45.462	-0.078	-1.003	-0.065	2.380	-1.648	-18.799	-93.691	3.038	-71.169	0.00	0.00	0.00	-0.57986	0.57559	-0.45255	0.35718
WT1(E604078EA627)	3.87	13104	 2021-05-17 21:19:45.546	0.009	0.039	0.975	-0.122	-27.222	1.221	1.857	0.676	-23.379	0.00	0.00	0.00	0.00000	0.00000	0.00000	0.00000
WT2(D809BF402BC3)	3.93	13103	 2021-05-17 21:19:45.563	-0.024	-1.000	-0.055	2.014	0.000	-23.621	-93.505	1.033	-71.521	0.00	0.00	0.00	-0.56113	0.58664	-0.43213	0.39270
WT1(E604078EA627)	3.87	13104	 2021-05-17 21:19:45.653	0.034	0.029	1.009	0.732	-22.278	1.404	1.895	-2.120	-23.588	0.00	0.00	0.00	0.00000	0.00000	0.00000	0.00000
WT2(D809BF402BC3)	3.93	13103	 2021-05-17 21:19:45.668	-0.003	-1.015	-0.060	2.930	-0.732	-20.935	-93.257	-1.099	-71.927	0.00	0.00	0.00	-0.56113	0.58664	-0.43213	0.39270
WT2(D809BF402BC3)	3.93	13103	 2021-05-17 21:19:45.757	0.035	-1.021	-0.058	3.296	-0.977	-21.240	-93.027	-3.142	-72.318	0.00	0.00	0.00	-0.56113	0.58664	-0.43213	0.39270
WT1(E604078EA627)	3.87	13104	 2021-05-17 21:19:45.771	0.084	0.033	1.041	1.648	-20.996	2.563	1.945	-4.576	-23.714	0.00	0.00	0.00	0.00000	0.00000	0.00000	0.00000
WT1(E604078EA627)	3.87	13104	 2021-05-17 21:19:45.847	0.129	0.048	0.956	0.244	-19.958	1.648	2.010	-6.696	-23.769	0.00	0.00	0.00	0.00000	0.00000	0.00000	0.00000
WT2(D809BF402BC3)	3.93	13103	 2021-05-17 21:19:45.864	0.070	-0.996	-0.047	2.502	-0.061	-23.682	-92.807	-4.982	-72.647	0.00	0.00	0.00	-0.53732	0.60019	-0.40543	0.43198
WT2(D809BF402BC3)	3.93	13103	 2021-05-17 21:19:45.954	0.102	-1.012	-0.043	2.075	-0.671	-22.583	-92.664	-7.300	-73.076	0.00	0.00	0.00	-0.53732	0.60019	-0.40543	0.43198
WT1(E604078EA627)	3.87	13104	 2021-05-17 21:19:45.965	0.161	0.042	1.037	0.000	-23.621	0.916	1.983	-9.481	-23.890	0.00	0.00	0.00	0.00000	0.00000	0.00000	0.00000
WT1(E604078EA627)	3.87	13104	 2021-05-17 21:19:46.086	0.207	0.036	0.960	1.648	-19.043	1.648	2.021	-11.519	-24.038	0.00	0.00	0.00	0.00000	0.00000	0.00000	0.00000
WT2(D809BF402BC3)	3.93	13103	 2021-05-17 21:19:46.091	0.152	-0.986	-0.044	3.235	0.549	-20.935	-92.466	-9.218	-73.537	0.00	0.00	0.00	-0.51846	0.60953	-0.38724	0.45786
WT2(D809BF402BC3)	3.93	13103	 2021-05-17 21:19:46.149	0.194	-0.980	-0.042	-0.427	4.089	-23.010	-92.406	-11.475	-74.207	0.00	0.00	0.00	-0.51846	0.60953	-0.38724	0.45786
WT1(E604078EA627)	3.87	13104	 2021-05-17 21:19:46.163	0.259	0.054	1.003	-1.099	-23.926	-0.977	1.912	-13.892	-24.274	0.00	0.00	0.00	0.00000	0.00000	0.00000	0.00000
WT2(D809BF402BC3)	3.93	13103	 2021-05-17 21:19:46.254	0.227	-0.967	-0.065	2.563	-0.916	-19.287	-92.346	-13.618	-74.943	0.00	0.00	0.00	-0.51846	0.60953	-0.38724	0.45786
WT1(E604078EA627)	3.87	13104	 2021-05-17 21:19:46.281	0.272	0.033	0.944	2.808	-14.648	3.967	1.802	-15.980	-24.549	0.00	0.00	0.00	0.00000	0.00000	0.00000	0.00000
WT2(D809BF402BC3)	3.93	13103	 2021-05-17 21:19:46.344	0.228	-0.957	-0.041	6.287	-2.563	-17.700	-92.164	-15.348	-75.201	0.00	0.00	0.00	-0.48642	0.62189	-0.36319	0.49466
WT1(E604078EA627)	3.87	13104	 2021-05-17 21:19:46.371	0.279	0.042	0.873	3.845	-12.756	4.883	1.818	-17.628	-24.423	0.00	0.00	0.00	0.00000	0.00000	0.00000	0.00000
WT2(D809BF402BC3)	3.93	13103	 2021-05-17 21:19:46.449	0.287	-0.941	-0.031	6.714	-0.488	-26.794	-91.637	-17.704	-75.515	0.00	0.00	0.00	-0.48642	0.62189	-0.36319	0.49466
WT1(E604078EA627)	3.87	13104	 2021-05-17 21:19:46.463	0.355	0.026	0.955	4.761	-30.334	1.770	2.170	-20.303	-24.395	0.00	0.00	0.00	0.00000	0.00000	0.00000	0.00000
WT2(D809BF402BC3)	3.93	13103	 2021-05-17 21:19:46.553	0.365	-0.935	-0.034	5.188	-5.859	-30.151	-91.280	-20.682	-75.745	0.00	0.00	0.00	-0.46527	0.63144	-0.33463	0.52231
WT1(E604078EA627)	3.87	13104	 2021-05-17 21:19:46.582	0.426	0.031	0.969	1.160	-30.396	5.920	2.186	-23.390	-24.164	0.00	0.00	0.00	0.00000	0.00000	0.00000	0.00000
WT2(D809BF402BC3)	3.93	13103	 2021-05-17 21:19:46.643	0.416	-0.923	-0.003	4.028	-4.700	-25.085	-91.082	-23.522	-75.591	0.00	0.00	0.00	-0.46527	0.63144	-0.33463	0.52231
WT1(E604078EA627)	3.87	13104	 2021-05-17 21:19:46.657	0.473	0.101	0.942	0.000	-24.048	3.967	2.120	-26.049	-23.632	0.00	0.00	0.00	0.00000	0.00000	0.00000	0.00000
WT2(D809BF402BC3)	3.93	13103	 2021-05-17 21:19:46.748	0.467	-0.908	-0.004	2.014	2.625	-22.644	-90.665	-25.895	-75.905	0.00	0.00	0.00	-0.46527	0.63144	-0.33463	0.52231
WT1(E604078EA627)	3.87	13104	 2021-05-17 21:19:46.821	0.509	0.050	0.915	0.549	-24.292	-4.578	2.477	-28.339	-23.846	0.00	0.00	0.00	0.00000	0.00000	0.00000	0.00000
WT2(D809BF402BC3)	3.93	13103	 2021-05-17 21:19:46.839	0.480	-0.873	-0.011	0.061	3.662	-23.865	-90.330	-28.141	-76.734	0.00	0.00	0.00	-0.42990	0.64554	-0.29306	0.55905
WT1(E604078EA627)	3.87	13104	 2021-05-17 21:19:46.927	0.536	0.021	0.894	-3.113	-22.644	-0.916	2.466	-30.547	-24.109	0.00	0.00	0.00	0.00000	0.00000	0.00000	0.00000
WT2(D809BF402BC3)	3.93	13103	 2021-05-17 21:19:46.945	0.518	-0.814	-0.002	3.113	0.977	-24.719	-90.220	-30.416	-77.305	0.00	0.00	0.00	-0.42990	0.64554	-0.29306	0.55905
WT1(E604078EA627)	3.87	13104	 2021-05-17 21:19:46.987	0.560	0.033	0.846	2.258	-24.292	0.916	2.351	-32.750	-23.994	0.00	0.00	0.00	0.00000	0.00000	0.00000	0.00000
WT2(D809BF402BC3)	3.93	13103	 2021-05-17 21:19:47.048	0.543	-0.878	0.000	5.127	0.122	-25.330	-89.846	-33.256	-77.772	0.00	0.00	0.00	-0.42990	0.64554	-0.29306	0.55905
WT1(E604078EA627)	3.87	13104	 2021-05-17 21:19:47.077	0.603	0.045	0.853	0.549	-23.193	1.770	2.472	-35.134	-23.895	0.00	0.00	0.00	0.00000	0.00000	0.00000	0.00000
WT2(D809BF402BC3)	3.93	13103	 2021-05-17 21:19:47.139	0.571	-0.851	0.003	4.333	0.366	-25.574	-89.583	-35.502	-78.250	0.00	0.00	0.00	-0.39691	0.65503	-0.26239	0.58694
WT1(E604078EA627)	3.87	13104	 2021-05-17 21:19:47.241	0.643	0.028	0.792	0.366	-26.978	0.366	2.406	-37.211	-23.774	0.00	0.00	0.00	0.00000	0.00000	0.00000	0.00000
WT2(D809BF402BC3)	3.93	13103	 2021-05-17 21:19:47.250	0.583	-0.820	0.009	3.113	-0.366	-17.090	-89.297	-37.645	-78.717	0.00	0.00	0.00	-0.39691	0.65503	-0.26239	0.58694
WT2(D809BF402BC3)	3.93	13103	 2021-05-17 21:19:47.334	0.654	-0.746	0.008	1.099	3.906	-32.227	-88.912	-39.952	-79.189	0.00	0.00	0.00	-0.36536	0.66245	-0.23245	0.61124
WT1(E604078EA627)	3.87	13104	 2021-05-17 21:19:47.407	0.653	0.037	0.748	-1.099	-12.756	0.977	2.401	-39.095	-23.621	0.00	0.00	0.00	0.00000	0.00000	0.00000	0.00000
WT1(E604078EA627)	3.87	13104	 2021-05-17 21:19:47.411	0.722	0.000	0.797	3.967	-37.476	-0.671	2.532	-41.808	-23.428	0.00	0.00	0.00	0.00000	0.00000	0.00000	0.00000
WT2(D809BF402BC3)	3.93	13103	 2021-05-17 21:19:47.437	0.666	-0.787	-0.011	6.897	-1.343	-32.288	-88.253	-42.918	-79.854	0.00	0.00	0.00	-0.36536	0.66245	-0.23245	0.61124
WT2(D809BF402BC3)	3.93	13103	 2021-05-17 21:19:47.550	0.743	-0.746	0.043	3.723	-4.211	-26.001	-87.979	-45.648	-79.590	0.00	0.00	0.00	-0.36536	0.66245	-0.23245	0.61124
WT1(E604078EA627)	3.87	13104	 2021-05-17 21:19:47.572	0.721	0.017	0.755	3.174	-20.691	7.874	2.598	-44.747	-22.967	0.00	0.00	0.00	0.00000	0.00000	0.00000	0.00000
WT1(E604078EA627)	3.87	13104	 2021-05-17 21:19:47.575	0.762	0.114	0.704	0.305	-32.166	1.892	2.384	-47.302	-22.072	0.00	0.00	0.00	0.00000	0.00000	0.00000	0.00000
WT2(D809BF402BC3)	3.93	13103	 2021-05-17 21:19:47.633	0.749	-0.732	0.044	-3.723	5.737	-26.245	-87.512	-48.263	-80.090	0.00	0.00	0.00	-0.33182	0.67218	-0.18753	0.63470
WT1(E604078EA627)	3.87	13104	 2021-05-17 21:19:47.723	0.777	-0.009	0.711	-2.014	-15.259	-3.235	2.725	-49.680	-22.643	0.00	0.00	0.00	0.00000	0.00000	0.00000	0.00000
WT2(D809BF402BC3)	3.93	13103	 2021-05-17 21:19:47.741	0.785	-0.634	0.014	-0.977	1.404	-24.292	-87.155	-50.422	-81.123	0.00	0.00	0.00	-0.33182	0.67218	-0.18753	0.63470
WT1(E604078EA627)	3.87	13104	 2021-05-17 21:19:47.781	0.794	-0.009	0.625	-2.808	-27.405	2.869	2.351	-51.828	-22.401	0.00	0.00	0.00	0.00000	0.00000	0.00000	0.00000
WT2(D809BF402BC3)	3.93	13103	 2021-05-17 21:19:47.829	0.765	-0.655	0.018	2.686	-2.197	-20.447	-87.193	-52.690	-81.464	0.00	0.00	0.00	-0.29257	0.67783	-0.16025	0.65515
WT1(E604078EA627)	3.87	13104	 2021-05-17 21:19:47.931	0.843	0.036	0.570	0.977	-17.822	4.333	1.972	-53.833	-21.758	0.00	0.00	0.00	0.00000	0.00000	0.00000	0.00000
WT2(D809BF402BC3)	3.93	13103	 2021-05-17 21:19:47.938	0.842	-0.562	0.044	1.648	0.122	-25.818	-86.968	-55.080	-81.519	0.00	0.00	0.00	-0.29257	0.67783	-0.16025	0.65515
WT1(E604078EA627)	3.87	13104	 2021-05-17 21:19:47.994	0.878	0.030	0.624	-1.587	-23.926	-0.122	1.994	-56.437	-21.396	0.00	0.00	0.00	0.00000	0.00000	0.00000	0.00000
WT2(D809BF402BC3)	3.93	13103	 2021-05-17 21:19:48.038	0.846	-0.556	0.032	0.061	2.136	-24.353	-86.457	-57.541	-82.255	0.00	0.00	0.00	-0.29257	0.67783	-0.16025	0.65515
WT1(E604078EA627)	3.87	13104	 2021-05-17 21:19:48.097	0.882	-0.013	0.573	2.014	-24.597	0.305	2.093	-58.574	-21.495	0.00	0.00	0.00	0.00000	0.00000	0.00000	0.00000
WT2(D809BF402BC3)	3.93	13103	 2021-05-17 21:19:48.129	0.874	-0.503	0.031	2.197	-0.610	-22.705	-85.952	-59.952	-82.991	0.00	0.00	0.00	-0.25821	0.68338	-0.12567	0.67117
WT1(E604078EA627)	3.87	13104	 2021-05-17 21:19:48.186	0.894	0.022	0.477	0.000	-19.958	1.953	1.895	-60.458	-21.011	0.00	0.00	0.00	0.00000	0.00000	0.00000	0.00000
WT2(D809BF402BC3)	3.93	13103	 2021-05-17 21:19:48.233	0.886	-0.463	0.035	2.563	-1.831	-29.602	-85.704	-62.693	-83.232	0.00	0.00	0.00	-0.25821	0.68338	-0.12567	0.67117
WT1(E604078EA627)	3.87	13104	 2021-05-17 21:19:48.320	0.915	0.016	0.478	1.892	-22.827	2.808	1.758	-62.831	-20.484	0.00	0.00	0.00	0.00000	0.00000	0.00000	0.00000
WT2(D809BF402BC3)	3.93	13103	 2021-05-17 21:19:48.325	0.917	-0.418	0.032	2.136	-1.404	-30.273	-85.248	-65.885	-83.578	0.00	0.00	0.00	-0.25821	0.68338	-0.12567	0.67117
WT1(E604078EA627)	3.87	13104	 2021-05-17 21:19:48.396	0.946	0.021	0.466	-0.488	-22.339	2.258	1.467	-65.121	-19.858	0.00	0.00	0.00	0.00000	0.00000	0.00000	0.00000
WT2(D809BF402BC3)	3.93	13103	 2021-05-17 21:19:48.434	0.944	-0.367	0.045	0.427	-0.061	-24.353	-84.836	-68.610	-83.864	0.00	0.00	0.00	-0.20081	0.69241	-0.06439	0.68997
WT1(E604078EA627)	3.87	13104	 2021-05-17 21:19:48.487	0.981	0.030	0.444	-1.709	-13.306	0.122	1.362	-66.764	-19.583	0.00	0.00	0.00	0.00000	0.00000	0.00000	0.00000
WT2(D809BF402BC3)	3.93	13103	 2021-05-17 21:19:48.517	0.966	-0.363	0.028	-2.258	-0.061	-17.700	-84.188	-70.823	-84.534	0.00	0.00	0.00	-0.20081	0.69241	-0.06439	0.68997
WT1(E604078EA627)	3.87	13104	 2021-05-17 21:19:48.590	0.945	-0.017	0.348	-4.822	-13.916	1.343	0.884	-68.220	-19.127	0.00	0.00	0.00	0.00000	0.00000	0.00000	0.00000
WT2(D809BF402BC3)	3.93	13103	 2021-05-17 21:19:48.623	0.938	-0.277	0.015	1.038	-1.465	-21.790	-84.166	-72.708	-85.062	0.00	0.00	0.00	-0.20081	0.69241	-0.06439	0.68997
WT1(E604078EA627)	3.87	13104	 2021-05-17 21:19:48.696	0.935	0.011	0.292	2.747	-26.794	4.150	0.093	-70.307	-17.776	0.00	0.00	0.00	0.00000	0.00000	0.00000	0.00000
WT2(D809BF402BC3)	3.93	13103	 2021-05-17 21:19:48.714	0.981	-0.243	0.019	6.531	-1.587	-26.489	-83.403	-75.888	-85.908	0.00	0.00	0.00	-0.15369	0.69672	-0.02322	0.70029
WT1(E604078EA627)	3.87	13104	 2021-05-17 21:19:48.800	1.005	0.013	0.285	-0.183	-34.546	-0.793	0.291	-73.076	-17.106	0.00	0.00	0.00	0.00000	0.00000	0.00000	0.00000
WT2(D809BF402BC3)	3.93	13103	 2021-05-17 21:19:48.833	0.999	-0.170	0.043	-0.122	1.709	-29.297	-80.750	-78.783	-87.632	0.00	0.00	0.00	-0.15369	0.69672	-0.02322	0.70029
WT1(E604078EA627)	3.87	13104	 2021-05-17 21:19:48.890	1.009	-0.005	0.286	-3.113	-19.958	1.770	0.220	-75.767	-16.968	0.00	0.00	0.00	0.00000	0.00000	0.00000	0.00000
WT2(D809BF402BC3)	3.93	13103	 2021-05-17 21:19:48.923	0.991	-0.183	0.017	0.061	-0.305	-23.682	-77.959	-81.233	-91.016	0.00	0.00	0.00	-0.15369	0.69672	-0.02322	0.70029
WT1(E604078EA627)	3.87	13104	 2021-05-17 21:19:49.012	1.014	0.016	0.213	-0.366	-19.714	2.319	-0.829	-77.602	-15.617	0.00	0.00	0.00	0.00000	0.00000	0.00000	0.00000
WT2(D809BF402BC3)	3.93	13103	 2021-05-17 21:19:49.014	0.997	-0.124	0.034	2.808	1.282	-52.856	-73.092	-83.804	-96.290	0.00	0.00	0.00	-0.12033	0.69562	0.01431	0.70807
WT1(E604078EA627)	3.87	13104	 2021-05-17 21:19:49.102	0.964	-0.013	0.237	-0.427	-22.278	-1.038	-1.104	-79.343	-14.991	0.00	0.00	0.00	0.00000	0.00000	0.00000	0.00000
WT2(D809BF402BC3)	3.93	13103	 2021-05-17 21:19:49.118	0.975	-0.107	0.003	4.028	1.648	-13.184	-62.589	-85.858	-105.908	0.00	0.00	0.00	-0.12033	0.69562	0.01431	0.70807
WT1(E604078EA627)	3.87	13104	 2021-05-17 21:19:49.206	1.036	0.003	0.229	5.310	-3.418	0.488	-0.747	-80.305	-14.799	0.00	0.00	0.00	0.00000	0.00000	0.00000	0.00000
WT2(D809BF402BC3)	3.93	13103	 2021-05-17 21:19:49.211	1.025	-0.057	0.048	4.456	-0.122	-2.991	-54.800	-86.501	-115.790	0.00	0.00	0.00	-0.07446	0.69357	0.03717	0.71555
WT1(E604078EA627)	3.87	13104	 2021-05-17 21:19:49.311	1.022	0.021	0.197	-3.174	5.737	-1.099	-0.538	-80.035	-14.771	0.00	0.00	0.00	0.00000	0.00000	0.00000	0.00000
WT2(D809BF402BC3)	3.93	13103	 2021-05-17 21:19:49.318	1.004	-0.062	0.047	-3.296	0.305	5.249	-57.233	-86.320	-107.512	0.00	0.00	0.00	-0.07446	0.69357	0.03717	0.71555
WT2(D809BF402BC3)	3.93	13103	 2021-05-17 21:19:49.404	0.992	-0.058	0.019	-0.610	-0.854	1.221	-60.991	-85.941	-105.848	0.00	0.00	0.00	-0.10797	0.69205	0.06186	0.71103
WT1(E604078EA627)	3.87	13104	 2021-05-17 21:19:49.415	1.001	-0.027	0.176	-0.366	12.024	-0.366	-0.302	-79.129	-14.991	0.00	0.00	0.00	0.00000	0.00000	0.00000	0.00000
WT1(E604078EA627)	3.87	13104	 2021-05-17 21:19:49.507	1.006	0.008	0.160	1.282	0.183	0.061	-0.522	-78.580	-14.249	0.00	0.00	0.00	0.00000	0.00000	0.00000	0.00000
WT2(D809BF402BC3)	3.93	13103	 2021-05-17 21:19:49.508	1.008	-0.065	0.036	1.953	0.610	-4.089	-60.831	-86.056	-108.666	0.00	0.00	0.00	-0.10797	0.69205	0.06186	0.71103
