设备名称	电压	版本	片上时间	加速度X(g)	加速度Y(g)	加速度Z(g)	角速度X(°/s)	角速度Y(°/s)	角速度Z(°/s)	角度X(°)	角度Y(°)	角度Z(°)	磁场X	磁场Y	磁场Z	四元数0	四元数1	四元数2	四元数3	状态
WT2(D8:09:BF:40:2B:C3)	3.94	13103	 2021-05-17 20:35:13.720	0.983	-0.227	0.029	4.700	-3.357	-1.648	-81.854	-75.438	-133.978	0.00	0.00	0.00	0.00000	0.00000	0.00000	0.00000
WT1(E604078EA627)	3.91	13104	 2021-05-17 20:35:13.764	1.041	0.039	0.015	6.958	-0.671	-0.366	106.556	-89.033	142.800	0.00	0.00	0.00	0.00000	0.00000	0.00000	0.00000
WT2(D8:09:BF:40:2B:C3)	3.94	13103	 2021-05-17 20:35:13.817	0.986	-0.236	0.032	-1.953	0.732	1.282	-82.035	-75.504	-133.467	0.00	0.00	0.00	0.00000	0.00000	0.00000	0.00000
WT1(E604078EA627)	3.91	13104	 2021-05-17 20:35:13.854	1.030	0.010	-0.010	2.563	-2.869	0.305	108.062	-89.011	141.356	0.00	0.00	0.00	0.00000	0.00000	0.00000	0.00000
WT2(D8:09:BF:40:2B:C3)	3.94	13103	 2021-05-17 20:35:13.923	0.978	-0.242	0.028	0.366	-0.244	-0.244	-82.068	-75.536	-133.138	0.00	0.00	0.00	0.00000	0.00000	0.00000	0.00000
WT1(E604078EA627)	3.91	13104	 2021-05-17 20:35:13.960	1.028	0.003	-0.008	-1.953	-0.061	2.991	125.255	-89.088	124.074	0.00	0.00	0.00	0.00000	0.00000	0.00000	0.00000
WT2(D8:09:BF:40:2B:C3)	3.94	13103	 2021-05-17 20:35:14.016	0.993	-0.220	0.017	-4.761	1.953	-1.526	-82.403	-75.729	-132.726	0.00	0.00	0.00	0.00000	0.00000	0.00000	0.00000
WT1(E604078EA627)	3.91	13104	 2021-05-17 20:35:14.050	1.020	0.010	0.024	-4.395	-2.258	3.113	161.279	-88.962	87.440	0.00	0.00	0.00	0.00000	0.00000	0.00000	0.00000
WT2(D8:09:BF:40:2B:C3)	3.94	13103	 2021-05-17 20:35:14.123	1.000	-0.254	0.032	6.104	-2.380	-1.221	-82.914	-76.152	-132.660	0.00	0.00	0.00	0.00000	0.00000	0.00000	0.00000
WT1(E604078EA627)	3.91	13104	 2021-05-17 20:35:14.155	1.012	-0.018	0.010	-0.854	5.493	4.456	179.984	-88.819	68.022	0.00	0.00	0.00	0.00000	0.00000	0.00000	0.00000
WT2(D8:09:BF:40:2B:C3)	3.94	13103	 2021-05-17 20:35:14.249	0.984	-0.250	0.027	6.287	-4.089	2.930	-83.837	-76.333	-131.611	0.00	0.00	0.00	0.00000	0.00000	0.00000	0.00000
WT1(E604078EA627)	3.91	13104	 2021-05-17 20:35:14.262	1.036	0.000	-0.017	-7.385	10.681	4.944	-150.513	-89.401	38.243	0.00	0.00	0.00	0.00000	0.00000	0.00000	0.00000
WT1(E604078EA627)	3.91	13104	 2021-05-17 20:35:14.366	1.033	-0.039	0.063	-4.089	25.757	2.991	-27.125	-88.632	-84.963	0.00	0.00	0.00	0.00000	0.00000	0.00000	0.00000
WT2(D8:09:BF:40:2B:C3)	3.94	13103	 2021-05-17 20:35:14.415	0.983	-0.248	0.007	8.423	-3.906	12.329	-84.238	-75.372	-129.595	0.00	0.00	0.00	0.00000	0.00000	0.00000	0.00000
WT1(E604078EA627)	3.91	13104	 2021-05-17 20:35:14.455	1.018	-0.038	0.100	-8.118	38.269	6.409	-13.107	-85.270	-98.948	0.00	0.00	0.00	0.00000	0.00000	0.00000	0.00000
WT2(D8:09:BF:40:2B:C3)	3.94	13103	 2021-05-17 20:35:14.524	0.979	-0.294	0.036	7.324	-4.517	22.522	-85.430	-73.729	-127.441	0.00	0.00	0.00	0.00000	0.00000	0.00000	0.00000
WT1(E604078EA627)	3.91	13104	 2021-05-17 20:35:14.559	1.063	-0.043	0.142	15.686	41.809	4.272	-11.755	-81.727	-99.888	0.00	0.00	0.00	0.00000	0.00000	0.00000	0.00000
WT2(D8:09:BF:40:2B:C3)	3.94	13103	 2021-05-17 20:35:14.619	0.973	-0.230	0.013	21.423	-8.118	17.761	-86.512	-71.993	-124.876	0.00	0.00	0.00	0.00000	0.00000	0.00000	0.00000
WT1(E604078EA627)	3.91	13104	 2021-05-17 20:35:14.668	1.023	-0.007	0.227	8.301	55.237	8.057	-9.734	-76.586	-100.981	0.00	0.00	0.00	0.00000	0.00000	0.00000	0.00000
WT2(D8:09:BF:40:2B:C3)	3.94	13103	 2021-05-17 20:35:14.726	0.991	-0.490	0.020	22.095	-9.766	17.456	-88.253	-70.175	-121.718	0.00	0.00	0.00	0.00000	0.00000	0.00000	0.00000
WT1(E604078EA627)	3.91	13104	 2021-05-17 20:35:14.799	1.012	-0.018	0.255	-7.568	36.499	8.118	-9.223	-72.625	-100.695	0.00	0.00	0.00	0.00000	0.00000	0.00000	0.00000
WT2(D8:09:BF:40:2B:C3)	3.94	13103	 2021-05-17 20:35:14.821	0.960	-0.356	0.018	1.587	-5.371	13.550	-89.610	-68.247	-120.125	0.00	0.00	0.00	0.00000	0.00000	0.00000	0.00000
WT1(E604078EA627)	3.91	13104	 2021-05-17 20:35:14.889	0.988	-0.049	0.387	-3.357	50.720	5.554	-7.108	-67.434	-101.547	0.00	0.00	0.00	0.00000	0.00000	0.00000	0.00000
WT2(D8:09:BF:40:2B:C3)	3.94	13103	 2021-05-17 20:35:14.915	0.962	-0.414	0.008	-5.249	-3.235	19.836	-89.670	-66.522	-118.685	0.00	0.00	0.00	0.00000	0.00000	0.00000	0.00000
WT1(E604078EA627)	3.91	13104	 2021-05-17 20:35:14.994	0.934	-0.009	0.437	9.766	61.646	1.526	-4.647	-61.853	-102.469	0.00	0.00	0.00	0.00000	0.00000	0.00000	0.00000
WT2(D8:09:BF:40:2B:C3)	3.94	13103	 2021-05-17 20:35:15.009	0.932	-0.449	0.017	20.203	-1.709	20.874	-89.028	-64.737	-117.905	0.00	0.00	0.00	0.00000	0.00000	0.00000	0.00000
WT1(E604078EA627)	3.91	13104	 2021-05-17 20:35:15.072	0.941	-0.008	0.545	6.592	57.068	-0.122	-3.252	-56.755	-103.228	0.00	0.00	0.00	0.00000	0.00000	0.00000	0.00000
WT2(D8:09:BF:40:2B:C3)	3.94	13103	 2021-05-17 20:35:15.105	0.917	-0.410	-0.003	10.315	-3.296	12.817	-89.033	-63.100	-117.405	0.00	0.00	0.00	0.00000	0.00000	0.00000	0.00000
WT1(E604078EA627)	3.91	13104	 2021-05-17 20:35:15.174	0.819	-0.034	0.677	6.042	67.261	-2.197	-1.549	-50.120	-104.227	0.00	0.00	0.00	0.00000	0.00000	0.00000	0.00000
WT2(D8:09:BF:40:2B:C3)	3.94	13103	 2021-05-17 20:35:15.207	0.883	-0.479	0.002	4.272	-3.174	17.578	-89.253	-61.567	-116.565	0.00	0.00	0.00	0.00000	0.00000	0.00000	0.00000
WT1(E604078EA627)	3.91	13104	 2021-05-17 20:35:15.264	0.730	0.000	0.752	5.920	62.683	-1.770	-0.302	-43.577	-104.925	0.00	0.00	0.00	0.00000	0.00000	0.00000	0.00000
WT2(D8:09:BF:40:2B:C3)	3.94	13103	 2021-05-17 20:35:15.305	0.863	-0.492	0.007	5.188	-2.808	21.790	-89.127	-59.502	-115.911	0.00	0.00	0.00	0.00000	0.00000	0.00000	0.00000
WT1(E604078EA627)	3.91	13104	 2021-05-17 20:35:15.370	0.664	-0.004	0.801	5.859	59.631	-1.587	0.599	-37.502	-105.244	0.00	0.00	0.00	0.00000	0.00000	0.00000	0.00000
WT2(D8:09:BF:40:2B:C3)	3.94	13103	 2021-05-17 20:35:15.426	0.831	-0.515	0.020	10.864	-4.150	24.841	-88.665	-57.096	-115.499	0.00	0.00	0.00	0.00000	0.00000	0.00000	0.00000
WT1(E604078EA627)	3.91	13104	 2021-05-17 20:35:15.474	0.542	0.026	0.853	-0.732	51.697	3.479	0.890	-32.058	-105.244	0.00	0.00	0.00	0.00000	0.00000	0.00000	0.00000
WT2(D8:09:BF:40:2B:C3)	3.94	13103	 2021-05-17 20:35:15.505	0.851	-0.583	0.030	5.981	0.854	26.550	-88.363	-54.520	-115.049	0.00	0.00	0.00	0.00000	0.00000	0.00000	0.00000
WT1(E604078EA627)	3.91	13104	 2021-05-17 20:35:15.580	0.494	0.010	0.887	7.996	47.485	4.456	1.241	-27.230	-105.029	0.00	0.00	0.00	0.00000	0.00000	0.00000	0.00000
WT2(D8:09:BF:40:2B:C3)	3.94	13103	 2021-05-17 20:35:15.596	0.822	-0.574	0.024	8.240	-0.427	23.987	-87.643	-52.163	-114.582	0.00	0.00	0.00	0.00000	0.00000	0.00000	0.00000
WT1(E604078EA627)	3.91	13104	 2021-05-17 20:35:15.685	0.421	0.004	0.928	-0.549	44.983	6.470	1.247	-22.736	-104.656	0.00	0.00	0.00	0.00000	0.00000	0.00000	0.00000
WT2(D8:09:BF:40:2B:C3)	3.94	13103	 2021-05-17 20:35:15.705	0.784	-0.633	0.007	9.766	-3.906	23.804	-87.468	-49.889	-113.868	0.00	0.00	0.00	0.00000	0.00000	0.00000	0.00000
WT1(E604078EA627)	3.91	13104	 2021-05-17 20:35:15.790	0.327	0.036	0.977	1.770	51.270	8.545	1.274	-17.946	-104.046	0.00	0.00	0.00	0.00000	0.00000	0.00000	0.00000
WT2(D8:09:BF:40:2B:C3)	3.94	13103	 2021-05-17 20:35:15.797	0.772	-0.662	0.030	7.996	-6.653	22.583	-87.413	-47.829	-112.769	0.00	0.00	0.00	0.00000	0.00000	0.00000	0.00000
WT1(E604078EA627)	3.91	13104	 2021-05-17 20:35:15.880	0.235	0.046	1.001	-6.531	55.542	6.165	1.099	-12.640	-103.370	0.00	0.00	0.00	0.00000	0.00000	0.00000	0.00000
WT2(D8:09:BF:40:2B:C3)	3.94	13103	 2021-05-17 20:35:15.906	0.741	-0.687	0.035	4.395	-4.822	24.536	-87.451	-45.665	-111.660	0.00	0.00	0.00	0.00000	0.00000	0.00000	0.00000
WT1(E604078EA627)	3.91	13104	 2021-05-17 20:35:15.984	0.152	0.025	1.017	2.991	57.983	3.601	0.758	-6.965	-102.986	0.00	0.00	0.00	0.00000	0.00000	0.00000	0.00000
WT2(D8:09:BF:40:2B:C3)	3.94	13103	 2021-05-17 20:35:15.998	0.723	-0.766	0.032	3.540	-3.113	27.954	-87.841	-43.215	-110.550	0.00	0.00	0.00	0.00000	0.00000	0.00000	0.00000
WT2(D8:09:BF:40:2B:C3)	3.94	13103	 2021-05-17 20:35:16.106	0.701	-0.761	0.028	11.414	-1.282	26.978	-87.056	-40.770	-109.841	0.00	0.00	0.00	0.00000	0.00000	0.00000	0.00000
WT1(E604078EA627)	3.91	13104	 2021-05-17 20:35:16.122	0.055	0.026	1.016	5.249	58.533	3.845	1.110	-1.055	-102.502	0.00	0.00	0.00	0.00000	0.00000	0.00000	0.00000
WT1(E604078EA627)	3.91	13104	 2021-05-17 20:35:16.195	-0.026	0.025	1.004	-0.549	59.753	2.258	1.280	4.828	-102.211	0.00	0.00	0.00	0.00000	0.00000	0.00000	0.00000
WT2(D8:09:BF:40:2B:C3)	3.94	13103	 2021-05-17 20:35:16.230	0.652	-0.771	0.034	7.629	-1.160	27.344	-86.792	-38.320	-109.330	0.00	0.00	0.00	0.00000	0.00000	0.00000	0.00000
WT1(E604078EA627)	3.91	13104	 2021-05-17 20:35:16.284	-0.178	0.066	0.966	-3.235	63.599	3.235	1.862	10.970	-101.854	0.00	0.00	0.00	0.00000	0.00000	0.00000	0.00000
WT2(D8:09:BF:40:2B:C3)	3.94	13103	 2021-05-17 20:35:16.304	0.620	-0.802	0.029	7.507	-4.272	22.888	-86.402	-36.046	-108.660	0.00	0.00	0.00	0.00000	0.00000	0.00000	0.00000
WT1(E604078EA627)	3.91	13104	 2021-05-17 20:35:16.390	-0.293	0.028	0.942	2.258	59.570	4.517	2.351	17.084	-101.272	0.00	0.00	0.00	0.00000	0.00000	0.00000	0.00000
WT2(D8:09:BF:40:2B:C3)	3.94	13103	 2021-05-17 20:35:16.399	0.582	-0.836	0.039	9.094	-1.831	20.081	-86.028	-34.025	-108.111	0.00	0.00	0.00	0.00000	0.00000	0.00000	0.00000
WT1(E604078EA627)	3.91	13104	 2021-05-17 20:35:16.480	-0.365	0.064	0.913	2.625	58.838	5.493	3.054	22.791	-100.360	0.00	0.00	0.00	0.00000	0.00000	0.00000	0.00000
WT2(D8:09:BF:40:2B:C3)	3.94	13103	 2021-05-17 20:35:16.523	0.566	-0.820	0.063	10.010	-2.319	20.142	-85.034	-32.130	-107.567	0.00	0.00	0.00	0.00000	0.00000	0.00000	0.00000
WT2(D8:09:BF:40:2B:C3)	3.94	13103	 2021-05-17 20:35:16.604	0.530	-0.827	0.089	12.939	-1.831	19.226	-84.232	-30.218	-107.183	0.00	0.00	0.00	0.00000	0.00000	0.00000	0.00000
WT1(E604078EA627)	3.91	13104	 2021-05-17 20:35:16.605	-0.473	0.065	0.854	4.395	57.373	4.333	3.944	28.455	-99.283	0.00	0.00	0.00	0.00000	0.00000	0.00000	0.00000
WT2(D8:09:BF:40:2B:C3)	3.94	13103	 2021-05-17 20:35:16.679	0.530	-0.857	0.098	9.583	0.977	20.813	-83.232	-28.312	-106.946	0.00	0.00	0.00	0.00000	0.00000	0.00000	0.00000
WT1(E604078EA627)	3.91	13104	 2021-05-17 20:35:16.705	-0.548	0.097	0.783	3.235	51.636	4.089	5.032	33.915	-98.152	0.00	0.00	0.00	0.00000	0.00000	0.00000	0.00000
WT2(D8:09:BF:40:2B:C3)	3.94	13103	 2021-05-17 20:35:16.789	0.466	-0.849	0.107	4.639	0.610	18.616	-82.397	-26.411	-106.798	0.00	0.00	0.00	0.00000	0.00000	0.00000	0.00000
WT1(E604078EA627)	3.91	13104	 2021-05-17 20:35:16.810	-0.611	0.095	0.758	1.770	50.171	2.625	5.911	38.798	-97.048	0.00	0.00	0.00	0.00000	0.00000	0.00000	0.00000
WT1(E604078EA627)	3.91	13104	 2021-05-17 20:35:16.885	-0.682	0.096	0.690	10.681	52.002	3.113	7.454	43.808	-95.718	0.00	0.00	0.00	0.00000	0.00000	0.00000	0.00000
WT2(D8:09:BF:40:2B:C3)	3.94	13103	 2021-05-17 20:35:16.911	0.448	-0.881	0.132	9.094	4.761	16.724	-81.634	-24.675	-106.815	0.00	0.00	0.00	0.00000	0.00000	0.00000	0.00000
WT2(D8:09:BF:40:2B:C3)	3.94	13103	 2021-05-17 20:35:16.987	0.427	-0.918	0.123	10.925	4.944	17.578	-80.744	-23.055	-106.924	0.00	0.00	0.00	0.00000	0.00000	0.00000	0.00000
WT1(E604078EA627)	3.91	13104	 2021-05-17 20:35:16.989	-0.750	0.087	0.593	7.324	41.504	2.808	9.042	48.510	-94.175	0.00	0.00	0.00	0.00000	0.00000	0.00000	0.00000
WT2(D8:09:BF:40:2B:C3)	3.94	13103	 2021-05-17 20:35:17.080	0.398	-0.897	0.133	8.484	-0.488	18.494	-79.876	-21.281	-106.727	0.00	0.00	0.00	0.00000	0.00000	0.00000	0.00000
WT1(E604078EA627)	3.91	13104	 2021-05-17 20:35:17.095	-0.771	0.103	0.579	5.371	32.837	3.540	10.547	52.158	-92.494	0.00	0.00	0.00	0.00000	0.00000	0.00000	0.00000
WT2(D8:09:BF:40:2B:C3)	3.94	13103	 2021-05-17 20:35:17.204	0.368	-0.926	0.172	5.859	-0.183	19.409	-79.321	-19.561	-106.276	0.00	0.00	0.00	0.00000	0.00000	0.00000	0.00000
WT1(E604078EA627)	3.91	13104	 2021-05-17 20:35:17.229	-0.849	0.133	0.530	-1.465	41.016	-0.732	11.755	55.898	-90.775	0.00	0.00	0.00	0.00000	0.00000	0.00000	0.00000
WT2(D8:09:BF:40:2B:C3)	3.94	13103	 2021-05-17 20:35:17.283	0.317	-0.931	0.165	9.705	-0.732	23.804	-78.717	-17.408	-105.826	0.00	0.00	0.00	0.00000	0.00000	0.00000	0.00000
WT1(E604078EA627)	3.91	13104	 2021-05-17 20:35:17.305	-0.849	0.114	0.465	-3.052	45.593	-3.845	12.684	60.134	-89.182	0.00	0.00	0.00	0.00000	0.00000	0.00000	0.00000
WT2(D8:09:BF:40:2B:C3)	3.94	13103	 2021-05-17 20:35:17.405	0.292	-0.910	0.168	4.150	0.305	20.325	-78.239	-15.233	-105.502	0.00	0.00	0.00	0.00000	0.00000	0.00000	0.00000
WT1(E604078EA627)	3.91	13104	 2021-05-17 20:35:17.424	-0.856	0.123	0.333	7.202	40.039	-1.160	14.529	64.627	-86.935	0.00	0.00	0.00	0.00000	0.00000	0.00000	0.00000
WT2(D8:09:BF:40:2B:C3)	3.94	13103	 2021-05-17 20:35:17.482	0.270	-0.905	0.208	3.906	1.770	15.991	-77.360	-13.447	-105.293	0.00	0.00	0.00	0.00000	0.00000	0.00000	0.00000
WT1(E604078EA627)	3.91	13104	 2021-05-17 20:35:17.501	-0.868	0.101	0.283	4.211	28.381	2.014	16.952	68.198	-84.375	0.00	0.00	0.00	0.00000	0.00000	0.00000	0.00000
WT2(D8:09:BF:40:2B:C3)	3.94	13103	 2021-05-17 20:35:17.577	0.231	-0.900	0.243	6.226	3.784	7.935	-76.932	-12.272	-105.326	0.00	0.00	0.00	0.00000	0.00000	0.00000	0.00000
WT1(E604078EA627)	3.91	13104	 2021-05-17 20:35:17.606	-0.910	0.120	0.243	5.676	16.724	1.343	20.067	70.450	-81.304	0.00	0.00	0.00	0.00000	0.00000	0.00000	0.00000
WT2(D8:09:BF:40:2B:C3)	3.94	13103	 2021-05-17 20:35:17.701	0.223	-0.955	0.233	0.854	5.127	5.554	-76.668	-11.777	-105.557	0.00	0.00	0.00	0.00000	0.00000	0.00000	0.00000
WT1(E604078EA627)	3.91	13104	 2021-05-17 20:35:17.709	-0.944	0.102	0.240	1.770	7.324	-3.113	21.885	71.675	-79.629	0.00	0.00	0.00	0.00000	0.00000	0.00000	0.00000
WT2(D8:09:BF:40:2B:C3)	3.94	13103	 2021-05-17 20:35:17.782	0.221	-0.977	0.240	3.784	5.859	7.629	-76.613	-11.206	-105.705	0.00	0.00	0.00	0.00000	0.00000	0.00000	0.00000
WT1(E604078EA627)	3.91	13104	 2021-05-17 20:35:17.800	-0.950	0.098	0.236	3.662	5.249	2.258	22.637	72.477	-78.953	0.00	0.00	0.00	0.00000	0.00000	0.00000	0.00000
WT2(D8:09:BF:40:2B:C3)	3.94	13103	 2021-05-17 20:35:17.888	0.195	-0.946	0.211	7.507	3.174	10.559	-76.119	-10.267	-105.754	0.00	0.00	0.00	0.00000	0.00000	0.00000	0.00000
WT1(E604078EA627)	3.91	13104	 2021-05-17 20:35:17.968	-0.935	0.130	0.245	-2.258	9.216	3.601	24.126	72.933	-77.371	0.00	0.00	0.00	0.00000	0.00000	0.00000	0.00000
WT2(D8:09:BF:40:2B:C3)	3.94	13103	 2021-05-17 20:35:17.981	0.191	-0.969	0.240	5.798	0.977	10.193	-75.789	-9.344	-105.557	0.00	0.00	0.00	0.00000	0.00000	0.00000	0.00000
WT1(E604078EA627)	3.91	13104	 2021-05-17 20:35:18.054	-0.959	0.123	0.212	2.075	11.780	1.282	26.653	73.817	-74.773	0.00	0.00	0.00	0.00000	0.00000	0.00000	0.00000
WT1(E604078EA627)	3.91	13104	 2021-05-17 20:35:18.159	-0.960	0.140	0.201	3.540	12.024	4.333	29.762	74.789	-71.724	0.00	0.00	0.00	0.00000	0.00000	0.00000	0.00000
WT2(D8:09:BF:40:2B:C3)	3.94	13103	 2021-05-17 20:35:18.199	0.160	-0.938	0.234	9.460	3.357	14.526	-74.734	-6.833	-105.414	0.00	0.00	0.00	0.00000	0.00000	0.00000	0.00000
WT1(E604078EA627)	3.91	13104	 2021-05-17 20:35:18.264	-0.931	0.128	0.165	0.671	15.320	2.075	33.739	75.899	-67.764	0.00	0.00	0.00	0.00000	0.00000	0.00000	0.00000
WT2(D8:09:BF:40:2B:C3)	3.94	13103	 2021-05-17 20:35:18.277	0.160	-0.912	0.250	0.244	1.221	9.644	-74.235	-5.834	-105.293	0.00	0.00	0.00	0.00000	0.00000	0.00000	0.00000
WT2(D8:09:BF:40:2B:C3)	3.94	13103	 2021-05-17 20:35:18.397	0.121	-0.929	0.279	1.526	3.540	5.920	-73.916	-5.169	-105.287	0.00	0.00	0.00	0.00000	0.00000	0.00000	0.00000
WT2(D8:09:BF:40:2B:C3)	3.94	13103	 2021-05-17 20:35:18.460	0.128	-0.909	0.256	-2.808	0.916	-2.808	-73.993	-5.131	-105.342	0.00	0.00	0.00	0.00000	0.00000	0.00000	0.00000
WT1(E604078EA627)	3.91	13104	 2021-05-17 20:35:18.491	-0.910	0.126	0.151	-0.854	7.751	0.977	37.249	76.767	-64.270	0.00	0.00	0.00	0.00000	0.00000	0.00000	0.00000
WT1(E604078EA627)	3.91	13104	 2021-05-17 20:35:18.519	-0.889	0.135	0.124	-2.197	4.395	-0.610	39.337	77.195	-62.161	0.00	0.00	0.00	0.00000	0.00000	0.00000	0.00000
WT1(E604078EA627)	3.91	13104	 2021-05-17 20:35:18.519	-0.910	0.143	0.106	0.061	-12.146	-2.197	38.194	77.162	-63.386	0.00	0.00	0.00	0.00000	0.00000	0.00000	0.00000
WT2(D8:09:BF:40:2B:C3)	3.94	13103	 2021-05-17 20:35:18.584	0.150	-0.923	0.251	-9.521	-0.488	-13.672	-74.811	-6.026	-105.513	0.00	0.00	0.00	0.00000	0.00000	0.00000	0.00000
WT1(E604078EA627)	3.91	13104	 2021-05-17 20:35:18.624	-0.859	0.146	0.143	-1.526	-31.921	-2.380	32.959	75.701	-68.736	0.00	0.00	0.00	0.00000	0.00000	0.00000	0.00000
WT2(D8:09:BF:40:2B:C3)	3.94	13103	 2021-05-17 20:35:18.710	0.175	-0.889	0.244	-18.250	4.028	-25.513	-75.916	-7.993	-106.007	0.00	0.00	0.00	0.00000	0.00000	0.00000	0.00000
WT1(E604078EA627)	3.91	13104	 2021-05-17 20:35:18.730	-0.818	0.142	0.176	2.625	-46.631	3.906	26.927	72.345	-75.119	0.00	0.00	0.00	0.00000	0.00000	0.00000	0.00000
WT2(D8:09:BF:40:2B:C3)	3.94	13103	 2021-05-17 20:35:18.769	0.221	-0.898	0.159	-18.372	-1.465	-40.894	-77.212	-11.288	-106.913	0.00	0.00	0.00	0.00000	0.00000	0.00000	0.00000
WT1(E604078EA627)	3.91	13104	 2021-05-17 20:35:18.834	-0.853	0.154	0.306	-7.324	-62.927	2.686	20.599	67.028	-81.568	0.00	0.00	0.00	0.00000	0.00000	0.00000	0.00000
WT1(E604078EA627)	3.91	13104	 2021-05-17 20:35:18.910	-0.834	0.163	0.459	-6.042	-70.801	-2.319	15.925	60.688	-86.517	0.00	0.00	0.00	0.00000	0.00000	0.00000	0.00000
WT2(D8:09:BF:40:2B:C3)	3.94	13103	 2021-05-17 20:35:18.959	0.391	-0.935	0.147	-16.235	-5.737	-44.495	-80.173	-20.413	-107.880	0.00	0.00	0.00	0.00000	0.00000	0.00000	0.00000
WT1(E604078EA627)	3.91	13104	 2021-05-17 20:35:19.075	-0.816	0.082	0.618	-5.615	-64.636	-9.460	11.882	54.108	-90.731	0.00	0.00	0.00	0.00000	0.00000	0.00000	0.00000
WT1(E604078EA627)	3.91	13104	 2021-05-17 20:35:19.164	-0.739	0.107	0.673	-3.845	-62.866	-3.967	9.844	47.911	-93.290	0.00	0.00	0.00	0.00000	0.00000	0.00000	0.00000
WT2(D8:09:BF:40:2B:C3)	3.94	13103	 2021-05-17 20:35:19.191	0.473	-0.874	0.156	-8.728	2.136	-37.903	-82.738	-28.444	-108.946	0.00	0.00	0.00	0.00000	0.00000	0.00000	0.00000
WT1(E604078EA627)	3.91	13104	 2021-05-17 20:35:19.225	-0.613	0.131	0.683	-1.221	-57.007	-2.686	9.020	42.078	-94.839	0.00	0.00	0.00	0.00000	0.00000	0.00000	0.00000
WT2(D8:09:BF:40:2B:C3)	3.94	13103	 2021-05-17 20:35:19.267	0.522	-0.790	0.164	-11.108	6.531	-40.649	-83.337	-32.157	-109.627	0.00	0.00	0.00	0.00000	0.00000	0.00000	0.00000
WT1(E604078EA627)	3.91	13104	 2021-05-17 20:35:19.330	-0.515	0.111	0.787	5.554	-80.017	-0.488	9.042	35.453	-96.103	0.00	0.00	0.00	0.00000	0.00000	0.00000	0.00000
WT2(D8:09:BF:40:2B:C3)	3.94	13103	 2021-05-17 20:35:19.356	0.589	-0.823	0.024	1.221	2.014	-40.161	-83.677	-36.161	-110.896	0.00	0.00	0.00	0.00000	0.00000	0.00000	0.00000
WT1(E604078EA627)	3.91	13104	 2021-05-17 20:35:19.419	-0.397	0.101	0.881	-1.221	-85.388	-6.531	7.679	27.438	-98.256	0.00	0.00	0.00	0.00000	0.00000	0.00000	0.00000
WT2(D8:09:BF:40:2B:C3)	3.94	13103	 2021-05-17 20:35:19.465	0.687	-0.819	0.059	-27.954	-0.366	-39.429	-85.084	-40.419	-111.473	0.00	0.00	0.00	0.00000	0.00000	0.00000	0.00000
WT1(E604078EA627)	3.91	13104	 2021-05-17 20:35:19.524	-0.252	0.116	0.929	-0.305	-83.679	-7.935	6.855	18.809	-100.047	0.00	0.00	0.00	0.00000	0.00000	0.00000	0.00000
WT2(D8:09:BF:40:2B:C3)	3.94	13103	 2021-05-17 20:35:19.558	0.735	-0.674	0.057	0.916	-5.188	-43.335	-85.512	-44.709	-111.665	0.00	0.00	0.00	0.00000	0.00000	0.00000	0.00000
WT1(E604078EA627)	3.91	13104	 2021-05-17 20:35:19.630	-0.095	0.113	0.932	6.714	-93.201	-3.113	6.416	9.789	-102.003	0.00	0.00	0.00	0.00000	0.00000	0.00000	0.00000
WT2(D8:09:BF:40:2B:C3)	3.94	13103	 2021-05-17 20:35:19.666	0.762	-0.671	0.061	-23.560	7.690	-48.889	-86.962	-49.213	-112.429	0.00	0.00	0.00	0.00000	0.00000	0.00000	0.00000
WT1(E604078EA627)	3.91	13104	 2021-05-17 20:35:19.734	0.045	0.103	0.982	3.296	-110.046	-0.183	6.295	-0.467	-103.689	0.00	0.00	0.00	0.00000	0.00000	0.00000	0.00000
WT2(D8:09:BF:40:2B:C3)	3.94	13103	 2021-05-17 20:35:19.758	0.825	-0.566	0.051	-4.272	0.977	-41.748	-87.259	-53.558	-112.626	0.00	0.00	0.00	0.00000	0.00000	0.00000	0.00000
WT1(E604078EA627)	3.91	13104	 2021-05-17 20:35:19.823	0.250	0.112	0.982	3.113	-117.310	0.854	6.213	-11.904	-104.974	0.00	0.00	0.00	0.00000	0.00000	0.00000	0.00000
WT2(D8:09:BF:40:2B:C3)	3.94	13103	 2021-05-17 20:35:19.869	0.896	-0.621	0.012	-13.062	4.700	-34.668	-88.544	-57.327	-113.033	0.00	0.00	0.00	0.00000	0.00000	0.00000	0.00000
WT1(E604078EA627)	3.91	13104	 2021-05-17 20:35:19.948	0.474	0.097	0.985	6.287	-108.276	-3.235	6.114	-23.368	-106.551	0.00	0.00	0.00	0.00000	0.00000	0.00000	0.00000
WT2(D8:09:BF:40:2B:C3)	3.94	13103	 2021-05-17 20:35:20.008	0.938	-0.518	0.020	-13.245	4.028	-27.649	-89.319	-60.919	-113.049	0.00	0.00	0.00	0.00000	0.00000	0.00000	0.00000
WT1(E604078EA627)	3.91	13104	 2021-05-17 20:35:20.034	0.628	0.040	0.854	-17.090	-112.000	-0.916	4.603	-34.019	-107.897	0.00	0.00	0.00	0.00000	0.00000	0.00000	0.00000
WT2(D8:09:BF:40:2B:C3)	3.94	13103	 2021-05-17 20:35:20.164	0.963	-0.456	-0.007	-9.583	7.324	-28.442	-90.280	-66.555	-114.642	0.00	0.00	0.00	0.00000	0.00000	0.00000	0.00000
WT1(E604078EA627)	3.91	13104	 2021-05-17 20:35:20.185	0.760	0.026	0.729	-15.808	-103.088	-0.732	3.197	-44.473	-109.144	0.00	0.00	0.00	0.00000	0.00000	0.00000	0.00000
WT2(D8:09:BF:40:2B:C3)	3.94	13103	 2021-05-17 20:35:20.242	0.965	-0.468	0.007	-6.958	7.019	-18.555	-90.494	-68.807	-115.615	0.00	0.00	0.00	0.00000	0.00000	0.00000	0.00000
WT2(D8:09:BF:40:2B:C3)	3.94	13103	 2021-05-17 20:35:20.351	0.957	-0.321	0.000	-8.667	8.545	-20.508	-90.027	-70.801	-117.136	0.00	0.00	0.00	0.00000	0.00000	0.00000	0.00000
WT1(E604078EA627)	3.91	13104	 2021-05-17 20:35:20.364	0.889	-0.004	0.606	-20.813	-117.371	4.517	0.747	-55.426	-109.325	0.00	0.00	0.00	0.00000	0.00000	0.00000	0.00000
WT1(E604078EA627)	3.91	13104	 2021-05-17 20:35:20.365	1.010	-0.010	0.448	-2.441	-104.492	0.793	-2.027	-66.660	-108.210	0.00	0.00	0.00	0.00000	0.00000	0.00000	0.00000
WT2(D8:09:BF:40:2B:C3)	3.94	13103	 2021-05-17 20:35:20.440	0.985	-0.253	0.010	-12.390	5.493	-23.193	-89.462	-73.098	-118.905	0.00	0.00	0.00	0.00000	0.00000	0.00000	0.00000
WT1(E604078EA627)	3.91	13104	 2021-05-17 20:35:20.442	1.071	-0.025	0.313	-18.555	-73.792	-0.122	-5.312	-75.504	-106.271	0.00	0.00	0.00	0.00000	0.00000	0.00000	0.00000
WT2(D8:09:BF:40:2B:C3)	3.94	13103	 2021-05-17 20:35:20.548	0.988	-0.248	-0.009	-10.071	4.395	-21.790	-89.154	-75.416	-120.822	0.00	0.00	0.00	0.00000	0.00000	0.00000	0.00000
WT1(E604078EA627)	3.91	13104	 2021-05-17 20:35:20.589	1.060	-0.043	0.244	-19.958	-54.077	-2.380	-8.789	-81.480	-103.689	0.00	0.00	0.00	0.00000	0.00000	0.00000	0.00000
WT2(D8:09:BF:40:2B:C3)	3.94	13103	 2021-05-17 20:35:20.656	0.982	-0.256	0.027	-47.729	7.629	-18.127	-89.863	-77.349	-123.662	0.00	0.00	0.00	0.00000	0.00000	0.00000	0.00000
WT1(E604078EA627)	3.91	13104	 2021-05-17 20:35:20.694	1.021	-0.081	0.148	-31.311	-32.104	-2.136	-18.265	-85.193	-97.460	0.00	0.00	0.00	0.00000	0.00000	0.00000	0.00000
WT1(E604078EA627)	3.91	13104	 2021-05-17 20:35:20.739	1.043	-0.052	0.048	1.221	-38.574	-3.113	-58.189	-88.401	-58.228	0.00	0.00	0.00	0.00000	0.00000	0.00000	0.00000
WT2(D8:09:BF:40:2B:C3)	3.94	13103	 2021-05-17 20:35:20.749	1.006	-0.211	0.021	-4.944	4.028	-14.038	-88.358	-78.772	-126.337	0.00	0.00	0.00	0.00000	0.00000	0.00000	0.00000
WT2(D8:09:BF:40:2B:C3)	3.94	13103	 2021-05-17 20:35:20.841	0.982	-0.152	0.012	-1.465	1.892	-9.705	-86.627	-79.958	-127.930	0.00	0.00	0.00	0.00000	0.00000	0.00000	0.00000
WT1(E604078EA627)	3.91	13104	 2021-05-17 20:35:20.919	1.026	-0.076	0.009	-1.343	-32.898	-1.099	-155.808	-86.990	39.765	0.00	0.00	0.00	0.00000	0.00000	0.00000	0.00000
WT1(E604078EA627)	3.91	13104	 2021-05-17 20:35:20.965	1.056	-0.055	-0.070	7.874	-22.095	2.319	-164.702	-84.463	49.422	0.00	0.00	0.00	0.00000	0.00000	0.00000	0.00000
WT2(D8:09:BF:40:2B:C3)	3.94	13103	 2021-05-17 20:35:20.983	1.017	-0.153	0.016	0.305	-1.343	-5.127	-86.309	-80.733	-128.260	0.00	0.00	0.00	0.00000	0.00000	0.00000	0.00000
WT1(E604078EA627)	3.91	13104	 2021-05-17 20:35:21.041	1.050	0.025	-0.086	13.489	-8.728	-0.916	-165.954	-83.123	50.718	0.00	0.00	0.00	0.00000	0.00000	0.00000	0.00000
WT2(D8:09:BF:40:2B:C3)	3.94	13103	 2021-05-17 20:35:21.042	0.994	-0.176	0.047	-6.226	-0.916	0.305	-87.237	-81.156	-127.546	0.00	0.00	0.00	0.00000	0.00000	0.00000	0.00000
WT1(E604078EA627)	3.91	13104	 2021-05-17 20:35:21.144	1.014	-0.057	-0.157	10.498	-6.958	-5.981	-170.217	-82.969	56.091	0.00	0.00	0.00	0.00000	0.00000	0.00000	0.00000
WT2(D8:09:BF:40:2B:C3)	3.94	13103	 2021-05-17 20:35:21.164	0.989	-0.144	0.024	0.061	3.784	1.404	-85.270	-81.112	-129.348	0.00	0.00	0.00	0.00000	0.00000	0.00000	0.00000
WT2(D8:09:BF:40:2B:C3)	3.94	13103	 2021-05-17 20:35:21.243	0.989	-0.091	-0.004	6.287	1.038	-1.709	-83.655	-81.151	-130.869	0.00	0.00	0.00	0.00000	0.00000	0.00000	0.00000
WT1(E604078EA627)	3.91	13104	 2021-05-17 20:35:21.250	1.002	-0.063	-0.149	1.770	-8.850	1.526	-171.969	-82.392	58.293	0.00	0.00	0.00	0.00000	0.00000	0.00000	0.00000
WT2(D8:09:BF:40:2B:C3)	3.94	13103	 2021-05-17 20:35:21.336	1.005	-0.137	0.002	-5.066	-0.671	-0.427	-84.479	-81.365	-130.600	0.00	0.00	0.00	0.00000	0.00000	0.00000	0.00000
WT1(E604078EA627)	3.91	13104	 2021-05-17 20:35:21.355	1.055	0.010	-0.118	1.709	-4.211	0.244	-171.255	-81.788	57.096	0.00	0.00	0.00	0.00000	0.00000	0.00000	0.00000
WT2(D8:09:BF:40:2B:C3)	3.94	13103	 2021-05-17 20:35:21.459	0.996	-0.130	0.034	-4.578	1.343	3.540	-84.435	-81.151	-130.732	0.00	0.00	0.00	0.00000	0.00000	0.00000	0.00000
WT1(E604078EA627)	3.91	13104	 2021-05-17 20:35:21.460	1.029	-0.009	-0.170	-0.549	-2.991	-0.305	-172.271	-81.497	58.046	0.00	0.00	0.00	0.00000	0.00000	0.00000	0.00000
WT2(D8:09:BF:40:2B:C3)	3.94	13103	 2021-05-17 20:35:21.538	0.995	-0.122	0.021	0.244	1.648	1.526	-83.188	-80.881	-132.149	0.00	0.00	0.00	0.00000	0.00000	0.00000	0.00000
WT1(E604078EA627)	3.91	13104	 2021-05-17 20:35:21.564	0.991	-0.020	-0.193	0.183	-9.155	0.916	-172.798	-80.634	58.343	0.00	0.00	0.00	0.00000	0.00000	0.00000	0.00000
WT2(D8:09:BF:40:2B:C3)	3.94	13103	 2021-05-17 20:35:21.648	0.992	-0.147	0.035	1.953	-1.404	-2.991	-83.068	-81.112	-132.418	0.00	0.00	0.00	0.00000	0.00000	0.00000	0.00000
WT1(E604078EA627)	3.91	13104	 2021-05-17 20:35:21.654	1.043	0.003	-0.159	-0.061	-3.174	-0.061	-173.282	-80.057	59.030	0.00	0.00	0.00	0.00000	0.00000	0.00000	0.00000
WT2(D8:09:BF:40:2B:C3)	3.94	13103	 2021-05-17 20:35:21.726	1.002	-0.166	0.028	2.197	0.549	0.549	-83.194	-81.167	-132.336	0.00	0.00	0.00	0.00000	0.00000	0.00000	0.00000
WT1(E604078EA627)	3.91	13104	 2021-05-17 20:35:21.786	1.009	0.002	-0.178	0.732	3.174	-2.197	-173.749	-80.019	59.755	0.00	0.00	0.00	0.00000	0.00000	0.00000	0.00000
