设备名称	电压	版本	片上时间	加速度X(g)	加速度Y(g)	加速度Z(g)	角速度X(°/s)	角速度Y(°/s)	角速度Z(°/s)	角度X(°)	角度Y(°)	角度Z(°)	磁场X	磁场Y	磁场Z	四元数0	四元数1	四元数2	四元数3	状态
WT2(D8:09:BF:40:2B:C3)	3.95	13103	 2021-05-17 20:39:24.685	0.988	-0.194	0.063	-1.099	0.977	-0.244	-75.245	-76.536	-139.927	0.00	0.00	0.00	0.00000	0.00000	0.00000	0.00000
WT1(E604078EA627)	3.91	13104	 2021-05-17 20:39:24.759	1.019	-0.031	-0.150	-1.587	-0.122	0.549	-161.944	-82.007	62.776	0.00	0.00	0.00	0.00000	0.00000	0.00000	0.00000
WT1(E604078EA627)	3.91	13104	 2021-05-17 20:39:24.761	1.017	-0.056	-0.126	-4.944	0.000	1.404	-161.801	-81.980	62.342	0.00	0.00	0.00	0.00000	0.00000	0.00000	0.00000
WT2(D8:09:BF:40:2B:C3)	3.95	13103	 2021-05-17 20:39:24.849	0.983	-0.210	0.045	-3.418	0.244	1.038	-75.339	-76.536	-139.927	0.00	0.00	0.00	0.00000	0.00000	0.00000	0.00000
WT2(D8:09:BF:40:2B:C3)	3.95	13103	 2021-05-17 20:39:24.865	0.992	-0.195	0.058	-2.258	0.061	1.160	-75.707	-76.520	-139.466	0.00	0.00	0.00	0.00000	0.00000	0.00000	0.00000
WT1(E604078EA627)	3.91	13104	 2021-05-17 20:39:24.938	1.028	-0.040	-0.132	-1.953	0.977	0.793	-161.235	-81.996	61.644	0.00	0.00	0.00	0.00000	0.00000	0.00000	0.00000
WT2(D8:09:BF:40:2B:C3)	3.95	13103	 2021-05-17 20:39:24.973	0.990	-0.222	0.060	-7.446	2.136	1.282	-75.558	-76.454	-139.417	0.00	0.00	0.00	0.00000	0.00000	0.00000	0.00000
WT1(E604078EA627)	3.91	13104	 2021-05-17 20:39:25.074	1.020	-0.062	-0.149	-7.629	1.831	-0.122	-161.735	-82.084	62.139	0.00	0.00	0.00	0.00000	0.00000	0.00000	0.00000
WT1(E604078EA627)	3.91	13104	 2021-05-17 20:39:25.076	1.015	-0.048	-0.138	0.427	-0.671	-1.709	-162.806	-82.134	63.243	0.00	0.00	0.00	0.00000	0.00000	0.00000	0.00000
WT2(D8:09:BF:40:2B:C3)	3.95	13103	 2021-05-17 20:39:25.095	0.983	-0.188	0.063	-1.587	1.892	0.305	-74.943	-76.388	-139.944	0.00	0.00	0.00	0.00000	0.00000	0.00000	0.00000
WT1(E604078EA627)	3.91	13104	 2021-05-17 20:39:25.164	1.019	-0.016	-0.146	6.165	-1.160	-3.967	-164.504	-82.101	65.413	0.00	0.00	0.00	0.00000	0.00000	0.00000	0.00000
WT2(D8:09:BF:40:2B:C3)	3.95	13103	 2021-05-17 20:39:25.172	0.989	-0.204	0.068	5.127	2.441	1.160	-74.081	-76.251	-140.400	0.00	0.00	0.00	0.00000	0.00000	0.00000	0.00000
WT2(D8:09:BF:40:2B:C3)	3.95	13103	 2021-05-17 20:39:25.270	0.984	-0.190	0.083	6.226	7.935	1.099	-71.389	-76.014	-142.234	0.00	0.00	0.00	0.00000	0.00000	0.00000	0.00000
WT1(E604078EA627)	3.91	13104	 2021-05-17 20:39:25.313	1.023	0.032	-0.154	-1.587	-2.075	-7.996	-169.321	-82.079	71.060	0.00	0.00	0.00	0.00000	0.00000	0.00000	0.00000
WT2(D8:09:BF:40:2B:C3)	3.95	13103	 2021-05-17 20:39:25.374	0.982	-0.213	0.099	10.498	12.146	0.854	-67.050	-75.635	-145.942	0.00	0.00	0.00	0.00000	0.00000	0.00000	0.00000
WT1(E604078EA627)	3.91	13104	 2021-05-17 20:39:25.463	1.016	0.011	-0.136	4.456	-3.418	-11.902	-177.671	-81.859	80.008	0.00	0.00	0.00	0.00000	0.00000	0.00000	0.00000
WT2(D8:09:BF:40:2B:C3)	3.95	13103	 2021-05-17 20:39:25.468	1.001	-0.133	0.135	22.034	15.015	0.977	-61.216	-75.037	-150.216	0.00	0.00	0.00	0.00000	0.00000	0.00000	0.00000
WT1(E604078EA627)	3.91	13104	 2021-05-17 20:39:25.478	1.046	0.063	-0.156	1.099	-4.395	-15.991	171.848	-81.348	92.203	0.00	0.00	0.00	0.00000	0.00000	0.00000	0.00000
WT1(E604078EA627)	3.91	13104	 2021-05-17 20:39:25.569	1.021	0.018	-0.165	-0.122	-0.854	-18.799	161.592	-80.667	102.623	0.00	0.00	0.00	0.00000	0.00000	0.00000	0.00000
WT2(D8:09:BF:40:2B:C3)	3.95	13103	 2021-05-17 20:39:25.591	0.986	-0.183	0.165	4.150	20.020	1.526	-55.530	-74.042	-155.413	0.00	0.00	0.00	0.00000	0.00000	0.00000	0.00000
WT2(D8:09:BF:40:2B:C3)	3.95	13103	 2021-05-17 20:39:25.666	0.987	-0.211	0.187	-7.568	23.010	2.991	-49.905	-72.702	-160.296	0.00	0.00	0.00	0.00000	0.00000	0.00000	0.00000
WT1(E604078EA627)	3.91	13104	 2021-05-17 20:39:25.719	1.034	0.051	-0.157	-4.456	-3.113	-21.790	150.875	-79.574	113.824	0.00	0.00	0.00	0.00000	0.00000	0.00000	0.00000
WT2(D8:09:BF:40:2B:C3)	3.95	13103	 2021-05-17 20:39:25.779	0.971	-0.214	0.242	-3.784	25.513	5.981	-45.220	-70.796	-164.669	0.00	0.00	0.00	0.00000	0.00000	0.00000	0.00000
WT1(E604078EA627)	3.91	13104	 2021-05-17 20:39:25.793	1.014	0.137	-0.159	3.296	-2.258	-25.269	140.554	-78.146	123.931	0.00	0.00	0.00	0.00000	0.00000	0.00000	0.00000
WT2(D8:09:BF:40:2B:C3)	3.95	13103	 2021-05-17 20:39:25.849	0.954	-0.220	0.281	-4.639	28.442	6.042	-41.193	-68.478	-168.157	0.00	0.00	0.00	0.00000	0.00000	0.00000	0.00000
WT1(E604078EA627)	3.91	13104	 2021-05-17 20:39:25.883	1.023	0.177	-0.166	0.122	-0.427	-28.687	131.907	-76.163	132.220	0.00	0.00	0.00	0.00000	0.00000	0.00000	0.00000
WT1(E604078EA627)	3.91	13104	 2021-05-17 20:39:25.961	1.025	0.304	-0.183	15.503	-7.446	-32.227	125.706	-73.993	138.164	0.00	0.00	0.00	0.00000	0.00000	0.00000	0.00000
WT2(D8:09:BF:40:2B:C3)	3.95	13103	 2021-05-17 20:39:25.974	0.896	-0.280	0.340	-0.488	30.212	6.042	-37.606	-65.940	-171.233	0.00	0.00	0.00	0.00000	0.00000	0.00000	0.00000
WT2(D8:09:BF:40:2B:C3)	3.95	13103	 2021-05-17 20:39:26.053	0.921	-0.221	0.371	12.085	32.104	1.465	-33.701	-63.292	-173.359	0.00	0.00	0.00	0.00000	0.00000	0.00000	0.00000
WT1(E604078EA627)	3.91	13104	 2021-05-17 20:39:26.124	0.982	0.344	-0.212	3.418	-6.104	-35.217	121.761	-70.933	142.921	0.00	0.00	0.00	0.00000	0.00000	0.00000	0.00000
WT2(D8:09:BF:40:2B:C3)	3.95	13103	 2021-05-17 20:39:26.142	0.933	-0.220	0.424	8.301	36.377	1.343	-29.531	-60.381	-175.622	0.00	0.00	0.00	0.00000	0.00000	0.00000	0.00000
WT1(E604078EA627)	3.91	13104	 2021-05-17 20:39:26.184	0.982	0.382	-0.205	-12.878	-10.254	-36.377	119.229	-67.258	145.646	0.00	0.00	0.00	0.00000	0.00000	0.00000	0.00000
WT1(E604078EA627)	3.91	13104	 2021-05-17 20:39:26.274	0.960	0.373	-0.206	-13.733	-10.681	-38.147	116.450	-63.397	147.739	0.00	0.00	0.00	0.00000	0.00000	0.00000	0.00000
WT2(D8:09:BF:40:2B:C3)	3.95	13103	 2021-05-17 20:39:26.284	0.876	-0.247	0.461	8.972	39.490	1.160	-26.027	-57.019	-177.621	0.00	0.00	0.00	0.00000	0.00000	0.00000	0.00000
WT2(D8:09:BF:40:2B:C3)	3.95	13103	 2021-05-17 20:39:26.347	0.833	-0.192	0.523	6.836	42.297	1.587	-23.351	-53.212	-178.846	0.00	0.00	0.00	0.00000	0.00000	0.00000	0.00000
WT1(E604078EA627)	3.91	13104	 2021-05-17 20:39:26.428	0.938	0.439	-0.191	0.122	-11.292	-42.419	113.895	-59.420	149.573	0.00	0.00	0.00	0.00000	0.00000	0.00000	0.00000
WT2(D8:09:BF:40:2B:C3)	3.95	13103	 2021-05-17 20:39:26.461	0.780	-0.185	0.608	-0.427	43.335	2.197	-21.220	-49.230	-179.258	0.00	0.00	0.00	0.00000	0.00000	0.00000	0.00000
WT1(E604078EA627)	3.91	13104	 2021-05-17 20:39:26.499	0.887	0.527	-0.210	-1.648	-9.399	-41.565	111.813	-55.443	150.919	0.00	0.00	0.00	0.00000	0.00000	0.00000	0.00000
WT2(D8:09:BF:40:2B:C3)	3.95	13103	 2021-05-17 20:39:26.566	0.732	-0.215	0.659	-2.563	41.687	4.822	-19.731	-45.297	-178.868	0.00	0.00	0.00	0.00000	0.00000	0.00000	0.00000
WT1(E604078EA627)	3.91	13104	 2021-05-17 20:39:26.573	0.846	0.625	-0.208	-11.963	-4.883	-38.513	110.072	-51.603	152.089	0.00	0.00	0.00	0.00000	0.00000	0.00000	0.00000
WT2(D8:09:BF:40:2B:C3)	3.95	13103	 2021-05-17 20:39:26.657	0.680	-0.267	0.674	-4.333	35.217	8.057	-19.050	-41.435	-177.770	0.00	0.00	0.00	0.00000	0.00000	0.00000	0.00000
WT1(E604078EA627)	3.91	13104	 2021-05-17 20:39:26.680	0.781	0.635	-0.198	-7.996	-5.493	-38.391	108.138	-47.911	153.287	0.00	0.00	0.00	0.00000	0.00000	0.00000	0.00000
WT2(D8:09:BF:40:2B:C3)	3.95	13103	 2021-05-17 20:39:26.750	0.634	-0.196	0.765	14.282	38.635	3.235	-17.869	-37.700	-176.314	0.00	0.00	0.00	0.00000	0.00000	0.00000	0.00000
WT1(E604078EA627)	3.91	13104	 2021-05-17 20:39:26.831	0.757	0.651	-0.234	2.075	-11.902	-43.701	107.012	-43.885	154.155	0.00	0.00	0.00	0.00000	0.00000	0.00000	0.00000
WT2(D8:09:BF:40:2B:C3)	3.95	13103	 2021-05-17 20:39:26.891	0.595	-0.126	0.819	23.193	41.565	1.648	-15.958	-33.832	-174.957	0.00	0.00	0.00	0.00000	0.00000	0.00000	0.00000
WT1(E604078EA627)	3.91	13104	 2021-05-17 20:39:26.892	0.691	0.738	-0.236	-18.677	-6.714	-40.527	106.370	-39.578	154.512	0.00	0.00	0.00	0.00000	0.00000	0.00000	0.00000
WT1(E604078EA627)	3.91	13104	 2021-05-17 20:39:26.978	0.639	0.909	-0.250	-20.569	-11.047	-42.908	105.551	-35.173	154.869	0.00	0.00	0.00	0.00000	0.00000	0.00000	0.00000
WT2(D8:09:BF:40:2B:C3)	3.95	13103	 2021-05-17 20:39:27.196	0.535	-0.369	0.814	11.658	42.175	4.883	-16.095	-29.515	-173.480	0.00	0.00	0.00	0.00000	0.00000	0.00000	0.00000
WT2(D8:09:BF:40:2B:C3)	3.95	13103	 2021-05-17 20:39:27.201	0.453	-0.371	0.847	20.020	43.823	-1.526	-14.453	-25.225	-172.117	0.00	0.00	0.00	0.00000	0.00000	0.00000	0.00000
WT2(D8:09:BF:40:2B:C3)	3.95	13103	 2021-05-17 20:39:27.201	0.387	-0.193	0.897	-12.512	49.316	1.831	-12.706	-20.753	-170.750	0.00	0.00	0.00	0.00000	0.00000	0.00000	0.00000
WT2(D8:09:BF:40:2B:C3)	3.95	13103	 2021-05-17 20:39:27.311	0.326	-0.081	0.917	22.339	40.161	0.488	-11.695	-16.534	-169.052	0.00	0.00	0.00	0.00000	0.00000	0.00000	0.00000
WT1(E604078EA627)	3.91	13104	 2021-05-17 20:39:27.313	0.560	0.816	-0.237	-13.367	-14.709	-46.692	105.864	-30.251	154.622	0.00	0.00	0.00	0.00000	0.00000	0.00000	0.00000
WT1(E604078EA627)	3.91	13104	 2021-05-17 20:39:27.314	0.461	0.717	-0.197	16.052	-11.902	-47.424	104.865	-25.752	154.484	0.00	0.00	0.00	0.00000	0.00000	0.00000	0.00000
WT2(D8:09:BF:40:2B:C3)	3.95	13103	 2021-05-17 20:39:27.382	0.260	-0.021	0.954	-1.892	37.292	3.845	-10.970	-12.838	-166.904	0.00	0.00	0.00	0.00000	0.00000	0.00000	0.00000
WT1(E604078EA627)	3.91	13104	 2021-05-17 20:39:27.386	0.391	0.918	-0.208	12.451	-8.606	-40.405	104.815	-21.671	154.693	0.00	0.00	0.00	0.00000	0.00000	0.00000	0.00000
WT1(E604078EA627)	3.91	13104	 2021-05-17 20:39:27.386	0.352	0.992	-0.195	-9.644	-4.456	-31.128	103.431	-18.506	155.160	0.00	0.00	0.00	0.00000	0.00000	0.00000	0.00000
WT2(D8:09:BF:40:2B:C3)	3.95	13103	 2021-05-17 20:39:27.447	0.190	-0.127	0.975	-21.606	32.776	5.981	-11.766	-9.586	-164.487	0.00	0.00	0.00	0.00000	0.00000	0.00000	0.00000
WT2(D8:09:BF:40:2B:C3)	3.95	13103	 2021-05-17 20:39:27.525	0.141	-0.263	0.942	-12.329	24.048	4.395	-11.569	-7.152	-162.235	0.00	0.00	0.00	0.00000	0.00000	0.00000	0.00000
WT1(E604078EA627)	3.91	13104	 2021-05-17 20:39:27.534	0.308	0.958	-0.208	-22.583	-4.028	-23.071	102.382	-15.914	155.627	0.00	0.00	0.00	0.00000	0.00000	0.00000	0.00000
WT1(E604078EA627)	3.91	13104	 2021-05-17 20:39:27.683	0.240	0.913	-0.208	-31.616	3.723	-13.672	101.305	-14.057	155.901	0.00	0.00	0.00	0.00000	0.00000	0.00000	0.00000
WT1(E604078EA627)	3.91	13104	 2021-05-17 20:39:27.685	0.207	0.871	-0.179	6.165	-1.709	-17.273	100.997	-12.206	156.242	0.00	0.00	0.00	0.00000	0.00000	0.00000	0.00000
WT1(E604078EA627)	3.91	13104	 2021-05-17 20:39:27.789	0.163	1.037	-0.182	18.250	-4.639	-23.071	100.745	-10.349	156.517	0.00	0.00	0.00	0.00000	0.00000	0.00000	0.00000
WT1(E604078EA627)	3.91	13104	 2021-05-17 20:39:27.940	0.155	1.075	-0.142	11.353	-2.258	-23.132	99.893	-8.459	156.945	0.00	0.00	0.00	0.00000	0.00000	0.00000	0.00000
WT2(D8:09:BF:40:2B:C3)	3.95	13103	 2021-05-17 20:39:27.992	0.109	-0.346	0.898	10.803	15.442	4.028	-11.728	-5.147	-160.027	0.00	0.00	0.00	0.00000	0.00000	0.00000	0.00000
WT2(D8:09:BF:40:2B:C3)	3.95	13103	 2021-05-17 20:39:27.996	0.067	-0.293	0.941	15.930	16.479	2.625	-11.761	-3.274	-157.901	0.00	0.00	0.00	0.00000	0.00000	0.00000	0.00000
WT2(D8:09:BF:40:2B:C3)	3.95	13103	 2021-05-17 20:39:28.002	0.041	-0.090	0.971	16.785	17.883	5.615	-11.283	-1.384	-155.687	0.00	0.00	0.00	0.00000	0.00000	0.00000	0.00000
WT2(D8:09:BF:40:2B:C3)	3.95	13103	 2021-05-17 20:39:28.003	0.031	-0.088	1.003	5.371	17.090	4.761	-11.415	0.511	-153.501	0.00	0.00	0.00	0.00000	0.00000	0.00000	0.00000
WT1(E604078EA627)	3.91	13104	 2021-05-17 20:39:28.013	0.132	1.079	-0.162	-25.635	-0.610	-12.268	100.096	-6.762	157.423	0.00	0.00	0.00	0.00000	0.00000	0.00000	0.00000
WT2(D8:09:BF:40:2B:C3)	3.95	13103	 2021-05-17 20:39:28.050	-0.008	-0.073	1.034	-33.997	20.508	5.249	-11.217	2.049	-151.381	0.00	0.00	0.00	0.00000	0.00000	0.00000	0.00000
WT1(E604078EA627)	3.91	13104	 2021-05-17 20:39:28.089	0.103	1.017	-0.192	-40.222	3.052	-5.127	99.432	-5.565	157.934	0.00	0.00	0.00	0.00000	0.00000	0.00000	0.00000
WT2(D8:09:BF:40:2B:C3)	3.95	13103	 2021-05-17 20:39:28.178	-0.066	-0.282	0.947	-32.532	13.184	6.104	-11.591	3.367	-149.398	0.00	0.00	0.00	0.00000	0.00000	0.00000	0.00000
WT1(E604078EA627)	3.91	13104	 2021-05-17 20:39:28.239	0.064	0.745	-0.113	-9.949	-3.235	-4.883	98.130	-4.730	158.181	0.00	0.00	0.00	0.00000	0.00000	0.00000	0.00000
WT2(D8:09:BF:40:2B:C3)	3.95	13103	 2021-05-17 20:39:28.271	-0.031	-0.329	0.920	10.498	3.601	3.113	-12.195	4.362	-147.557	0.00	0.00	0.00	0.00000	0.00000	0.00000	0.00000
WT1(E604078EA627)	3.91	13104	 2021-05-17 20:39:28.345	0.044	0.868	-0.128	24.170	0.244	-6.165	98.459	-4.076	158.632	0.00	0.00	0.00	0.00000	0.00000	0.00000	0.00000
WT2(D8:09:BF:40:2B:C3)	3.95	13103	 2021-05-17 20:39:28.358	-0.075	-0.334	0.917	0.244	0.793	2.380	-12.096	4.768	-145.959	0.00	0.00	0.00	0.00000	0.00000	0.00000	0.00000
WT1(E604078EA627)	3.91	13104	 2021-05-17 20:39:28.404	0.065	0.890	-0.114	37.048	0.061	-1.953	98.882	-4.076	158.939	0.00	0.00	0.00	0.00000	0.00000	0.00000	0.00000
WT2(D8:09:BF:40:2B:C3)	3.95	13103	 2021-05-17 20:39:28.466	-0.050	-0.209	0.919	27.771	-12.390	-0.366	-11.722	4.411	-144.283	0.00	0.00	0.00	0.00000	0.00000	0.00000	0.00000
WT1(E604078EA627)	3.91	13104	 2021-05-17 20:39:28.509	0.100	1.048	-0.138	17.212	1.648	10.193	99.717	-5.224	159.406	0.00	0.00	0.00	0.00000	0.00000	0.00000	0.00000
WT1(E604078EA627)	3.91	13104	 2021-05-17 20:39:28.599	0.185	1.011	-0.148	-1.038	10.010	22.461	100.074	-7.092	159.829	0.00	0.00	0.00	0.00000	0.00000	0.00000	0.00000
WT2(D8:09:BF:40:2B:C3)	3.95	13103	 2021-05-17 20:39:28.736	-0.038	-0.095	0.950	27.344	-20.142	-1.343	-11.327	3.098	-142.559	0.00	0.00	0.00	0.00000	0.00000	0.00000	0.00000
WT2(D8:09:BF:40:2B:C3)	3.95	13103	 2021-05-17 20:39:28.741	0.041	-0.060	0.996	16.968	-23.071	0.183	-11.673	1.143	-140.828	0.00	0.00	0.00	0.00000	0.00000	0.00000	0.00000
WT2(D8:09:BF:40:2B:C3)	3.95	13103	 2021-05-17 20:39:28.745	0.015	-0.168	0.958	-2.563	-27.161	0.732	-12.211	-1.324	-139.131	0.00	0.00	0.00	0.00000	0.00000	0.00000	0.00000
WT1(E604078EA627)	3.91	13104	 2021-05-17 20:39:28.748	0.135	0.908	-0.196	-0.854	8.911	28.992	100.058	-9.948	160.532	0.00	0.00	0.00	0.00000	0.00000	0.00000	0.00000
WT1(E604078EA627)	3.91	13104	 2021-05-17 20:39:28.823	0.247	0.967	-0.178	11.475	5.737	25.269	100.486	-12.673	160.571	0.00	0.00	0.00	0.00000	0.00000	0.00000	0.00000
WT2(D8:09:BF:40:2B:C3)	3.95	13103	 2021-05-17 20:39:28.839	0.121	-0.225	0.954	7.996	-29.724	-2.075	-12.997	-4.026	-137.708	0.00	0.00	0.00	0.00000	0.00000	0.00000	0.00000
WT1(E604078EA627)	3.91	13104	 2021-05-17 20:39:28.901	0.275	0.958	-0.210	-1.038	6.042	28.076	101.151	-15.524	160.626	0.00	0.00	0.00	0.00000	0.00000	0.00000	0.00000
WT2(D8:09:BF:40:2B:C3)	3.95	13103	 2021-05-17 20:39:28.930	0.148	-0.171	0.999	-4.456	-24.231	-2.747	-12.936	-6.801	-136.489	0.00	0.00	0.00	0.00000	0.00000	0.00000	0.00000
WT1(E604078EA627)	3.91	13104	 2021-05-17 20:39:29.048	0.318	0.889	-0.199	8.606	1.038	26.794	101.728	-18.182	160.400	0.00	0.00	0.00	0.00000	0.00000	0.00000	0.00000
WT2(D8:09:BF:40:2B:C3)	3.95	13103	 2021-05-17 20:39:29.053	0.185	-0.249	0.954	-8.118	-26.855	-2.747	-13.260	-9.421	-135.511	0.00	0.00	0.00	0.00000	0.00000	0.00000	0.00000
WT2(D8:09:BF:40:2B:C3)	3.95	13103	 2021-05-17 20:39:29.115	0.239	-0.234	0.917	-0.183	-29.480	-2.991	-13.370	-12.288	-134.528	0.00	0.00	0.00	0.00000	0.00000	0.00000	0.00000
WT1(E604078EA627)	3.91	13104	 2021-05-17 20:39:29.138	0.370	0.899	-0.195	14.221	4.700	25.574	102.640	-20.978	160.076	0.00	0.00	0.00	0.00000	0.00000	0.00000	0.00000
WT1(E604078EA627)	3.91	13104	 2021-05-17 20:39:29.363	0.430	0.805	-0.173	-7.690	8.728	35.217	102.755	-24.296	159.911	0.00	0.00	0.00	0.00000	0.00000	0.00000	0.00000
WT1(E604078EA627)	3.91	13104	 2021-05-17 20:39:29.364	0.494	0.796	-0.228	3.784	13.306	38.940	104.667	-27.839	159.846	0.00	0.00	0.00	0.00000	0.00000	0.00000	0.00000
WT1(E604078EA627)	3.91	13104	 2021-05-17 20:39:29.424	0.550	0.839	-0.235	6.775	10.254	41.626	105.606	-32.031	159.505	0.00	0.00	0.00	0.00000	0.00000	0.00000	0.00000
WT2(D8:09:BF:40:2B:C3)	3.95	13103	 2021-05-17 20:39:29.487	0.301	-0.192	0.946	-20.508	-31.067	0.671	-13.546	-15.430	-133.407	0.00	0.00	0.00	0.00000	0.00000	0.00000	0.00000
WT2(D8:09:BF:40:2B:C3)	3.95	13103	 2021-05-17 20:39:29.502	0.380	-0.108	0.915	-14.526	-36.499	1.160	-12.656	-19.160	-132.259	0.00	0.00	0.00	0.00000	0.00000	0.00000	0.00000
WT2(D8:09:BF:40:2B:C3)	3.95	13103	 2021-05-17 20:39:29.503	0.426	-0.149	0.903	-5.615	-38.757	-1.038	-13.508	-23.115	-131.210	0.00	0.00	0.00	0.00000	0.00000	0.00000	0.00000
WT1(E604078EA627)	3.91	13104	 2021-05-17 20:39:29.516	0.612	0.840	-0.266	9.827	8.118	34.607	105.985	-35.980	159.318	0.00	0.00	0.00	0.00000	0.00000	0.00000	0.00000
WT2(D8:09:BF:40:2B:C3)	3.95	13103	 2021-05-17 20:39:29.532	0.446	-0.257	0.883	-2.747	-34.851	-0.122	-14.892	-26.763	-130.089	0.00	0.00	0.00	0.00000	0.00000	0.00000	0.00000
WT2(D8:09:BF:40:2B:C3)	3.95	13103	 2021-05-17 20:39:29.609	0.507	-0.235	0.827	-26.367	-29.114	0.427	-15.452	-30.141	-129.315	0.00	0.00	0.00	0.00000	0.00000	0.00000	0.00000
WT1(E604078EA627)	3.91	13104	 2021-05-17 20:39:29.618	0.656	0.725	-0.212	-6.348	5.371	33.508	106.348	-39.287	159.066	0.00	0.00	0.00	0.00000	0.00000	0.00000	0.00000
WT1(E604078EA627)	3.91	13104	 2021-05-17 20:39:29.753	0.680	0.633	-0.229	16.357	7.813	32.471	107.227	-42.610	158.412	0.00	0.00	0.00	0.00000	0.00000	0.00000	0.00000
WT2(D8:09:BF:40:2B:C3)	3.95	13103	 2021-05-17 20:39:29.763	0.583	-0.159	0.784	10.498	-35.156	-2.563	-16.046	-33.426	-128.661	0.00	0.00	0.00	0.00000	0.00000	0.00000	0.00000
WT2(D8:09:BF:40:2B:C3)	3.95	13103	 2021-05-17 20:39:29.824	0.617	-0.167	0.784	-6.042	-29.480	-0.610	-16.677	-36.601	-128.199	0.00	0.00	0.00	0.00000	0.00000	0.00000	0.00000
WT1(E604078EA627)	3.91	13104	 2021-05-17 20:39:29.829	0.754	0.642	-0.248	23.743	8.484	29.175	107.930	-45.967	157.654	0.00	0.00	0.00	0.00000	0.00000	0.00000	0.00000
WT1(E604078EA627)	3.91	13104	 2021-05-17 20:39:29.918	0.797	0.686	-0.213	0.000	5.615	30.579	108.534	-49.213	157.396	0.00	0.00	0.00	0.00000	0.00000	0.00000	0.00000
WT2(D8:09:BF:40:2B:C3)	3.95	13103	 2021-05-17 20:39:29.933	0.664	-0.186	0.746	-10.193	-30.762	0.671	-17.507	-39.727	-127.639	0.00	0.00	0.00	0.00000	0.00000	0.00000	0.00000
WT2(D8:09:BF:40:2B:C3)	3.95	13103	 2021-05-17 20:39:30.009	0.709	-0.277	0.680	-6.836	-30.884	2.991	-19.797	-42.523	-126.914	0.00	0.00	0.00	0.00000	0.00000	0.00000	0.00000
WT1(E604078EA627)	3.91	13104	 2021-05-17 20:39:30.028	0.861	0.630	-0.224	4.761	13.977	28.137	109.182	-52.224	156.693	0.00	0.00	0.00	0.00000	0.00000	0.00000	0.00000
WT1(E604078EA627)	3.91	13104	 2021-05-17 20:39:30.144	0.845	0.474	-0.192	3.540	5.432	33.020	109.232	-55.816	156.121	0.00	0.00	0.00	0.00000	0.00000	0.00000	0.00000
WT2(D8:09:BF:40:2B:C3)	3.95	13103	 2021-05-17 20:39:30.151	0.722	-0.296	0.591	-27.039	-32.532	1.831	-21.445	-45.549	-126.167	0.00	0.00	0.00	0.00000	0.00000	0.00000	0.00000
WT2(D8:09:BF:40:2B:C3)	3.95	13103	 2021-05-17 20:39:30.214	0.776	-0.336	0.535	13.123	-50.659	-5.798	-23.099	-49.389	-125.222	0.00	0.00	0.00	0.00000	0.00000	0.00000	0.00000
WT1(E604078EA627)	3.91	13104	 2021-05-17 20:39:30.249	0.874	0.577	-0.161	2.075	13.000	48.462	112.505	-59.936	154.045	0.00	0.00	0.00	0.00000	0.00000	0.00000	0.00000
WT2(D8:09:BF:40:2B:C3)	3.95	13103	 2021-05-17 20:39:30.305	0.847	-0.345	0.510	3.540	-49.927	-2.930	-24.489	-53.800	-124.195	0.00	0.00	0.00	0.00000	0.00000	0.00000	0.00000
WT1(E604078EA627)	3.91	13104	 2021-05-17 20:39:30.323	0.938	0.426	-0.219	16.602	16.724	46.875	115.746	-64.731	151.677	0.00	0.00	0.00	0.00000	0.00000	0.00000	0.00000
WT2(D8:09:BF:40:2B:C3)	3.95	13103	 2021-05-17 20:39:30.419	0.896	-0.224	0.472	-24.048	-44.556	1.953	-26.411	-58.266	-122.355	0.00	0.00	0.00	0.00000	0.00000	0.00000	0.00000
WT1(E604078EA627)	3.91	13104	 2021-05-17 20:39:30.428	0.989	0.329	-0.216	5.615	11.353	43.457	118.735	-68.873	148.711	0.00	0.00	0.00	0.00000	0.00000	0.00000	0.00000
WT2(D8:09:BF:40:2B:C3)	3.95	13103	 2021-05-17 20:39:30.512	0.884	-0.186	0.422	-24.658	-38.818	-3.357	-30.289	-61.935	-120.438	0.00	0.00	0.00	0.00000	0.00000	0.00000	0.00000
WT1(E604078EA627)	3.91	13104	 2021-05-17 20:39:30.564	1.052	0.278	-0.177	12.207	-0.793	34.119	121.904	-72.598	144.767	0.00	0.00	0.00	0.00000	0.00000	0.00000	0.00000
WT2(D8:09:BF:40:2B:C3)	3.95	13103	 2021-05-17 20:39:30.631	0.935	-0.162	0.355	-8.911	-36.682	-0.305	-35.327	-65.325	-118.081	0.00	0.00	0.00	0.00000	0.00000	0.00000	0.00000
WT2(D8:09:BF:40:2B:C3)	3.95	13103	 2021-05-17 20:39:30.696	0.932	-0.195	0.310	20.386	-32.349	-4.517	-40.397	-68.253	-115.087	0.00	0.00	0.00	0.00000	0.00000	0.00000	0.00000
WT1(E604078EA627)	3.91	13104	 2021-05-17 20:39:30.714	1.068	0.216	-0.147	1.160	6.653	41.260	127.386	-76.322	137.966	0.00	0.00	0.00	0.00000	0.00000	0.00000	0.00000
WT1(E604078EA627)	3.91	13104	 2021-05-17 20:39:30.730	1.033	0.275	-0.200	-4.761	2.808	25.452	134.698	-78.783	131.331	0.00	0.00	0.00	0.00000	0.00000	0.00000	0.00000
WT2(D8:09:BF:40:2B:C3)	3.95	13103	 2021-05-17 20:39:30.784	0.958	-0.301	0.243	-3.601	-24.475	-4.211	-44.681	-70.345	-113.472	0.00	0.00	0.00	0.00000	0.00000	0.00000	0.00000
WT1(E604078EA627)	3.91	13104	 2021-05-17 20:39:30.833	1.033	0.169	-0.144	0.854	0.488	20.874	142.932	-79.942	123.349	0.00	0.00	0.00	0.00000	0.00000	0.00000	0.00000
WT2(D8:09:BF:40:2B:C3)	3.95	13103	 2021-05-17 20:39:30.894	0.970	-0.217	0.207	-5.859	-21.973	-2.319	-48.076	-72.224	-111.649	0.00	0.00	0.00	0.00000	0.00000	0.00000	0.00000
WT2(D8:09:BF:40:2B:C3)	3.95	13103	 2021-05-17 20:39:30.984	0.977	-0.143	0.191	-37.842	-12.634	3.845	-52.855	-73.477	-109.902	0.00	0.00	0.00	0.00000	0.00000	0.00000	0.00000
WT1(E604078EA627)	3.91	13104	 2021-05-17 20:39:31.034	1.044	0.143	-0.138	-3.601	7.263	22.888	152.578	-81.123	113.494	0.00	0.00	0.00	0.00000	0.00000	0.00000	0.00000
WT1(E604078EA627)	3.91	13104	 2021-05-17 20:39:31.036	1.013	0.028	-0.125	-7.019	8.057	16.235	160.818	-82.540	103.958	0.00	0.00	0.00	0.00000	0.00000	0.00000	0.00000
WT2(D8:09:BF:40:2B:C3)	3.95	13103	 2021-05-17 20:39:31.098	0.979	-0.205	0.151	12.756	-16.052	2.502	-58.458	-73.938	-106.595	0.00	0.00	0.00	0.00000	0.00000	0.00000	0.00000
WT1(E604078EA627)	3.91	13104	 2021-05-17 20:39:31.134	1.031	0.051	-0.124	9.705	-1.770	10.437	169.162	-82.963	96.861	0.00	0.00	0.00	0.00000	0.00000	0.00000	0.00000
WT2(D8:09:BF:40:2B:C3)	3.95	13103	 2021-05-17 20:39:31.186	0.989	-0.204	0.133	19.531	-13.428	1.221	-62.402	-74.416	-103.727	0.00	0.00	0.00	0.00000	0.00000	0.00000	0.00000
WT1(E604078EA627)	3.91	13104	 2021-05-17 20:39:31.239	1.024	0.035	-0.141	8.850	-1.099	7.080	175.457	-82.958	91.857	0.00	0.00	0.00	0.00000	0.00000	0.00000	0.00000
WT2(D8:09:BF:40:2B:C3)	3.95	13103	 2021-05-17 20:39:31.293	0.996	-0.231	0.119	4.761	-8.667	-0.671	-64.995	-75.004	-102.332	0.00	0.00	0.00	0.00000	0.00000	0.00000	0.00000
WT2(D8:09:BF:40:2B:C3)	3.95	13103	 2021-05-17 20:39:31.387	0.986	-0.244	0.097	-1.221	-7.019	0.183	-67.593	-75.416	-101.613	0.00	0.00	0.00	0.00000	0.00000	0.00000	0.00000
WT1(E604078EA627)	3.91	13104	 2021-05-17 20:39:31.388	1.020	0.060	-0.129	-16.479	-2.869	9.399	-179.940	-82.787	87.336	0.00	0.00	0.00	0.00000	0.00000	0.00000	0.00000
WT1(E604078EA627)	3.91	13104	 2021-05-17 20:39:31.434	1.032	0.010	-0.127	-13.184	1.831	6.592	-174.946	-82.908	81.068	0.00	0.00	0.00	0.00000	0.00000	0.00000	0.00000
WT2(D8:09:BF:40:2B:C3)	3.95	13103	 2021-05-17 20:39:31.511	0.981	-0.237	0.091	-4.333	-3.601	2.441	-69.560	-75.569	-101.558	0.00	0.00	0.00	0.00000	0.00000	0.00000	0.00000
WT1(E604078EA627)	3.91	13104	 2021-05-17 20:39:31.554	1.018	-0.006	-0.126	7.141	-0.427	-2.441	-175.007	-82.947	81.683	0.00	0.00	0.00	0.00000	0.00000	0.00000	0.00000
WT2(D8:09:BF:40:2B:C3)	3.95	13103	 2021-05-17 20:39:31.588	0.967	-0.215	0.079	-4.272	-1.648	2.625	-70.708	-75.509	-102.019	0.00	0.00	0.00	0.00000	0.00000	0.00000	0.00000
WT1(E604078EA627)	3.91	13104	 2021-05-17 20:39:31.689	1.023	-0.004	-0.136	-2.563	2.075	3.357	-174.084	-82.925	81.085	0.00	0.00	0.00	0.00000	0.00000	0.00000	0.00000
WT2(D8:09:BF:40:2B:C3)	3.95	13103	 2021-05-17 20:39:31.712	0.990	-0.212	0.093	3.113	-2.563	-0.488	-71.829	-75.564	-102.706	0.00	0.00	0.00	0.00000	0.00000	0.00000	0.00000
WT1(E604078EA627)	3.91	13104	 2021-05-17 20:39:31.763	1.027	-0.010	-0.135	2.869	-1.221	1.160	-172.343	-82.875	79.310	0.00	0.00	0.00	0.00000	0.00000	0.00000	0.00000
WT2(D8:09:BF:40:2B:C3)	3.95	13103	 2021-05-17 20:39:31.804	0.988	-0.228	0.074	4.089	-1.282	-0.549	-72.301	-75.619	-103.920	0.00	0.00	0.00	0.00000	0.00000	0.00000	0.00000
WT1(E604078EA627)	3.91	13104	 2021-05-17 20:39:31.839	1.020	-0.010	-0.133	1.099	0.427	1.465	-171.793	-82.804	78.920	0.00	0.00	0.00	0.00000	0.00000	0.00000	0.00000
WT1(E604078EA627)	3.91	13104	 2021-05-17 20:39:31.990	1.021	-0.016	-0.121	2.625	-0.549	-0.488	-170.920	-82.815	78.113	0.00	0.00	0.00	0.00000	0.00000	0.00000	0.00000
WT2(D8:09:BF:40:2B:C3)	3.95	13103	 2021-05-17 20:39:31.992	0.979	-0.212	0.073	3.479	0.000	0.427	-72.691	-75.635	-106.595	0.00	0.00	0.00	0.00000	0.00000	0.00000	0.00000
WT2(D8:09:BF:40:2B:C3)	3.95	13103	 2021-05-17 20:39:32.081	0.968	-0.214	0.071	2.441	-0.366	0.854	-72.609	-75.630	-107.985	0.00	0.00	0.00	0.00000	0.00000	0.00000	0.00000
WT1(E604078EA627)	3.91	13104	 2021-05-17 20:39:32.139	1.013	-0.008	-0.129	4.272	-1.038	-2.441	-171.683	-82.776	79.261	0.00	0.00	0.00	0.00000	0.00000	0.00000	0.00000
WT1(E604078EA627)	3.91	13104	 2021-05-17 20:39:32.153	1.028	-0.025	-0.116	-0.549	0.488	1.160	-171.502	-82.793	79.233	0.00	0.00	0.00	0.00000	0.00000	0.00000	0.00000
WT2(D8:09:BF:40:2B:C3)	3.95	13103	 2021-05-17 20:39:32.196	0.989	-0.218	0.075	-0.549	0.549	1.770	-72.680	-75.602	-109.259	0.00	0.00	0.00	0.00000	0.00000	0.00000	0.00000
