设备名称	电压	版本	片上时间	加速度X(g)	加速度Y(g)	加速度Z(g)	角速度X(°/s)	角速度Y(°/s)	角速度Z(°/s)	角度X(°)	角度Y(°)	角度Z(°)	磁场X	磁场Y	磁场Z	四元数0	四元数1	四元数2	四元数3	状态
WT2(D8:09:BF:40:2B:C3)	3.95	13103	 2021-05-17 20:39:50.264	0.989	-0.191	0.084	-2.930	-0.305	0.854	-67.956	-76.761	-141.685	0.00	0.00	0.00	0.00000	0.00000	0.00000	0.00000
WT1(E604078EA627)	3.91	13104	 2021-05-17 20:39:50.289	1.021	0.001	-0.118	0.549	0.671	0.610	-175.353	-83.474	80.508	0.00	0.00	0.00	0.00000	0.00000	0.00000	0.00000
WT1(E604078EA627)	3.91	13104	 2021-05-17 20:39:50.301	1.024	-0.027	-0.112	-1.953	1.343	1.038	-174.370	-83.518	79.459	0.00	0.00	0.00	0.00000	0.00000	0.00000	0.00000
WT2(D8:09:BF:40:2B:C3)	3.95	13103	 2021-05-17 20:39:50.355	0.982	-0.194	0.075	-1.343	-0.488	0.977	-68.351	-76.723	-141.372	0.00	0.00	0.00	0.00000	0.00000	0.00000	0.00000
WT1(E604078EA627)	3.91	13104	 2021-05-17 20:39:50.438	1.018	-0.025	-0.115	2.136	-0.427	0.549	-173.414	-83.573	78.492	0.00	0.00	0.00	0.00000	0.00000	0.00000	0.00000
WT2(D8:09:BF:40:2B:C3)	3.95	13103	 2021-05-17 20:39:50.449	0.995	-0.194	0.074	1.648	-0.977	0.732	-68.719	-76.723	-140.916	0.00	0.00	0.00	0.00000	0.00000	0.00000	0.00000
WT1(E604078EA627)	3.91	13104	 2021-05-17 20:39:50.498	1.027	-0.007	-0.108	2.625	-1.038	-0.061	-173.145	-83.535	78.409	0.00	0.00	0.00	0.00000	0.00000	0.00000	0.00000
WT2(D8:09:BF:40:2B:C3)	3.95	13103	 2021-05-17 20:39:50.573	0.995	-0.191	0.076	0.183	1.587	0.488	-68.681	-76.690	-140.905	0.00	0.00	0.00	0.00000	0.00000	0.00000	0.00000
WT1(E604078EA627)	3.91	13104	 2021-05-17 20:39:50.609	1.022	-0.020	-0.125	0.488	2.258	-1.038	-173.754	-83.578	79.178	0.00	0.00	0.00	0.00000	0.00000	0.00000	0.00000
WT2(D8:09:BF:40:2B:C3)	3.95	13103	 2021-05-17 20:39:50.679	0.997	-0.191	0.076	1.587	1.892	0.366	-68.033	-76.657	-141.526	0.00	0.00	0.00	0.00000	0.00000	0.00000	0.00000
WT1(E604078EA627)	3.91	13104	 2021-05-17 20:39:50.693	1.032	0.029	-0.135	1.282	-0.488	-2.502	-175.413	-83.600	80.931	0.00	0.00	0.00	0.00000	0.00000	0.00000	0.00000
WT2(D8:09:BF:40:2B:C3)	3.95	13103	 2021-05-17 20:39:50.743	0.979	-0.190	0.099	2.136	5.554	-1.709	-66.094	-76.646	-143.306	0.00	0.00	0.00	0.00000	0.00000	0.00000	0.00000
WT1(E604078EA627)	3.91	13104	 2021-05-17 20:39:50.800	1.040	0.030	-0.127	1.465	-5.676	-6.958	179.363	-83.315	86.479	0.00	0.00	0.00	0.00000	0.00000	0.00000	0.00000
WT2(D8:09:BF:40:2B:C3)	3.95	13103	 2021-05-17 20:39:50.870	1.008	-0.179	0.117	2.747	10.071	-1.770	-62.369	-76.514	-146.607	0.00	0.00	0.00	0.00000	0.00000	0.00000	0.00000
WT1(E604078EA627)	3.91	13104	 2021-05-17 20:39:50.904	1.013	0.037	-0.118	2.808	-5.371	-10.498	171.304	-82.771	94.960	0.00	0.00	0.00	0.00000	0.00000	0.00000	0.00000
WT2(D8:09:BF:40:2B:C3)	3.95	13103	 2021-05-17 20:39:50.945	0.994	-0.172	0.139	4.883	14.404	-1.343	-57.590	-76.075	-151.106	0.00	0.00	0.00	0.00000	0.00000	0.00000	0.00000
WT1(E604078EA627)	3.91	13104	 2021-05-17 20:39:50.994	1.033	0.078	-0.151	-7.141	-2.991	-14.954	162.296	-81.985	104.194	0.00	0.00	0.00	0.00000	0.00000	0.00000	0.00000
WT2(D8:09:BF:40:2B:C3)	3.95	13103	 2021-05-17 20:39:51.054	0.993	-0.181	0.182	-2.136	21.362	-0.793	-51.597	-75.273	-156.868	0.00	0.00	0.00	0.00000	0.00000	0.00000	0.00000
WT1(E604078EA627)	3.91	13104	 2021-05-17 20:39:51.099	1.029	0.104	-0.152	-10.437	-6.653	-19.531	151.721	-80.739	114.357	0.00	0.00	0.00	0.00000	0.00000	0.00000	0.00000
WT2(D8:09:BF:40:2B:C3)	3.95	13103	 2021-05-17 20:39:51.147	0.976	-0.158	0.210	-0.488	25.513	1.526	-45.659	-73.801	-162.867	0.00	0.00	0.00	0.00000	0.00000	0.00000	0.00000
WT2(D8:09:BF:40:2B:C3)	3.95	13103	 2021-05-17 20:39:51.255	0.984	-0.192	0.240	-4.822	30.090	1.587	-40.254	-71.763	-168.503	0.00	0.00	0.00	0.00000	0.00000	0.00000	0.00000
WT1(E604078EA627)	3.91	13104	 2021-05-17 20:39:51.263	1.034	0.126	-0.148	-10.193	-5.249	-23.499	141.883	-78.992	123.530	0.00	0.00	0.00	0.00000	0.00000	0.00000	0.00000
WT2(D8:09:BF:40:2B:C3)	3.95	13103	 2021-05-17 20:39:51.362	0.958	-0.185	0.269	2.502	30.151	2.747	-35.458	-69.351	-172.908	0.00	0.00	0.00	0.00000	0.00000	0.00000	0.00000
WT1(E604078EA627)	3.91	13104	 2021-05-17 20:39:51.414	1.020	0.143	-0.145	-2.075	-4.578	-29.175	133.248	-76.778	131.754	0.00	0.00	0.00	0.00000	0.00000	0.00000	0.00000
WT2(D8:09:BF:40:2B:C3)	3.95	13103	 2021-05-17 20:39:51.455	0.941	-0.208	0.323	3.540	29.602	2.502	-31.718	-66.758	-176.094	0.00	0.00	0.00	0.00000	0.00000	0.00000	0.00000
WT1(E604078EA627)	3.91	13104	 2021-05-17 20:39:51.489	1.011	0.207	-0.166	-2.014	-3.723	-29.541	126.645	-74.312	137.999	0.00	0.00	0.00	0.00000	0.00000	0.00000	0.00000
WT1(E604078EA627)	3.91	13104	 2021-05-17 20:39:51.506	0.985	0.185	-0.154	6.165	-5.798	-31.433	121.608	-71.834	142.504	0.00	0.00	0.00	0.00000	0.00000	0.00000	0.00000
WT2(D8:09:BF:40:2B:C3)	3.95	13103	 2021-05-17 20:39:51.533	0.923	-0.238	0.382	-0.305	31.006	2.441	-28.663	-64.034	-178.423	0.00	0.00	0.00	0.00000	0.00000	0.00000	0.00000
WT2(D8:09:BF:40:2B:C3)	3.95	13103	 2021-05-17 20:39:51.623	0.897	-0.278	0.419	-10.803	32.410	4.150	-26.043	-61.177	179.978	0.00	0.00	0.00	0.00000	0.00000	0.00000	0.00000
WT1(E604078EA627)	3.91	13104	 2021-05-17 20:39:51.656	0.963	0.266	-0.155	11.963	-9.521	-31.616	118.685	-68.945	145.360	0.00	0.00	0.00	0.00000	0.00000	0.00000	0.00000
WT1(E604078EA627)	3.91	13104	 2021-05-17 20:39:51.729	0.972	0.407	-0.180	-1.038	-3.601	-31.250	116.686	-65.863	147.563	0.00	0.00	0.00	0.00000	0.00000	0.00000	0.00000
WT2(D8:09:BF:40:2B:C3)	3.95	13103	 2021-05-17 20:39:51.733	0.882	-0.166	0.470	3.906	32.227	2.625	-23.231	-58.288	179.105	0.00	0.00	0.00	0.00000	0.00000	0.00000	0.00000
WT1(E604078EA627)	3.91	13104	 2021-05-17 20:39:51.818	0.943	0.415	-0.183	-9.949	-3.235	-26.978	113.752	-63.111	149.738	0.00	0.00	0.00	0.00000	0.00000	0.00000	0.00000
WT2(D8:09:BF:40:2B:C3)	3.95	13103	 2021-05-17 20:39:51.825	0.849	-0.169	0.505	-0.854	31.067	4.089	-21.857	-55.344	178.901	0.00	0.00	0.00	0.00000	0.00000	0.00000	0.00000
WT2(D8:09:BF:40:2B:C3)	3.95	13103	 2021-05-17 20:39:51.931	0.827	-0.146	0.550	6.470	25.879	4.089	-20.665	-52.685	179.412	0.00	0.00	0.00	0.00000	0.00000	0.00000	0.00000
WT1(E604078EA627)	3.91	13104	 2021-05-17 20:39:51.953	0.917	0.423	-0.185	-10.376	-3.418	-25.696	111.879	-60.540	151.128	0.00	0.00	0.00	0.00000	0.00000	0.00000	0.00000
WT1(E604078EA627)	3.91	13104	 2021-05-17 20:39:52.028	0.874	0.453	-0.185	-10.681	0.000	-21.484	109.962	-58.442	152.271	0.00	0.00	0.00	0.00000	0.00000	0.00000	0.00000
WT2(D8:09:BF:40:2B:C3)	3.95	13103	 2021-05-17 20:39:52.040	0.782	-0.210	0.602	-2.380	23.499	3.845	-20.154	-50.317	-179.654	0.00	0.00	0.00	0.00000	0.00000	0.00000	0.00000
WT1(E604078EA627)	3.91	13104	 2021-05-17 20:39:52.120	0.856	0.488	-0.182	-8.789	-0.793	-21.667	108.875	-56.376	153.259	0.00	0.00	0.00	0.00000	0.00000	0.00000	0.00000
WT2(D8:09:BF:40:2B:C3)	3.95	13103	 2021-05-17 20:39:52.136	0.760	-0.211	0.633	-6.714	23.071	5.188	-19.413	-48.137	-178.330	0.00	0.00	0.00	0.00000	0.00000	0.00000	0.00000
WT1(E604078EA627)	3.91	13104	 2021-05-17 20:39:52.224	0.854	0.573	-0.187	-7.996	-2.380	-21.484	107.397	-54.344	154.144	0.00	0.00	0.00	0.00000	0.00000	0.00000	0.00000
WT2(D8:09:BF:40:2B:C3)	3.95	13103	 2021-05-17 20:39:52.272	0.744	-0.236	0.654	-4.333	22.949	5.615	-19.473	-45.862	-176.808	0.00	0.00	0.00	0.00000	0.00000	0.00000	0.00000
WT2(D8:09:BF:40:2B:C3)	3.95	13103	 2021-05-17 20:39:52.349	0.715	-0.228	0.710	13.672	25.696	-0.977	-18.144	-43.605	-175.534	0.00	0.00	0.00	0.00000	0.00000	0.00000	0.00000
WT1(E604078EA627)	3.91	13104	 2021-05-17 20:39:52.374	0.830	0.587	-0.198	6.470	-5.554	-23.193	107.172	-51.982	154.666	0.00	0.00	0.00	0.00000	0.00000	0.00000	0.00000
WT1(E604078EA627)	3.91	13104	 2021-05-17 20:39:52.418	0.825	0.681	-0.194	-6.714	-4.089	-27.283	106.666	-49.345	155.034	0.00	0.00	0.00	0.00000	0.00000	0.00000	0.00000
WT2(D8:09:BF:40:2B:C3)	3.95	13103	 2021-05-17 20:39:52.471	0.704	-0.208	0.721	-3.174	27.466	6.226	-17.227	-41.105	-174.370	0.00	0.00	0.00	0.00000	0.00000	0.00000	0.00000
WT1(E604078EA627)	3.91	13104	 2021-05-17 20:39:52.523	0.792	0.719	-0.182	-12.024	1.892	-28.870	105.441	-46.571	155.836	0.00	0.00	0.00	0.00000	0.00000	0.00000	0.00000
WT2(D8:09:BF:40:2B:C3)	3.95	13103	 2021-05-17 20:39:52.629	0.617	-0.203	0.781	4.578	28.015	8.606	-17.957	-35.228	-170.865	0.00	0.00	0.00	0.00000	0.00000	0.00000	0.00000
WT1(E604078EA627)	3.91	13104	 2021-05-17 20:39:52.632	0.719	0.703	-0.205	-19.531	1.160	-28.198	103.332	-43.857	156.907	0.00	0.00	0.00	0.00000	0.00000	0.00000	0.00000
WT1(E604078EA627)	3.91	13104	 2021-05-17 20:39:52.718	0.694	0.691	-0.203	-18.250	-4.028	-30.823	102.887	-40.699	157.253	0.00	0.00	0.00	0.00000	0.00000	0.00000	0.00000
WT2(D8:09:BF:40:2B:C3)	3.95	13103	 2021-05-17 20:39:52.783	0.578	-0.073	0.841	4.517	30.579	5.615	-16.831	-32.316	-168.904	0.00	0.00	0.00	0.00000	0.00000	0.00000	0.00000
WT1(E604078EA627)	3.91	13104	 2021-05-17 20:39:52.823	0.654	0.648	-0.160	26.001	-6.531	-35.034	100.756	-37.842	157.654	0.00	0.00	0.00	0.00000	0.00000	0.00000	0.00000
WT2(D8:09:BF:40:2B:C3)	3.95	13103	 2021-05-17 20:39:52.846	0.486	-0.395	0.809	-53.833	38.269	13.428	-18.814	-28.812	-167.168	0.00	0.00	0.00	0.00000	0.00000	0.00000	0.00000
WT1(E604078EA627)	3.91	13104	 2021-05-17 20:39:52.928	0.618	0.893	-0.148	24.414	-6.226	-38.208	100.432	-34.497	158.165	0.00	0.00	0.00	0.00000	0.00000	0.00000	0.00000
WT2(D8:09:BF:40:2B:C3)	3.95	13103	 2021-05-17 20:39:52.954	0.460	-0.436	0.829	-19.653	33.447	12.756	-18.583	-25.631	-165.339	0.00	0.00	0.00	0.00000	0.00000	0.00000	0.00000
WT1(E604078EA627)	3.91	13104	 2021-05-17 20:39:53.082	0.568	0.930	-0.158	-0.488	1.221	-36.560	100.179	-30.948	158.840	0.00	0.00	0.00	0.00000	0.00000	0.00000	0.00000
WT2(D8:09:BF:40:2B:C3)	3.95	13103	 2021-05-17 20:39:53.216	0.424	-0.331	0.859	16.357	30.945	7.751	-17.408	-22.456	-163.526	0.00	0.00	0.00	0.00000	0.00000	0.00000	0.00000
WT2(D8:09:BF:40:2B:C3)	3.95	13103	 2021-05-17 20:39:53.222	0.373	-0.210	0.915	-0.854	32.654	8.484	-17.111	-19.067	-161.653	0.00	0.00	0.00	0.00000	0.00000	0.00000	0.00000
WT2(D8:09:BF:40:2B:C3)	3.95	13103	 2021-05-17 20:39:53.222	0.313	-0.087	0.979	-19.165	36.499	6.531	-15.886	-15.892	-159.681	0.00	0.00	0.00	0.00000	0.00000	0.00000	0.00000
WT1(E604078EA627)	3.91	13104	 2021-05-17 20:39:53.228	0.480	0.833	-0.129	-23.315	3.113	-31.433	98.591	-27.719	159.505	0.00	0.00	0.00	0.00000	0.00000	0.00000	0.00000
WT1(E604078EA627)	3.91	13104	 2021-05-17 20:39:53.233	0.408	0.793	-0.144	-9.766	1.770	-31.006	98.849	-24.318	159.785	0.00	0.00	0.00	0.00000	0.00000	0.00000	0.00000
WT2(D8:09:BF:40:2B:C3)	3.95	13103	 2021-05-17 20:39:53.312	0.225	-0.297	0.916	-19.470	36.316	12.695	-16.727	-12.442	-157.742	0.00	0.00	0.00	0.00000	0.00000	0.00000	0.00000
WT1(E604078EA627)	3.91	13104	 2021-05-17 20:39:53.393	0.419	1.040	-0.134	-13.245	-2.380	-35.950	98.168	-21.061	159.884	0.00	0.00	0.00	0.00000	0.00000	0.00000	0.00000
WT2(D8:09:BF:40:2B:C3)	3.95	13103	 2021-05-17 20:39:53.417	0.159	-0.447	0.899	-18.188	32.532	19.226	-17.842	-8.932	-155.709	0.00	0.00	0.00	0.00000	0.00000	0.00000	0.00000
WT1(E604078EA627)	3.91	13104	 2021-05-17 20:39:53.470	0.290	0.935	-0.147	-32.227	10.925	-30.457	96.943	-17.842	160.703	0.00	0.00	0.00	0.00000	0.00000	0.00000	0.00000
WT2(D8:09:BF:40:2B:C3)	3.95	13103	 2021-05-17 20:39:53.531	0.184	-0.461	0.897	8.911	25.940	11.108	-17.556	-6.015	-153.825	0.00	0.00	0.00	0.00000	0.00000	0.00000	0.00000
WT1(E604078EA627)	3.91	13104	 2021-05-17 20:39:53.533	0.234	0.875	-0.089	-7.629	-7.202	-26.001	95.856	-14.826	161.406	0.00	0.00	0.00	0.00000	0.00000	0.00000	0.00000
WT2(D8:09:BF:40:2B:C3)	3.95	13103	 2021-05-17 20:39:53.637	0.091	-0.174	0.980	10.071	29.968	4.089	-17.177	-2.895	-152.194	0.00	0.00	0.00	0.00000	0.00000	0.00000	0.00000
WT1(E604078EA627)	3.91	13104	 2021-05-17 20:39:53.638	0.272	0.970	-0.108	6.470	-6.287	-34.607	95.603	-11.646	161.373	0.00	0.00	0.00	0.00000	0.00000	0.00000	0.00000
WT1(E604078EA627)	3.91	13104	 2021-05-17 20:39:53.739	0.151	1.002	-0.101	14.526	-4.456	-33.630	95.339	-8.558	161.603	0.00	0.00	0.00	0.00000	0.00000	0.00000	0.00000
WT2(D8:09:BF:40:2B:C3)	3.95	13103	 2021-05-17 20:39:53.749	0.001	-0.205	0.966	-15.747	33.447	7.507	-17.507	0.324	-150.595	0.00	0.00	0.00	0.00000	0.00000	0.00000	0.00000
WT1(E604078EA627)	3.91	13104	 2021-05-17 20:39:53.844	0.090	1.001	-0.099	-19.043	1.465	-23.682	95.284	-5.894	162.109	0.00	0.00	0.00	0.00000	0.00000	0.00000	0.00000
WT2(D8:09:BF:40:2B:C3)	3.95	13103	 2021-05-17 20:39:53.897	-0.052	-0.329	0.925	-21.912	29.602	10.132	-17.199	3.087	-148.931	0.00	0.00	0.00	0.00000	0.00000	0.00000	0.00000
WT1(E604078EA627)	3.91	13104	 2021-05-17 20:39:53.933	0.051	0.927	-0.056	-11.841	0.916	-16.296	94.438	-3.873	162.570	0.00	0.00	0.00	0.00000	0.00000	0.00000	0.00000
WT2(D8:09:BF:40:2B:C3)	3.95	13103	 2021-05-17 20:39:53.942	-0.063	-0.388	0.905	0.977	20.081	9.949	-17.281	5.389	-147.310	0.00	0.00	0.00	0.00000	0.00000	0.00000	0.00000
WT2(D8:09:BF:40:2B:C3)	3.95	13103	 2021-05-17 20:39:54.035	-0.108	-0.288	0.914	16.541	10.925	2.319	-17.386	7.169	-145.767	0.00	0.00	0.00	0.00000	0.00000	0.00000	0.00000
WT1(E604078EA627)	3.91	13104	 2021-05-17 20:39:54.086	0.027	0.903	-0.052	-1.038	-2.075	-9.949	94.274	-2.373	163.059	0.00	0.00	0.00	0.00000	0.00000	0.00000	0.00000
WT2(D8:09:BF:40:2B:C3)	3.95	13103	 2021-05-17 20:39:54.117	-0.148	-0.197	0.967	-9.705	13.184	0.244	-17.507	8.427	-144.311	0.00	0.00	0.00	0.00000	0.00000	0.00000	0.00000
WT1(E604078EA627)	3.91	13104	 2021-05-17 20:39:54.173	0.045	1.113	-0.077	16.296	-2.136	-12.817	94.559	-1.274	163.279	0.00	0.00	0.00	0.00000	0.00000	0.00000	0.00000
WT1(E604078EA627)	3.91	13104	 2021-05-17 20:39:54.250	0.039	1.008	-0.100	-44.983	3.235	-4.456	94.559	-0.291	163.636	0.00	0.00	0.00	0.00000	0.00000	0.00000	0.00000
WT2(D8:09:BF:40:2B:C3)	3.95	13103	 2021-05-17 20:39:54.272	-0.153	-0.430	0.908	-4.150	7.751	4.333	-17.232	9.377	-142.916	0.00	0.00	0.00	0.00000	0.00000	0.00000	0.00000
WT1(E604078EA627)	3.91	13104	 2021-05-17 20:39:54.338	-0.013	0.908	-0.089	-26.733	-4.089	10.986	94.285	-0.253	164.015	0.00	0.00	0.00	0.00000	0.00000	0.00000	0.00000
WT2(D8:09:BF:40:2B:C3)	3.95	13103	 2021-05-17 20:39:54.389	-0.155	-0.477	0.853	23.071	-2.258	-1.465	-17.194	9.888	-141.575	0.00	0.00	0.00	0.00000	0.00000	0.00000	0.00000
WT1(E604078EA627)	3.91	13104	 2021-05-17 20:39:54.444	0.021	0.983	-0.052	8.667	-1.892	8.179	94.257	-1.104	163.762	0.00	0.00	0.00	0.00000	0.00000	0.00000	0.00000
WT2(D8:09:BF:40:2B:C3)	3.95	13103	 2021-05-17 20:39:54.531	-0.164	-0.245	0.915	13.611	-7.263	-4.395	-16.974	9.525	-140.510	0.00	0.00	0.00	0.00000	0.00000	0.00000	0.00000
WT2(D8:09:BF:40:2B:C3)	3.95	13103	 2021-05-17 20:39:54.535	-0.142	-0.231	0.946	-5.737	-6.165	-2.930	-16.963	8.806	-139.373	0.00	0.00	0.00	0.00000	0.00000	0.00000	0.00000
WT1(E604078EA627)	3.91	13104	 2021-05-17 20:39:54.548	0.051	1.027	-0.079	-8.545	6.042	8.728	94.191	-1.884	164.130	0.00	0.00	0.00	0.00000	0.00000	0.00000	0.00000
WT2(D8:09:BF:40:2B:C3)	3.95	13103	 2021-05-17 20:39:54.606	-0.141	-0.333	0.917	-8.423	-10.010	0.183	-17.100	7.916	-138.219	0.00	0.00	0.00	0.00000	0.00000	0.00000	0.00000
WT1(E604078EA627)	3.91	13104	 2021-05-17 20:39:54.656	0.030	0.842	-0.077	-3.662	3.540	13.794	94.180	-2.928	164.465	0.00	0.00	0.00	0.00000	0.00000	0.00000	0.00000
WT2(D8:09:BF:40:2B:C3)	3.95	13103	 2021-05-17 20:39:54.781	-0.094	-0.325	0.902	7.324	-14.954	-2.930	-17.397	6.674	-137.115	0.00	0.00	0.00	0.00000	0.00000	0.00000	0.00000
WT1(E604078EA627)	3.91	13104	 2021-05-17 20:39:54.784	0.072	0.958	-0.070	15.625	-0.305	16.479	94.614	-4.548	164.581	0.00	0.00	0.00	0.00000	0.00000	0.00000	0.00000
WT1(E604078EA627)	3.91	13104	 2021-05-17 20:39:54.848	0.119	1.036	-0.087	3.113	4.639	20.874	95.098	-6.581	164.773	0.00	0.00	0.00	0.00000	0.00000	0.00000	0.00000
WT2(D8:09:BF:40:2B:C3)	3.95	13103	 2021-05-17 20:39:54.884	-0.063	-0.254	0.951	0.366	-17.578	-3.967	-17.770	5.026	-136.044	0.00	0.00	0.00	0.00000	0.00000	0.00000	0.00000
WT1(E604078EA627)	3.91	13104	 2021-05-17 20:39:54.953	0.154	0.971	-0.105	-4.639	4.333	22.705	95.471	-8.767	164.927	0.00	0.00	0.00	0.00000	0.00000	0.00000	0.00000
WT2(D8:09:BF:40:2B:C3)	3.95	13103	 2021-05-17 20:39:54.997	-0.009	-0.386	0.926	-4.883	-21.851	-0.793	-17.853	0.824	-133.759	0.00	0.00	0.00	0.00000	0.00000	0.00000	0.00000
WT1(E604078EA627)	3.91	13104	 2021-05-17 20:39:55.059	0.208	0.937	-0.112	11.658	1.526	24.963	96.086	-11.118	164.949	0.00	0.00	0.00	0.00000	0.00000	0.00000	0.00000
WT2(D8:09:BF:40:2B:C3)	3.95	13103	 2021-05-17 20:39:55.089	0.064	-0.301	0.915	-2.258	-25.757	-5.188	-17.776	-1.609	-132.814	0.00	0.00	0.00	0.00000	0.00000	0.00000	0.00000
WT1(E604078EA627)	3.91	13104	 2021-05-17 20:39:55.164	0.259	1.028	-0.119	11.353	1.160	26.917	96.954	-13.920	164.724	0.00	0.00	0.00	0.00000	0.00000	0.00000	0.00000
WT2(D8:09:BF:40:2B:C3)	3.95	13103	 2021-05-17 20:39:55.194	0.118	-0.209	0.960	16.663	-30.396	-8.057	-17.650	-4.427	-132.028	0.00	0.00	0.00	0.00000	0.00000	0.00000	0.00000
WT1(E604078EA627)	3.91	13104	 2021-05-17 20:39:55.253	0.283	0.968	-0.154	-1.892	4.028	32.166	97.333	-17.078	164.399	0.00	0.00	0.00	0.00000	0.00000	0.00000	0.00000
WT2(D8:09:BF:40:2B:C3)	3.95	13103	 2021-05-17 20:39:55.284	0.106	-0.306	0.940	-1.343	-27.588	-12.329	-18.094	-7.432	-131.457	0.00	0.00	0.00	0.00000	0.00000	0.00000	0.00000
WT1(E604078EA627)	3.91	13104	 2021-05-17 20:39:55.367	0.376	0.927	-0.142	3.784	-3.052	36.865	98.427	-20.314	163.504	0.00	0.00	0.00	0.00000	0.00000	0.00000	0.00000
WT2(D8:09:BF:40:2B:C3)	3.95	13103	 2021-05-17 20:39:55.410	0.227	-0.347	0.931	-10.132	-28.870	-5.493	-18.001	-10.613	-130.957	0.00	0.00	0.00	0.00000	0.00000	0.00000	0.00000
WT1(E604078EA627)	3.91	13104	 2021-05-17 20:39:55.464	0.430	0.940	-0.159	14.832	3.601	25.879	99.410	-23.346	162.922	0.00	0.00	0.00	0.00000	0.00000	0.00000	0.00000
WT2(D8:09:BF:40:2B:C3)	3.95	13103	 2021-05-17 20:39:55.564	0.276	-0.311	0.937	0.305	-26.306	-7.202	-17.754	-13.645	-130.408	0.00	0.00	0.00	0.00000	0.00000	0.00000	0.00000
WT1(E604078EA627)	3.91	13104	 2021-05-17 20:39:55.568	0.465	0.895	-0.147	-2.747	6.042	28.748	99.404	-26.219	162.620	0.00	0.00	0.00	0.00000	0.00000	0.00000	0.00000
WT2(D8:09:BF:40:2B:C3)	3.95	13103	 2021-05-17 20:39:55.673	0.309	-0.282	0.928	-12.024	-26.489	-6.836	-18.430	-16.381	-129.842	0.00	0.00	0.00	0.00000	0.00000	0.00000	0.00000
WT1(E604078EA627)	3.91	13104	 2021-05-17 20:39:55.674	0.502	0.901	-0.172	-6.104	7.385	31.616	100.009	-29.224	162.587	0.00	0.00	0.00	0.00000	0.00000	0.00000	0.00000
WT2(D8:09:BF:40:2B:C3)	3.95	13103	 2021-05-17 20:39:55.733	0.354	-0.186	0.917	17.578	-31.311	-5.371	-17.567	-19.528	-129.238	0.00	0.00	0.00	0.00000	0.00000	0.00000	0.00000
WT1(E604078EA627)	3.91	13104	 2021-05-17 20:39:55.765	0.559	0.789	-0.130	1.099	4.761	33.081	100.113	-32.459	162.191	0.00	0.00	0.00	0.00000	0.00000	0.00000	0.00000
WT2(D8:09:BF:40:2B:C3)	3.95	13103	 2021-05-17 20:39:55.797	0.392	-0.304	0.887	13.916	-33.386	-3.967	-18.803	-22.500	-128.496	0.00	0.00	0.00	0.00000	0.00000	0.00000	0.00000
WT1(E604078EA627)	3.91	13104	 2021-05-17 20:39:55.868	0.615	0.798	-0.156	-7.629	6.775	35.217	100.805	-35.843	162.048	0.00	0.00	0.00	0.00000	0.00000	0.00000	0.00000
WT2(D8:09:BF:40:2B:C3)	3.95	13103	 2021-05-17 20:39:55.936	0.447	-0.277	0.824	-2.625	-34.790	-0.183	-18.803	-25.867	-127.678	0.00	0.00	0.00	0.00000	0.00000	0.00000	0.00000
WT1(E604078EA627)	3.91	13104	 2021-05-17 20:39:55.973	0.670	0.802	-0.151	-6.836	5.432	34.485	100.739	-39.540	161.768	0.00	0.00	0.00	0.00000	0.00000	0.00000	0.00000
WT2(D8:09:BF:40:2B:C3)	3.95	13103	 2021-05-17 20:39:56.049	0.514	-0.286	0.780	3.601	-36.743	-2.686	-20.072	-29.240	-126.953	0.00	0.00	0.00	0.00000	0.00000	0.00000	0.00000
WT1(E604078EA627)	3.91	13104	 2021-05-17 20:39:56.064	0.734	0.802	-0.149	-7.202	12.939	37.415	100.410	-43.391	161.636	0.00	0.00	0.00	0.00000	0.00000	0.00000	0.00000
WT2(D8:09:BF:40:2B:C3)	3.95	13103	 2021-05-17 20:39:56.102	0.577	-0.313	0.804	5.676	-35.278	-4.944	-21.824	-32.613	-126.238	0.00	0.00	0.00	0.00000	0.00000	0.00000	0.00000
WT1(E604078EA627)	3.91	13104	 2021-05-17 20:39:56.171	0.766	0.660	-0.127	-38.696	3.296	37.537	98.102	-47.214	161.873	0.00	0.00	0.00	0.00000	0.00000	0.00000	0.00000
WT2(D8:09:BF:40:2B:C3)	3.95	13103	 2021-05-17 20:39:56.182	0.626	-0.248	0.756	-38.574	-30.884	-4.272	-23.456	-35.920	-125.887	0.00	0.00	0.00	0.00000	0.00000	0.00000	0.00000
WT1(E604078EA627)	3.91	13104	 2021-05-17 20:39:56.276	0.809	0.543	-0.084	-32.837	1.587	36.377	97.454	-50.889	161.257	0.00	0.00	0.00	0.00000	0.00000	0.00000	0.00000
WT2(D8:09:BF:40:2B:C3)	3.95	13103	 2021-05-17 20:39:56.291	0.680	-0.168	0.714	-15.991	-33.875	-1.648	-25.137	-39.040	-125.403	0.00	0.00	0.00	0.00000	0.00000	0.00000	0.00000
WT1(E604078EA627)	3.91	13104	 2021-05-17 20:39:56.379	0.849	0.505	-0.085	-21.362	5.554	40.344	95.663	-54.937	161.104	0.00	0.00	0.00	0.00000	0.00000	0.00000	0.00000
WT2(D8:09:BF:40:2B:C3)	3.95	13103	 2021-05-17 20:39:56.389	0.733	-0.301	0.670	-8.545	-35.645	-6.897	-28.202	-42.198	-124.920	0.00	0.00	0.00	0.00000	0.00000	0.00000	0.00000
WT1(E604078EA627)	3.91	13104	 2021-05-17 20:39:56.469	0.911	0.493	-0.060	-19.409	3.113	47.485	95.180	-59.238	160.115	0.00	0.00	0.00	0.00000	0.00000	0.00000	0.00000
WT2(D8:09:BF:40:2B:C3)	3.95	13103	 2021-05-17 20:39:56.483	0.773	-0.354	0.655	-12.573	-35.278	-10.498	-30.685	-45.643	-124.420	0.00	0.00	0.00	0.00000	0.00000	0.00000	0.00000
WT1(E604078EA627)	3.91	13104	 2021-05-17 20:39:56.573	0.974	0.423	-0.069	13.489	-0.916	38.086	98.405	-62.875	158.209	0.00	0.00	0.00	0.00000	0.00000	0.00000	0.00000
WT2(D8:09:BF:40:2B:C3)	3.95	13103	 2021-05-17 20:39:56.583	0.850	-0.277	0.625	14.038	-38.391	-10.071	-31.190	-49.477	-123.838	0.00	0.00	0.00	0.00000	0.00000	0.00000	0.00000
WT1(E604078EA627)	3.91	13104	 2021-05-17 20:39:56.708	1.005	0.358	-0.069	-30.518	-3.662	35.889	98.646	-66.434	156.940	0.00	0.00	0.00	0.00000	0.00000	0.00000	0.00000
WT2(D8:09:BF:40:2B:C3)	3.95	13103	 2021-05-17 20:39:56.753	0.875	-0.291	0.540	-23.987	-33.447	-4.150	-32.800	-52.883	-123.519	0.00	0.00	0.00	0.00000	0.00000	0.00000	0.00000
WT2(D8:09:BF:40:2B:C3)	3.95	13103	 2021-05-17 20:39:56.785	0.903	-0.148	0.445	-11.414	-32.593	-4.639	-35.338	-55.953	-123.047	0.00	0.00	0.00	0.00000	0.00000	0.00000	0.00000
WT1(E604078EA627)	3.91	13104	 2021-05-17 20:39:56.799	0.948	0.233	0.004	21.729	-0.366	30.762	97.355	-70.060	156.808	0.00	0.00	0.00	0.00000	0.00000	0.00000	0.00000
WT1(E604078EA627)	3.91	13104	 2021-05-17 20:39:56.877	0.990	0.320	-0.070	49.072	2.502	22.461	99.855	-72.872	154.737	0.00	0.00	0.00	0.00000	0.00000	0.00000	0.00000
WT2(D8:09:BF:40:2B:C3)	3.95	13103	 2021-05-17 20:39:56.877	0.868	-0.206	0.413	-9.766	-30.273	-0.305	-38.732	-58.425	-121.800	0.00	0.00	0.00	0.00000	0.00000	0.00000	0.00000
WT2(D8:09:BF:40:2B:C3)	3.95	13103	 2021-05-17 20:39:56.969	0.917	-0.145	0.415	-4.944	-23.376	-5.005	-39.078	-60.892	-121.113	0.00	0.00	0.00	0.00000	0.00000	0.00000	0.00000
WT1(E604078EA627)	3.91	13104	 2021-05-17 20:39:56.978	1.023	0.247	-0.022	42.419	-5.066	21.301	102.783	-74.861	152.908	0.00	0.00	0.00	0.00000	0.00000	0.00000	0.00000
WT2(D8:09:BF:40:2B:C3)	3.95	13103	 2021-05-17 20:39:57.066	0.909	-0.218	0.346	23.071	-26.794	-3.357	-41.067	-62.891	-120.059	0.00	0.00	0.00	0.00000	0.00000	0.00000	0.00000
WT1(E604078EA627)	3.91	13104	 2021-05-17 20:39:57.114	1.034	0.231	-0.082	33.997	-7.263	16.235	109.001	-76.712	148.469	0.00	0.00	0.00	0.00000	0.00000	0.00000	0.00000
WT2(D8:09:BF:40:2B:C3)	3.95	13103	 2021-05-17 20:39:57.169	0.934	-0.260	0.289	2.197	-23.254	-2.136	-42.133	-65.220	-118.812	0.00	0.00	0.00	0.00000	0.00000	0.00000	0.00000
WT2(D8:09:BF:40:2B:C3)	3.95	13103	 2021-05-17 20:39:57.265	0.970	-0.229	0.281	-8.301	-20.142	-2.747	-44.330	-67.137	-117.729	0.00	0.00	0.00	0.00000	0.00000	0.00000	0.00000
WT2(D8:09:BF:40:2B:C3)	3.95	13103	 2021-05-17 20:39:57.387	0.963	-0.195	0.263	-7.690	-16.541	0.671	-46.082	-68.698	-116.664	0.00	0.00	0.00	0.00000	0.00000	0.00000	0.00000
WT2(D8:09:BF:40:2B:C3)	3.95	13103	 2021-05-17 20:39:57.460	0.985	-0.209	0.210	-7.996	-12.390	2.808	-48.334	-69.769	-115.565	0.00	0.00	0.00	0.00000	0.00000	0.00000	0.00000
WT1(E604078EA627)	3.91	13104	 2021-05-17 20:39:57.503	1.033	0.250	-0.043	14.343	-5.493	22.034	114.868	-78.475	144.069	0.00	0.00	0.00	0.00000	0.00000	0.00000	0.00000
WT1(E604078EA627)	3.91	13104	 2021-05-17 20:39:57.505	1.015	0.214	-0.072	36.072	-6.592	13.245	122.316	-80.052	137.038	0.00	0.00	0.00	0.00000	0.00000	0.00000	0.00000
WT1(E604078EA627)	3.91	13104	 2021-05-17 20:39:57.505	1.041	0.200	-0.079	22.949	2.258	10.254	128.831	-81.024	131.732	0.00	0.00	0.00	0.00000	0.00000	0.00000	0.00000
WT1(E604078EA627)	3.91	13104	 2021-05-17 20:39:57.533	1.001	0.173	-0.070	30.457	-2.319	8.423	132.440	-81.920	129.221	0.00	0.00	0.00	0.00000	0.00000	0.00000	0.00000
WT2(D8:09:BF:40:2B:C3)	3.95	13103	 2021-05-17 20:39:57.572	0.965	-0.227	0.231	-7.751	-9.216	1.770	-50.273	-70.477	-114.483	0.00	0.00	0.00	0.00000	0.00000	0.00000	0.00000
WT2(D8:09:BF:40:2B:C3)	3.95	13103	 2021-05-17 20:39:57.669	0.970	-0.245	0.191	-18.311	-6.836	2.075	-52.053	-71.049	-114.335	0.00	0.00	0.00	0.00000	0.00000	0.00000	0.00000
WT1(E604078EA627)	3.91	13104	 2021-05-17 20:39:57.671	1.025	0.162	-0.119	14.587	-0.427	5.615	138.279	-82.408	124.387	0.00	0.00	0.00	0.00000	0.00000	0.00000	0.00000
WT1(E604078EA627)	3.91	13104	 2021-05-17 20:39:57.684	1.007	0.149	-0.114	16.663	-1.648	4.822	143.421	-82.672	119.663	0.00	0.00	0.00	0.00000	0.00000	0.00000	0.00000
WT2(D8:09:BF:40:2B:C3)	3.95	13103	 2021-05-17 20:39:57.773	0.985	-0.277	0.204	-4.883	-4.333	-0.916	-53.240	-71.537	-114.456	0.00	0.00	0.00	0.00000	0.00000	0.00000	0.00000
WT1(E604078EA627)	3.91	13104	 2021-05-17 20:39:57.833	1.025	0.211	-0.091	-6.104	-5.798	8.118	148.793	-82.332	115.593	0.00	0.00	0.00	0.00000	0.00000	0.00000	0.00000
WT2(D8:09:BF:40:2B:C3)	3.95	13103	 2021-05-17 20:39:57.866	0.961	-0.290	0.181	-8.362	-4.211	2.808	-54.470	-71.609	-115.131	0.00	0.00	0.00	0.00000	0.00000	0.00000	0.00000
WT1(E604078EA627)	3.91	13104	 2021-05-17 20:39:57.909	1.028	0.056	-0.133	-11.292	4.639	6.348	152.018	-82.485	112.126	0.00	0.00	0.00	0.00000	0.00000	0.00000	0.00000
WT2(D8:09:BF:40:2B:C3)	3.95	13103	 2021-05-17 20:39:57.979	0.946	-0.276	0.165	-4.517	-4.211	2.319	-55.646	-71.768	-115.510	0.00	0.00	0.00	0.00000	0.00000	0.00000	0.00000
WT2(D8:09:BF:40:2B:C3)	3.95	13103	 2021-05-17 20:39:58.072	0.968	-0.246	0.143	-0.427	-4.517	-0.122	-56.541	-72.142	-115.950	0.00	0.00	0.00	0.00000	0.00000	0.00000	0.00000
WT1(E604078EA627)	3.91	13104	 2021-05-17 20:39:58.074	1.023	0.025	-0.153	4.395	-0.427	4.028	155.061	-82.672	109.193	0.00	0.00	0.00	0.00000	0.00000	0.00000	0.00000
WT2(D8:09:BF:40:2B:C3)	3.95	13103	 2021-05-17 20:39:58.143	0.964	-0.256	0.153	-9.216	-4.883	0.122	-57.480	-72.543	-116.499	0.00	0.00	0.00	0.00000	0.00000	0.00000	0.00000
WT1(E604078EA627)	3.91	13104	 2021-05-17 20:39:58.149	1.019	0.060	-0.122	4.944	-4.822	5.615	160.093	-82.359	104.628	0.00	0.00	0.00	0.00000	0.00000	0.00000	0.00000
WT1(E604078EA627)	3.91	13104	 2021-05-17 20:39:58.223	0.999	0.106	-0.123	-2.380	1.099	9.766	164.745	-82.617	99.684	0.00	0.00	0.00	0.00000	0.00000	0.00000	0.00000
WT2(D8:09:BF:40:2B:C3)	3.95	13103	 2021-05-17 20:39:58.253	0.988	-0.314	0.182	0.000	-4.456	-1.343	-58.733	-72.784	-116.796	0.00	0.00	0.00	0.00000	0.00000	0.00000	0.00000
WT2(D8:09:BF:40:2B:C3)	3.95	13103	 2021-05-17 20:39:58.347	0.974	-0.232	0.142	4.089	0.610	1.770	-59.019	-72.828	-117.801	0.00	0.00	0.00	0.00000	0.00000	0.00000	0.00000
WT1(E604078EA627)	3.91	13104	 2021-05-17 20:39:58.390	1.036	0.054	-0.126	0.061	-2.991	0.793	166.690	-82.568	97.960	0.00	0.00	0.00	0.00000	0.00000	0.00000	0.00000
WT2(D8:09:BF:40:2B:C3)	3.95	13103	 2021-05-17 20:39:58.455	0.956	-0.171	0.136	3.052	-2.014	0.671	-59.387	-72.867	-119.081	0.00	0.00	0.00	0.00000	0.00000	0.00000	0.00000
WT1(E604078EA627)	3.91	13104	 2021-05-17 20:39:58.463	1.020	-0.010	-0.122	0.427	-0.305	-0.305	167.399	-82.408	96.542	0.00	0.00	0.00	0.00000	0.00000	0.00000	0.00000
WT2(D8:09:BF:40:2B:C3)	3.95	13103	 2021-05-17 20:39:58.545	0.978	-0.157	0.181	0.122	0.000	1.770	-59.832	-72.850	-120.157	0.00	0.00	0.00	0.00000	0.00000	0.00000	0.00000
WT1(E604078EA627)	3.91	13104	 2021-05-17 20:39:58.613	1.032	0.005	-0.115	-6.226	1.160	2.869	169.393	-82.694	93.587	0.00	0.00	0.00	0.00000	0.00000	0.00000	0.00000
WT1(E604078EA627)	3.91	13104	 2021-05-17 20:39:58.615	1.007	0.029	-0.115	-5.737	4.333	2.197	170.255	-82.991	91.824	0.00	0.00	0.00	0.00000	0.00000	0.00000	0.00000
WT2(D8:09:BF:40:2B:C3)	3.95	13103	 2021-05-17 20:39:58.654	0.953	-0.204	0.162	-1.648	-1.770	2.014	-60.617	-72.779	-120.970	0.00	0.00	0.00	0.00000	0.00000	0.00000	0.00000
WT1(E604078EA627)	3.91	13104	 2021-05-17 20:39:58.715	1.025	0.023	-0.131	0.977	0.305	1.282	172.194	-83.260	89.901	0.00	0.00	0.00	0.00000	0.00000	0.00000	0.00000
WT2(D8:09:BF:40:2B:C3)	3.95	13103	 2021-05-17 20:39:58.747	0.983	-0.245	0.132	-5.249	1.404	0.549	-61.084	-72.784	-121.657	0.00	0.00	0.00	0.00000	0.00000	0.00000	0.00000
