设备名称	电压	版本	片上时间	加速度X(g)	加速度Y(g)	加速度Z(g)	角速度X(°/s)	角速度Y(°/s)	角速度Z(°/s)	角度X(°)	角度Y(°)	角度Z(°)	磁场X	磁场Y	磁场Z	四元数0	四元数1	四元数2	四元数3	状态
WT2(D8:09:BF:40:2B:C3)	3.95	13103	 2021-05-17 20:38:58.398	0.979	-0.215	0.055	0.610	0.610	0.916	-77.454	-74.921	-136.121	0.00	0.00	0.00	0.00000	0.00000	0.00000	0.00000
WT1(E604078EA627)	3.91	13104	 2021-05-17 20:38:58.404	1.014	-0.012	-0.098	1.404	0.732	-0.366	-166.597	-84.051	63.419	0.00	0.00	0.00	0.00000	0.00000	0.00000	0.00000
WT1(E604078EA627)	3.91	13104	 2021-05-17 20:38:58.493	1.029	-0.011	-0.116	-5.310	1.221	0.610	-166.783	-84.056	63.550	0.00	0.00	0.00	0.00000	0.00000	0.00000	0.00000
WT2(D8:09:BF:40:2B:C3)	3.95	13103	 2021-05-17 20:38:58.508	0.989	-0.224	0.048	0.427	0.122	2.014	-77.487	-74.806	-135.945	0.00	0.00	0.00	0.00000	0.00000	0.00000	0.00000
WT2(D8:09:BF:40:2B:C3)	3.95	13103	 2021-05-17 20:38:58.599	0.978	-0.226	0.040	-2.258	0.916	0.854	-77.547	-74.767	-136.159	0.00	0.00	0.00	0.00000	0.00000	0.00000	0.00000
WT1(E604078EA627)	3.91	13104	 2021-05-17 20:38:58.601	1.034	-0.041	-0.112	-0.366	0.244	-0.854	-166.723	-84.034	63.166	0.00	0.00	0.00	0.00000	0.00000	0.00000	0.00000
WT2(D8:09:BF:40:2B:C3)	3.95	13103	 2021-05-17 20:38:58.693	0.974	-0.228	0.048	-1.282	1.282	0.366	-77.146	-74.828	-136.582	0.00	0.00	0.00	0.00000	0.00000	0.00000	0.00000
WT1(E604078EA627)	3.91	13104	 2021-05-17 20:38:58.719	1.028	-0.026	-0.099	4.456	0.366	-1.099	-167.432	-84.084	63.951	0.00	0.00	0.00	0.00000	0.00000	0.00000	0.00000
WT2(D8:09:BF:40:2B:C3)	3.95	13103	 2021-05-17 20:38:58.786	0.985	-0.227	0.066	-0.488	1.892	0.610	-76.564	-74.784	-136.989	0.00	0.00	0.00	0.00000	0.00000	0.00000	0.00000
WT1(E604078EA627)	3.91	13104	 2021-05-17 20:38:58.809	1.028	-0.019	-0.102	2.197	-0.854	-1.038	-167.860	-84.249	64.539	0.00	0.00	0.00	0.00000	0.00000	0.00000	0.00000
WT2(D8:09:BF:40:2B:C3)	3.95	13103	 2021-05-17 20:38:58.896	0.979	-0.224	0.054	2.441	2.380	-0.427	-75.861	-74.729	-137.626	0.00	0.00	0.00	0.00000	0.00000	0.00000	0.00000
WT1(E604078EA627)	3.91	13104	 2021-05-17 20:38:58.900	1.012	-0.035	-0.128	3.540	-3.784	-3.235	-169.937	-84.106	66.747	0.00	0.00	0.00	0.00000	0.00000	0.00000	0.00000
WT2(D8:09:BF:40:2B:C3)	3.95	13103	 2021-05-17 20:38:59.047	0.991	-0.220	0.065	-0.305	3.235	-2.380	-74.811	-74.949	-138.647	0.00	0.00	0.00	0.00000	0.00000	0.00000	0.00000
WT1(E604078EA627)	3.91	13104	 2021-05-17 20:38:59.079	1.026	-0.015	-0.115	2.319	-4.333	-2.319	-172.848	-83.743	69.780	0.00	0.00	0.00	0.00000	0.00000	0.00000	0.00000
WT2(D8:09:BF:40:2B:C3)	3.95	13103	 2021-05-17 20:38:59.094	0.981	-0.236	0.082	3.052	3.723	-0.916	-73.279	-75.086	-140.059	0.00	0.00	0.00	0.00000	0.00000	0.00000	0.00000
WT2(D8:09:BF:40:2B:C3)	3.95	13103	 2021-05-17 20:38:59.186	0.977	-0.223	0.096	0.061	7.629	2.441	-70.862	-74.899	-142.059	0.00	0.00	0.00	0.00000	0.00000	0.00000	0.00000
WT1(E604078EA627)	3.91	13104	 2021-05-17 20:38:59.243	1.043	0.015	-0.098	5.066	-4.028	-5.432	-176.517	-83.463	73.680	0.00	0.00	0.00	0.00000	0.00000	0.00000	0.00000
WT1(E604078EA627)	3.91	13104	 2021-05-17 20:38:59.245	1.027	0.015	-0.108	12.207	-0.244	-10.742	177.270	-83.359	80.211	0.00	0.00	0.00	0.00000	0.00000	0.00000	0.00000
WT2(D8:09:BF:40:2B:C3)	3.95	13103	 2021-05-17 20:38:59.297	0.986	-0.215	0.128	4.517	12.634	3.296	-67.516	-74.372	-144.426	0.00	0.00	0.00	0.00000	0.00000	0.00000	0.00000
WT1(E604078EA627)	3.91	13104	 2021-05-17 20:38:59.334	1.022	0.074	-0.141	10.925	-1.892	-15.930	167.075	-83.123	91.258	0.00	0.00	0.00	0.00000	0.00000	0.00000	0.00000
WT2(D8:09:BF:40:2B:C3)	3.95	13103	 2021-05-17 20:38:59.387	0.984	-0.183	0.150	18.860	15.747	2.625	-62.589	-73.575	-148.211	0.00	0.00	0.00	0.00000	0.00000	0.00000	0.00000
WT1(E604078EA627)	3.91	13104	 2021-05-17 20:38:59.409	1.057	0.061	-0.153	14.343	-0.244	-22.949	154.171	-82.189	105.430	0.00	0.00	0.00	0.00000	0.00000	0.00000	0.00000
WT2(D8:09:BF:40:2B:C3)	3.95	13103	 2021-05-17 20:38:59.468	0.957	-0.302	0.157	34.302	14.160	1.587	-56.404	-72.614	-152.375	0.00	0.00	0.00	0.00000	0.00000	0.00000	0.00000
WT1(E604078EA627)	3.91	13104	 2021-05-17 20:38:59.559	1.032	0.183	-0.159	-24.658	-2.686	-14.771	143.707	-80.760	117.664	0.00	0.00	0.00	0.00000	0.00000	0.00000	0.00000
WT2(D8:09:BF:40:2B:C3)	3.95	13103	 2021-05-17 20:38:59.572	0.982	-0.315	0.170	-17.944	20.203	5.005	-51.636	-71.290	-156.934	0.00	0.00	0.00	0.00000	0.00000	0.00000	0.00000
WT1(E604078EA627)	3.91	13104	 2021-05-17 20:38:59.636	1.027	0.162	-0.138	-11.841	-1.465	-17.456	135.456	-79.431	125.458	0.00	0.00	0.00	0.00000	0.00000	0.00000	0.00000
WT2(D8:09:BF:40:2B:C3)	3.95	13103	 2021-05-17 20:38:59.668	0.963	-0.234	0.234	-7.080	22.095	4.883	-46.912	-69.642	-160.582	0.00	0.00	0.00	0.00000	0.00000	0.00000	0.00000
WT1(E604078EA627)	3.91	13104	 2021-05-17 20:38:59.709	1.036	0.285	-0.166	-16.357	-0.977	-23.315	127.798	-77.531	133.347	0.00	0.00	0.00	0.00000	0.00000	0.00000	0.00000
WT2(D8:09:BF:40:2B:C3)	3.95	13103	 2021-05-17 20:38:59.774	0.952	-0.269	0.297	-8.118	30.090	5.798	-42.374	-67.352	-164.509	0.00	0.00	0.00	0.00000	0.00000	0.00000	0.00000
WT1(E604078EA627)	3.91	13104	 2021-05-17 20:38:59.814	1.049	0.294	-0.164	-13.977	-3.601	-33.508	121.284	-74.619	139.691	0.00	0.00	0.00	0.00000	0.00000	0.00000	0.00000
WT2(D8:09:BF:40:2B:C3)	3.95	13103	 2021-05-17 20:38:59.864	0.933	-0.244	0.360	0.549	38.696	4.639	-37.529	-64.358	-168.322	0.00	0.00	0.00	0.00000	0.00000	0.00000	0.00000
WT1(E604078EA627)	3.91	13104	 2021-05-17 20:38:59.963	1.044	0.318	-0.165	-16.479	-5.188	-42.480	115.510	-70.845	145.190	0.00	0.00	0.00	0.00000	0.00000	0.00000	0.00000
WT2(D8:09:BF:40:2B:C3)	3.95	13103	 2021-05-17 20:38:59.976	0.917	-0.289	0.411	5.737	45.532	5.676	-33.228	-60.507	-171.777	0.00	0.00	0.00	0.00000	0.00000	0.00000	0.00000
WT1(E604078EA627)	3.91	13104	 2021-05-17 20:39:00.038	1.010	0.350	-0.149	-9.094	-7.996	-48.706	111.473	-66.297	149.084	0.00	0.00	0.00	0.00000	0.00000	0.00000	0.00000
WT2(D8:09:BF:40:2B:C3)	3.95	13103	 2021-05-17 20:39:00.099	0.857	-0.269	0.470	9.827	48.340	6.775	-29.284	-56.146	-174.216	0.00	0.00	0.00	0.00000	0.00000	0.00000	0.00000
WT1(E604078EA627)	3.91	13104	 2021-05-17 20:39:00.189	0.946	0.367	-0.137	-3.906	-2.319	-50.049	108.413	-61.540	151.870	0.00	0.00	0.00	0.00000	0.00000	0.00000	0.00000
WT2(D8:09:BF:40:2B:C3)	3.95	13103	 2021-05-17 20:39:00.200	0.801	-0.262	0.520	5.920	46.326	7.690	-26.499	-51.702	-175.446	0.00	0.00	0.00	0.00000	0.00000	0.00000	0.00000
WT1(E604078EA627)	3.91	13104	 2021-05-17 20:39:00.219	0.884	0.439	-0.139	-8.118	-0.671	-43.152	105.738	-57.360	153.891	0.00	0.00	0.00	0.00000	0.00000	0.00000	0.00000
WT2(D8:09:BF:40:2B:C3)	3.95	13103	 2021-05-17 20:39:00.321	0.751	-0.287	0.565	12.512	36.255	8.850	-24.846	-47.747	-175.413	0.00	0.00	0.00	0.00000	0.00000	0.00000	0.00000
WT1(E604078EA627)	3.91	13104	 2021-05-17 20:39:00.339	0.833	0.442	-0.125	-7.629	-1.038	-33.081	103.975	-54.036	155.006	0.00	0.00	0.00	0.00000	0.00000	0.00000	0.00000
WT2(D8:09:BF:40:2B:C3)	3.95	13103	 2021-05-17 20:39:00.410	0.701	-0.286	0.631	9.888	29.480	5.615	-23.945	-44.451	-174.556	0.00	0.00	0.00	0.00000	0.00000	0.00000	0.00000
WT1(E604078EA627)	3.91	13104	 2021-05-17 20:39:00.419	0.792	0.578	-0.161	20.874	-1.831	-28.687	103.277	-51.443	155.550	0.00	0.00	0.00	0.00000	0.00000	0.00000	0.00000
WT2(D8:09:BF:40:2B:C3)	3.95	13103	 2021-05-17 20:39:00.520	0.702	-0.243	0.673	21.606	21.118	3.418	-22.544	-41.935	-173.370	0.00	0.00	0.00	0.00000	0.00000	0.00000	0.00000
WT1(E604078EA627)	3.91	13104	 2021-05-17 20:39:00.522	0.801	0.760	-0.181	5.066	-5.981	-26.306	104.013	-48.856	155.687	0.00	0.00	0.00	0.00000	0.00000	0.00000	0.00000
WT2(D8:09:BF:40:2B:C3)	3.95	13103	 2021-05-17 20:39:00.596	0.671	-0.253	0.707	12.207	24.170	2.014	-21.083	-39.666	-172.073	0.00	0.00	0.00	0.00000	0.00000	0.00000	0.00000
WT1(E604078EA627)	3.91	13104	 2021-05-17 20:39:00.643	0.760	0.729	-0.167	-5.798	-5.798	-28.015	103.239	-46.203	156.000	0.00	0.00	0.00	0.00000	0.00000	0.00000	0.00000
WT2(D8:09:BF:40:2B:C3)	3.95	13103	 2021-05-17 20:39:00.672	0.636	-0.287	0.739	3.418	28.503	4.761	-20.627	-36.991	-170.804	0.00	0.00	0.00	0.00000	0.00000	0.00000	0.00000
WT1(E604078EA627)	3.91	13104	 2021-05-17 20:39:00.759	0.726	0.750	-0.166	-13.245	-4.639	-28.992	102.925	-43.215	156.215	0.00	0.00	0.00	0.00000	0.00000	0.00000	0.00000
WT2(D8:09:BF:40:2B:C3)	3.95	13103	 2021-05-17 20:39:00.797	0.596	-0.207	0.789	0.671	31.677	4.150	-19.451	-34.211	-169.519	0.00	0.00	0.00	0.00000	0.00000	0.00000	0.00000
WT1(E604078EA627)	3.91	13104	 2021-05-17 20:39:00.834	0.673	0.711	-0.161	-15.198	-2.197	-27.283	102.415	-40.248	156.478	0.00	0.00	0.00	0.00000	0.00000	0.00000	0.00000
WT2(D8:09:BF:40:2B:C3)	3.95	13103	 2021-05-17 20:39:00.873	0.540	-0.226	0.805	-6.470	30.212	5.798	-18.534	-31.426	-168.036	0.00	0.00	0.00	0.00000	0.00000	0.00000	0.00000
WT1(E604078EA627)	3.91	13104	 2021-05-17 20:39:00.924	0.637	0.740	-0.161	-6.653	-1.099	-25.818	101.635	-37.617	156.808	0.00	0.00	0.00	0.00000	0.00000	0.00000	0.00000
WT2(D8:09:BF:40:2B:C3)	3.95	13103	 2021-05-17 20:39:00.987	0.512	-0.250	0.796	-6.775	25.696	6.592	-18.325	-28.768	-166.371	0.00	0.00	0.00	0.00000	0.00000	0.00000	0.00000
WT1(E604078EA627)	3.91	13104	 2021-05-17 20:39:01.058	0.597	0.932	-0.195	24.902	-7.446	-32.532	102.206	-34.931	157.050	0.00	0.00	0.00	0.00000	0.00000	0.00000	0.00000
WT1(E604078EA627)	3.91	13104	 2021-05-17 20:39:01.163	0.542	0.888	-0.177	-6.226	-1.038	-25.818	102.255	-32.250	157.291	0.00	0.00	0.00	0.00000	0.00000	0.00000	0.00000
WT2(D8:09:BF:40:2B:C3)	3.95	13103	 2021-05-17 20:39:01.224	0.415	-0.208	0.874	11.536	27.100	4.150	-16.556	-23.912	-163.010	0.00	0.00	0.00	0.00000	0.00000	0.00000	0.00000
WT2(D8:09:BF:40:2B:C3)	3.95	13103	 2021-05-17 20:39:01.250	0.387	-0.192	0.889	0.549	27.344	6.958	-16.809	-21.330	-161.147	0.00	0.00	0.00	0.00000	0.00000	0.00000	0.00000
WT1(E604078EA627)	3.91	13104	 2021-05-17 20:39:01.299	0.500	0.927	-0.155	-11.536	0.977	-24.963	101.398	-29.822	157.928	0.00	0.00	0.00	0.00000	0.00000	0.00000	0.00000
WT2(D8:09:BF:40:2B:C3)	3.95	13103	 2021-05-17 20:39:01.357	0.346	-0.245	0.890	-10.437	24.353	6.958	-16.765	-18.885	-159.269	0.00	0.00	0.00	0.00000	0.00000	0.00000	0.00000
WT1(E604078EA627)	3.91	13104	 2021-05-17 20:39:01.388	0.479	0.828	-0.177	-20.691	-0.793	-21.118	100.437	-27.466	158.368	0.00	0.00	0.00	0.00000	0.00000	0.00000	0.00000
WT2(D8:09:BF:40:2B:C3)	3.95	13103	 2021-05-17 20:39:01.452	0.315	-0.286	0.908	-7.019	23.071	5.005	-16.946	-16.573	-157.544	0.00	0.00	0.00	0.00000	0.00000	0.00000	0.00000
WT1(E604078EA627)	3.91	13104	 2021-05-17 20:39:01.483	0.444	0.852	-0.171	-5.005	-3.296	-21.790	99.459	-25.291	158.533	0.00	0.00	0.00	0.00000	0.00000	0.00000	0.00000
WT1(E604078EA627)	3.91	13104	 2021-05-17 20:39:01.539	0.407	1.026	-0.182	14.038	-6.348	-27.771	99.300	-23.011	158.560	0.00	0.00	0.00	0.00000	0.00000	0.00000	0.00000
WT2(D8:09:BF:40:2B:C3)	3.95	13103	 2021-05-17 20:39:01.574	0.278	-0.233	0.944	11.719	23.376	2.197	-16.820	-14.304	-156.028	0.00	0.00	0.00	0.00000	0.00000	0.00000	0.00000
WT1(E604078EA627)	3.91	13104	 2021-05-17 20:39:01.703	0.374	1.075	-0.166	-4.700	-7.263	-31.982	99.305	-20.034	158.588	0.00	0.00	0.00	0.00000	0.00000	0.00000	0.00000
WT2(D8:09:BF:40:2B:C3)	3.95	13103	 2021-05-17 20:39:01.726	0.241	-0.150	0.975	8.301	32.471	2.808	-16.078	-11.624	-154.709	0.00	0.00	0.00	0.00000	0.00000	0.00000	0.00000
WT1(E604078EA627)	3.91	13104	 2021-05-17 20:39:01.748	0.318	1.012	-0.132	-20.447	-4.883	-31.738	98.047	-16.897	158.676	0.00	0.00	0.00	0.00000	0.00000	0.00000	0.00000
WT2(D8:09:BF:40:2B:C3)	3.95	13103	 2021-05-17 20:39:01.760	0.177	-0.247	0.951	14.282	32.104	3.174	-16.403	-8.383	-153.457	0.00	0.00	0.00	0.00000	0.00000	0.00000	0.00000
WT1(E604078EA627)	3.91	13104	 2021-05-17 20:39:01.868	0.272	0.947	-0.126	-28.198	-2.808	-32.898	97.443	-13.442	158.796	0.00	0.00	0.00	0.00000	0.00000	0.00000	0.00000
WT1(E604078EA627)	3.91	13104	 2021-05-17 20:39:01.949	0.170	0.736	-0.093	12.695	-2.747	-36.011	96.927	-10.135	159.038	0.00	0.00	0.00	0.00000	0.00000	0.00000	0.00000
WT2(D8:09:BF:40:2B:C3)	3.95	13103	 2021-05-17 20:39:01.977	0.130	-0.180	0.971	1.404	36.194	6.104	-15.985	-5.004	-152.095	0.00	0.00	0.00	0.00000	0.00000	0.00000	0.00000
WT1(E604078EA627)	3.91	13104	 2021-05-17 20:39:02.049	0.159	1.036	-0.112	5.005	-0.916	-30.334	97.267	-7.119	159.505	0.00	0.00	0.00	0.00000	0.00000	0.00000	0.00000
WT2(D8:09:BF:40:2B:C3)	3.95	13103	 2021-05-17 20:39:02.070	0.025	-0.314	0.913	-14.587	33.875	9.705	-16.512	-1.582	-150.645	0.00	0.00	0.00	0.00000	0.00000	0.00000	0.00000
WT2(D8:09:BF:40:2B:C3)	3.95	13103	 2021-05-17 20:39:02.075	0.029	-0.292	0.941	2.563	23.926	8.606	-15.760	1.115	-149.068	0.00	0.00	0.00	0.00000	0.00000	0.00000	0.00000
WT2(D8:09:BF:40:2B:C3)	3.95	13103	 2021-05-17 20:39:02.147	-0.021	-0.103	0.985	6.104	25.818	6.409	-15.007	3.691	-147.409	0.00	0.00	0.00	0.00000	0.00000	0.00000	0.00000
WT1(E604078EA627)	3.91	13104	 2021-05-17 20:39:02.154	0.053	0.790	-0.095	-11.169	0.183	-22.461	96.855	-4.477	160.120	0.00	0.00	0.00	0.00000	0.00000	0.00000	0.00000
WT2(D8:09:BF:40:2B:C3)	3.95	13103	 2021-05-17 20:39:02.256	-0.071	-0.169	0.969	-17.090	27.405	5.249	-15.084	5.988	-145.673	0.00	0.00	0.00	0.00000	0.00000	0.00000	0.00000
WT1(E604078EA627)	3.91	13104	 2021-05-17 20:39:02.261	0.008	0.873	-0.119	1.831	-0.061	-16.724	96.498	-2.357	160.719	0.00	0.00	0.00	0.00000	0.00000	0.00000	0.00000
WT2(D8:09:BF:40:2B:C3)	3.95	13103	 2021-05-17 20:39:02.349	-0.145	-0.229	0.917	-18.677	15.442	5.676	-15.403	7.625	-144.091	0.00	0.00	0.00	0.00000	0.00000	0.00000	0.00000
WT1(E604078EA627)	3.91	13104	 2021-05-17 20:39:02.350	-0.033	0.864	-0.117	13.245	-0.427	-12.329	96.070	-0.983	161.279	0.00	0.00	0.00	0.00000	0.00000	0.00000	0.00000
WT1(E604078EA627)	3.91	13104	 2021-05-17 20:39:02.458	-0.008	1.020	-0.097	2.747	2.258	-3.967	96.273	-0.275	161.642	0.00	0.00	0.00	0.00000	0.00000	0.00000	0.00000
WT2(D8:09:BF:40:2B:C3)	3.95	13103	 2021-05-17 20:39:02.472	-0.140	-0.339	0.884	-5.554	3.601	2.563	-15.568	8.470	-142.608	0.00	0.00	0.00	0.00000	0.00000	0.00000	0.00000
WT1(E604078EA627)	3.91	13104	 2021-05-17 20:39:02.589	-0.007	0.950	-0.102	-11.047	2.319	5.249	96.669	-0.093	161.977	0.00	0.00	0.00	0.00000	0.00000	0.00000	0.00000
WT1(E604078EA627)	3.91	13104	 2021-05-17 20:39:02.650	-0.004	0.789	-0.106	-0.610	2.319	9.094	97.240	-0.319	162.175	0.00	0.00	0.00	0.00000	0.00000	0.00000	0.00000
WT1(E604078EA627)	3.91	13104	 2021-05-17 20:39:02.815	0.007	0.879	-0.126	13.306	-0.244	9.094	97.537	-1.241	162.444	0.00	0.00	0.00	0.00000	0.00000	0.00000	0.00000
WT2(D8:09:BF:40:2B:C3)	3.95	13103	 2021-05-17 20:39:02.827	-0.130	-0.171	0.939	11.230	-3.601	-0.793	-15.123	8.575	-141.290	0.00	0.00	0.00	0.00000	0.00000	0.00000	0.00000
WT2(D8:09:BF:40:2B:C3)	3.95	13103	 2021-05-17 20:39:02.843	-0.097	-0.066	0.980	-5.981	-3.662	0.549	-14.332	8.273	-139.960	0.00	0.00	0.00	0.00000	0.00000	0.00000	0.00000
WT2(D8:09:BF:40:2B:C3)	3.95	13103	 2021-05-17 20:39:02.844	-0.111	-0.189	0.949	-29.785	-5.737	0.793	-14.052	7.520	-138.658	0.00	0.00	0.00	0.00000	0.00000	0.00000	0.00000
WT2(D8:09:BF:40:2B:C3)	3.95	13103	 2021-05-17 20:39:02.844	-0.085	-0.264	0.901	0.610	-18.005	-2.686	-14.617	6.257	-137.488	0.00	0.00	0.00	0.00000	0.00000	0.00000	0.00000
WT1(E604078EA627)	3.91	13104	 2021-05-17 20:39:02.877	0.057	1.001	-0.123	1.648	5.188	18.066	98.174	-2.659	162.636	0.00	0.00	0.00	0.00000	0.00000	0.00000	0.00000
WT2(D8:09:BF:40:2B:C3)	3.95	13103	 2021-05-17 20:39:02.951	-0.036	-0.279	0.925	10.681	-24.048	-3.357	-14.568	4.213	-136.340	0.00	0.00	0.00	0.00000	0.00000	0.00000	0.00000
WT1(E604078EA627)	3.91	13104	 2021-05-17 20:39:02.966	0.082	0.881	-0.127	-0.427	7.019	25.146	98.410	-4.911	162.894	0.00	0.00	0.00	0.00000	0.00000	0.00000	0.00000
WT2(D8:09:BF:40:2B:C3)	3.95	13103	 2021-05-17 20:39:03.032	-0.019	-0.235	0.963	2.502	-25.574	-3.296	-14.870	1.791	-135.121	0.00	0.00	0.00	0.00000	0.00000	0.00000	0.00000
WT1(E604078EA627)	3.91	13104	 2021-05-17 20:39:03.054	0.132	1.017	-0.174	30.579	5.493	24.719	99.635	-7.537	163.163	0.00	0.00	0.00	0.00000	0.00000	0.00000	0.00000
WT2(D8:09:BF:40:2B:C3)	3.95	13103	 2021-05-17 20:39:03.154	0.011	-0.358	0.950	-20.081	-30.762	-0.854	-14.771	-1.241	-133.863	0.00	0.00	0.00	0.00000	0.00000	0.00000	0.00000
WT1(E604078EA627)	3.91	13104	 2021-05-17 20:39:03.158	0.197	1.101	-0.179	4.395	11.475	32.349	100.657	-10.783	163.394	0.00	0.00	0.00	0.00000	0.00000	0.00000	0.00000
WT2(D8:09:BF:40:2B:C3)	3.95	13103	 2021-05-17 20:39:03.246	0.083	-0.397	0.909	-25.635	-31.921	-1.160	-14.799	-4.598	-132.567	0.00	0.00	0.00	0.00000	0.00000	0.00000	0.00000
WT1(E604078EA627)	3.91	13104	 2021-05-17 20:39:03.264	0.259	0.971	-0.172	-4.578	9.155	35.767	100.289	-14.464	163.663	0.00	0.00	0.00	0.00000	0.00000	0.00000	0.00000
WT1(E604078EA627)	3.91	13104	 2021-05-17 20:39:03.369	0.324	0.875	-0.180	-11.414	9.399	38.025	100.377	-18.034	163.619	0.00	0.00	0.00	0.00000	0.00000	0.00000	0.00000
WT2(D8:09:BF:40:2B:C3)	3.95	13103	 2021-05-17 20:39:03.426	0.173	-0.279	0.941	-1.038	-34.607	-4.517	-14.974	-7.976	-131.517	0.00	0.00	0.00	0.00000	0.00000	0.00000	0.00000
WT2(D8:09:BF:40:2B:C3)	3.95	13103	 2021-05-17 20:39:03.445	0.236	-0.191	0.958	9.155	-34.180	-5.859	-15.375	-11.382	-130.556	0.00	0.00	0.00	0.00000	0.00000	0.00000	0.00000
WT1(E604078EA627)	3.91	13104	 2021-05-17 20:39:03.459	0.385	0.876	-0.183	3.174	5.127	33.630	100.915	-21.495	163.449	0.00	0.00	0.00	0.00000	0.00000	0.00000	0.00000
WT2(D8:09:BF:40:2B:C3)	3.95	13103	 2021-05-17 20:39:03.550	0.262	-0.260	0.940	7.629	-33.875	-5.493	-15.958	-14.694	-129.705	0.00	0.00	0.00	0.00000	0.00000	0.00000	0.00000
WT1(E604078EA627)	3.91	13104	 2021-05-17 20:39:03.563	0.451	0.988	-0.223	-6.348	4.028	34.424	101.646	-24.944	163.163	0.00	0.00	0.00	0.00000	0.00000	0.00000	0.00000
WT2(D8:09:BF:40:2B:C3)	3.95	13103	 2021-05-17 20:39:03.647	0.333	-0.338	0.890	1.709	-33.691	-4.333	-16.359	-18.012	-129.001	0.00	0.00	0.00	0.00000	0.00000	0.00000	0.00000
WT1(E604078EA627)	3.91	13104	 2021-05-17 20:39:03.684	0.498	0.882	-0.189	-5.798	2.991	33.264	102.371	-28.218	162.598	0.00	0.00	0.00	0.00000	0.00000	0.00000	0.00000
WT2(D8:09:BF:40:2B:C3)	3.95	13103	 2021-05-17 20:39:03.739	0.380	-0.309	0.881	2.625	-31.433	-4.395	-16.639	-21.143	-128.408	0.00	0.00	0.00	0.00000	0.00000	0.00000	0.00000
WT1(E604078EA627)	3.91	13104	 2021-05-17 20:39:03.758	0.530	0.794	-0.184	13.062	4.211	29.663	103.173	-31.295	162.164	0.00	0.00	0.00	0.00000	0.00000	0.00000	0.00000
WT2(D8:09:BF:40:2B:C3)	3.95	13103	 2021-05-17 20:39:03.848	0.451	-0.191	0.887	2.319	-29.663	-3.906	-16.397	-24.241	-127.908	0.00	0.00	0.00	0.00000	0.00000	0.00000	0.00000
WT1(E604078EA627)	3.91	13104	 2021-05-17 20:39:03.910	0.571	0.871	-0.215	4.761	7.507	30.945	104.123	-34.288	161.823	0.00	0.00	0.00	0.00000	0.00000	0.00000	0.00000
WT2(D8:09:BF:40:2B:C3)	3.95	13103	 2021-05-17 20:39:03.957	0.477	-0.231	0.817	-12.146	-31.982	-2.686	-16.859	-27.361	-127.436	0.00	0.00	0.00	0.00000	0.00000	0.00000	0.00000
WT1(E604078EA627)	3.91	13104	 2021-05-17 20:39:03.984	0.640	0.806	-0.188	-3.296	6.958	37.903	104.766	-37.645	161.093	0.00	0.00	0.00	0.00000	0.00000	0.00000	0.00000
WT2(D8:09:BF:40:2B:C3)	3.95	13103	 2021-05-17 20:39:04.048	0.535	-0.160	0.828	-5.249	-34.851	-2.930	-17.562	-30.828	-126.859	0.00	0.00	0.00	0.00000	0.00000	0.00000	0.00000
WT1(E604078EA627)	3.91	13104	 2021-05-17 20:39:04.073	0.706	0.701	-0.187	-6.104	9.277	43.701	105.139	-41.710	160.428	0.00	0.00	0.00	0.00000	0.00000	0.00000	0.00000
WT1(E604078EA627)	3.91	13104	 2021-05-17 20:39:04.210	0.753	0.641	-0.198	-2.930	13.000	50.842	106.078	-46.335	159.565	0.00	0.00	0.00	0.00000	0.00000	0.00000	0.00000
WT1(E604078EA627)	3.91	13104	 2021-05-17 20:39:04.268	0.802	0.612	-0.230	14.282	7.874	54.443	108.166	-51.295	158.203	0.00	0.00	0.00	0.00000	0.00000	0.00000	0.00000
WT2(D8:09:BF:40:2B:C3)	3.95	13103	 2021-05-17 20:39:04.279	0.583	-0.221	0.767	-6.165	-40.161	-2.014	-18.896	-34.717	-126.074	0.00	0.00	0.00	0.00000	0.00000	0.00000	0.00000
WT2(D8:09:BF:40:2B:C3)	3.95	13103	 2021-05-17 20:39:04.284	0.615	-0.238	0.713	-8.057	-47.180	-2.502	-19.836	-39.210	-125.162	0.00	0.00	0.00	0.00000	0.00000	0.00000	0.00000
WT2(D8:09:BF:40:2B:C3)	3.95	13103	 2021-05-17 20:39:04.324	0.691	-0.260	0.609	-17.151	-48.645	-1.709	-20.923	-44.088	-124.129	0.00	0.00	0.00	0.00000	0.00000	0.00000	0.00000
WT1(E604078EA627)	3.91	13104	 2021-05-17 20:39:04.373	0.842	0.594	-0.228	12.024	7.446	44.067	110.885	-55.833	156.467	0.00	0.00	0.00	0.00000	0.00000	0.00000	0.00000
WT2(D8:09:BF:40:2B:C3)	3.95	13103	 2021-05-17 20:39:04.422	0.760	-0.256	0.587	-3.845	-45.471	-2.441	-22.220	-48.516	-123.113	0.00	0.00	0.00	0.00000	0.00000	0.00000	0.00000
WT1(E604078EA627)	3.91	13104	 2021-05-17 20:39:04.493	0.885	0.548	-0.236	9.155	4.395	34.790	113.923	-59.266	155.006	0.00	0.00	0.00	0.00000	0.00000	0.00000	0.00000
WT2(D8:09:BF:40:2B:C3)	3.95	13103	 2021-05-17 20:39:04.511	0.865	-0.172	0.578	-8.728	-37.292	-2.991	-22.319	-52.443	-122.816	0.00	0.00	0.00	0.00000	0.00000	0.00000	0.00000
WT1(E604078EA627)	3.91	13104	 2021-05-17 20:39:04.585	0.933	0.587	-0.242	-10.437	9.338	38.879	117.345	-62.699	152.073	0.00	0.00	0.00	0.00000	0.00000	0.00000	0.00000
WT2(D8:09:BF:40:2B:C3)	3.95	13103	 2021-05-17 20:39:04.616	0.891	-0.001	0.511	-14.465	-37.720	-0.366	-23.324	-56.250	-122.629	0.00	0.00	0.00	0.00000	0.00000	0.00000	0.00000
WT2(D8:09:BF:40:2B:C3)	3.95	13103	 2021-05-17 20:39:04.726	0.913	-0.126	0.457	-6.409	-42.114	1.160	-27.197	-59.810	-121.641	0.00	0.00	0.00	0.00000	0.00000	0.00000	0.00000
WT1(E604078EA627)	3.91	13104	 2021-05-17 20:39:04.764	0.924	0.396	-0.180	-13.733	8.850	40.710	119.427	-66.753	148.766	0.00	0.00	0.00	0.00000	0.00000	0.00000	0.00000
WT1(E604078EA627)	3.91	13104	 2021-05-17 20:39:04.793	0.942	0.396	-0.226	24.414	7.385	36.743	124.195	-70.554	144.575	0.00	0.00	0.00	0.00000	0.00000	0.00000	0.00000
WT2(D8:09:BF:40:2B:C3)	3.95	13103	 2021-05-17 20:39:04.818	0.884	-0.028	0.403	34.851	-46.997	-8.606	-27.971	-64.034	-120.476	0.00	0.00	0.00	0.00000	0.00000	0.00000	0.00000
WT1(E604078EA627)	3.91	13104	 2021-05-17 20:39:04.883	1.032	0.416	-0.216	-39.185	12.085	49.316	131.781	-73.663	137.609	0.00	0.00	0.00	0.00000	0.00000	0.00000	0.00000
WT2(D8:09:BF:40:2B:C3)	3.95	13103	 2021-05-17 20:39:04.915	0.935	-0.126	0.370	-29.663	-33.264	-3.967	-30.421	-68.176	-119.377	0.00	0.00	0.00	0.00000	0.00000	0.00000	0.00000
WT1(E604078EA627)	3.91	13104	 2021-05-17 20:39:04.988	1.024	0.203	-0.183	-34.546	10.010	42.114	138.400	-76.987	128.820	0.00	0.00	0.00	0.00000	0.00000	0.00000	0.00000
WT1(E604078EA627)	3.91	13104	 2021-05-17 20:39:05.096	1.027	0.052	-0.146	-22.461	6.958	33.142	146.794	-79.579	118.713	0.00	0.00	0.00	0.00000	0.00000	0.00000	0.00000
WT2(D8:09:BF:40:2B:C3)	3.95	13103	 2021-05-17 20:39:05.111	0.991	-0.176	0.271	-10.437	-26.978	0.000	-43.759	-73.372	-112.626	0.00	0.00	0.00	0.00000	0.00000	0.00000	0.00000
WT1(E604078EA627)	3.91	13104	 2021-05-17 20:39:05.214	1.042	0.090	-0.160	-26.672	13.489	27.649	156.396	-81.480	107.908	0.00	0.00	0.00	0.00000	0.00000	0.00000	0.00000
WT2(D8:09:BF:40:2B:C3)	3.95	13103	 2021-05-17 20:39:05.235	0.980	-0.179	0.242	-23.560	-16.296	1.038	-50.911	-74.778	-108.918	0.00	0.00	0.00	0.00000	0.00000	0.00000	0.00000
WT1(E604078EA627)	3.91	13104	 2021-05-17 20:39:05.288	1.034	0.044	-0.154	13.977	-1.526	8.606	164.713	-82.161	100.212	0.00	0.00	0.00	0.00000	0.00000	0.00000	0.00000
WT2(D8:09:BF:40:2B:C3)	3.95	13103	 2021-05-17 20:39:05.313	0.987	-0.233	0.172	6.042	-11.536	-1.038	-55.629	-75.630	-106.128	0.00	0.00	0.00	0.00000	0.00000	0.00000	0.00000
WT1(E604078EA627)	3.91	13104	 2021-05-17 20:39:05.394	1.020	0.048	-0.146	-0.488	3.845	7.385	169.409	-82.277	95.526	0.00	0.00	0.00	0.00000	0.00000	0.00000	0.00000
WT2(D8:09:BF:40:2B:C3)	3.95	13103	 2021-05-17 20:39:05.437	0.983	-0.177	0.130	-20.630	-2.258	2.197	-57.859	-76.113	-106.035	0.00	0.00	0.00	0.00000	0.00000	0.00000	0.00000
WT1(E604078EA627)	3.91	13104	 2021-05-17 20:39:05.530	1.029	0.041	-0.148	-2.625	-2.380	1.404	169.744	-82.332	95.092	0.00	0.00	0.00	0.00000	0.00000	0.00000	0.00000
WT2(D8:09:BF:40:2B:C3)	3.95	13103	 2021-05-17 20:39:05.544	0.994	-0.179	0.116	-16.174	-0.061	3.723	-59.420	-76.069	-106.952	0.00	0.00	0.00	0.00000	0.00000	0.00000	0.00000
WT1(E604078EA627)	3.91	13104	 2021-05-17 20:39:05.603	1.023	0.012	-0.131	-10.681	-0.488	3.601	170.321	-82.271	93.823	0.00	0.00	0.00	0.00000	0.00000	0.00000	0.00000
WT2(D8:09:BF:40:2B:C3)	3.95	13103	 2021-05-17 20:39:05.653	0.980	-0.200	0.115	-10.315	-0.061	3.662	-60.601	-75.844	-108.523	0.00	0.00	0.00	0.00000	0.00000	0.00000	0.00000
WT1(E604078EA627)	3.91	13104	 2021-05-17 20:39:05.709	1.033	-0.058	-0.130	-9.521	0.549	4.944	172.595	-82.370	90.917	0.00	0.00	0.00	0.00000	0.00000	0.00000	0.00000
WT1(E604078EA627)	3.91	13104	 2021-05-17 20:39:05.799	1.018	0.075	-0.145	6.409	0.244	2.808	176.550	-82.546	86.847	0.00	0.00	0.00	0.00000	0.00000	0.00000	0.00000
WT2(D8:09:BF:40:2B:C3)	3.95	13103	 2021-05-17 20:39:05.838	0.970	-0.195	0.110	5.676	-5.981	-0.488	-64.221	-75.839	-109.006	0.00	0.00	0.00	0.00000	0.00000	0.00000	0.00000
WT1(E604078EA627)	3.91	13104	 2021-05-17 20:39:05.904	1.022	0.034	-0.134	-6.104	-1.160	-0.061	176.353	-82.474	86.847	0.00	0.00	0.00	0.00000	0.00000	0.00000	0.00000
WT2(D8:09:BF:40:2B:C3)	3.95	13103	 2021-05-17 20:39:05.919	0.988	-0.198	0.112	-10.071	2.747	1.343	-64.688	-75.943	-110.363	0.00	0.00	0.00	0.00000	0.00000	0.00000	0.00000
WT1(E604078EA627)	3.91	13104	 2021-05-17 20:39:05.995	1.004	0.015	-0.137	-3.967	-0.916	0.916	176.391	-82.332	86.660	0.00	0.00	0.00	0.00000	0.00000	0.00000	0.00000
WT2(D8:09:BF:40:2B:C3)	3.95	13103	 2021-05-17 20:39:06.008	0.968	-0.190	0.083	4.578	-0.793	0.549	-64.600	-75.762	-112.412	0.00	0.00	0.00	0.00000	0.00000	0.00000	0.00000
WT2(D8:09:BF:40:2B:C3)	3.95	13103	 2021-05-17 20:39:06.101	0.992	-0.213	0.106	4.822	-1.831	0.671	-65.297	-75.795	-113.566	0.00	0.00	0.00	0.00000	0.00000	0.00000	0.00000
WT1(E604078EA627)	3.91	13104	 2021-05-17 20:39:06.102	1.032	0.029	-0.147	1.892	0.732	-0.305	177.204	-82.249	85.556	0.00	0.00	0.00	0.00000	0.00000	0.00000	0.00000
