设备名称	电压	版本	片上时间	加速度X(g)	加速度Y(g)	加速度Z(g)	角速度X(°/s)	角速度Y(°/s)	角速度Z(°/s)	角度X(°)	角度Y(°)	角度Z(°)	磁场X	磁场Y	磁场Z	四元数0	四元数1	四元数2	四元数3	状态
WT2(D8:09:BF:40:2B:C3)	3.94	13103	 2021-05-17 20:32:42.662	1.002	-0.170	0.100	-0.305	1.099	1.648	-60.897	-77.871	-147.794	0.00	0.00	0.00	0.00000	0.00000	0.00000	0.00000
WT1(E604078EA627)	3.91	13104	 2021-05-17 20:32:42.714	1.024	0.029	-0.073	0.183	-0.427	-0.732	173.342	-84.891	73.927	0.00	0.00	0.00	0.00000	0.00000	0.00000	0.00000
WT2(D8:09:BF:40:2B:C3)	3.94	13103	 2021-05-17 20:32:42.774	0.979	-0.159	0.095	-1.648	0.854	1.465	-60.485	-77.783	-147.794	0.00	0.00	0.00	0.00000	0.00000	0.00000	0.00000
WT1(E604078EA627)	3.91	13104	 2021-05-17 20:32:42.819	1.035	0.015	-0.073	-0.977	2.075	-0.061	172.623	-84.946	74.691	0.00	0.00	0.00	0.00000	0.00000	0.00000	0.00000
WT2(D8:09:BF:40:2B:C3)	3.94	13103	 2021-05-17 20:32:42.866	0.989	-0.174	0.102	-0.977	-0.244	1.343	-60.403	-77.717	-147.596	0.00	0.00	0.00	0.00000	0.00000	0.00000	0.00000
WT1(E604078EA627)	3.91	13104	 2021-05-17 20:32:42.928	1.021	0.002	-0.083	2.563	1.831	-0.244	172.941	-85.111	74.537	0.00	0.00	0.00	0.00000	0.00000	0.00000	0.00000
WT2(D8:09:BF:40:2B:C3)	3.94	13103	 2021-05-17 20:32:42.974	0.987	-0.173	0.099	3.601	-0.183	2.930	-60.798	-77.591	-146.744	0.00	0.00	0.00	0.00000	0.00000	0.00000	0.00000
WT1(E604078EA627)	3.91	13104	 2021-05-17 20:32:43.030	1.030	0.002	-0.093	2.502	0.366	0.916	173.491	-85.172	74.394	0.00	0.00	0.00	0.00000	0.00000	0.00000	0.00000
WT1(E604078EA627)	3.91	13104	 2021-05-17 20:32:43.105	1.030	0.005	-0.066	1.526	1.526	0.305	173.749	-85.408	74.427	0.00	0.00	0.00	0.00000	0.00000	0.00000	0.00000
WT2(D8:09:BF:40:2B:C3)	3.94	13103	 2021-05-17 20:32:43.116	0.992	-0.151	0.095	1.892	-1.160	2.441	-61.238	-77.514	-145.811	0.00	0.00	0.00	0.00000	0.00000	0.00000	0.00000
WT2(D8:09:BF:40:2B:C3)	3.94	13103	 2021-05-17 20:32:43.144	0.992	-0.195	0.091	2.502	0.061	4.395	-61.809	-77.294	-144.888	0.00	0.00	0.00	0.00000	0.00000	0.00000	0.00000
WT1(E604078EA627)	3.91	13104	 2021-05-17 20:32:43.210	1.046	0.001	-0.038	2.136	4.700	-0.854	173.013	-85.798	75.361	0.00	0.00	0.00	0.00000	0.00000	0.00000	0.00000
WT1(E604078EA627)	3.91	13104	 2021-05-17 20:32:43.314	1.036	0.054	-0.021	0.549	11.719	0.427	171.200	-86.710	77.459	0.00	0.00	0.00	0.00000	0.00000	0.00000	0.00000
WT2(D8:09:BF:40:2B:C3)	3.94	13103	 2021-05-17 20:32:43.345	0.989	-0.219	0.117	-1.465	4.639	12.512	-62.617	-75.679	-142.817	0.00	0.00	0.00	0.00000	0.00000	0.00000	0.00000
WT1(E604078EA627)	3.91	13104	 2021-05-17 20:32:43.423	1.037	0.024	-0.018	8.606	16.235	-2.380	164.048	-87.968	84.573	0.00	0.00	0.00	0.00000	0.00000	0.00000	0.00000
WT2(D8:09:BF:40:2B:C3)	3.94	13103	 2021-05-17 20:32:43.454	0.971	-0.188	0.128	7.813	5.615	16.113	-63.012	-74.207	-141.652	0.00	0.00	0.00	0.00000	0.00000	0.00000	0.00000
WT1(E604078EA627)	3.91	13104	 2021-05-17 20:32:43.509	1.052	0.019	0.009	0.671	17.578	-0.732	114.730	-89.313	134.231	0.00	0.00	0.00	0.00000	0.00000	0.00000	0.00000
WT2(D8:09:BF:40:2B:C3)	3.94	13103	 2021-05-17 20:32:43.549	0.976	-0.255	0.145	16.357	4.150	20.447	-63.770	-72.394	-139.883	0.00	0.00	0.00	0.00000	0.00000	0.00000	0.00000
WT1(E604078EA627)	3.91	13104	 2021-05-17 20:32:43.615	1.033	-0.011	0.027	0.854	18.127	2.258	17.128	-88.407	-127.776	0.00	0.00	0.00	0.00000	0.00000	0.00000	0.00000
WT2(D8:09:BF:40:2B:C3)	3.94	13103	 2021-05-17 20:32:43.653	0.957	-0.280	0.136	6.531	2.869	20.813	-65.017	-70.472	-137.813	0.00	0.00	0.00	0.00000	0.00000	0.00000	0.00000
WT1(E604078EA627)	3.91	13104	 2021-05-17 20:32:43.720	1.057	-0.006	0.080	3.418	19.409	1.709	4.296	-86.490	-114.736	0.00	0.00	0.00	0.00000	0.00000	0.00000	0.00000
WT2(D8:09:BF:40:2B:C3)	3.94	13103	 2021-05-17 20:32:43.765	0.966	-0.306	0.129	5.310	2.563	23.193	-66.022	-68.467	-135.714	0.00	0.00	0.00	0.00000	0.00000	0.00000	0.00000
WT1(E604078EA627)	3.91	13104	 2021-05-17 20:32:43.827	1.037	0.032	0.106	3.113	24.170	2.441	-0.319	-84.320	-110.099	0.00	0.00	0.00	0.00000	0.00000	0.00000	0.00000
WT2(D8:09:BF:40:2B:C3)	3.94	13103	 2021-05-17 20:32:43.857	0.942	-0.309	0.159	10.315	5.676	26.123	-67.072	-66.198	-133.835	0.00	0.00	0.00	0.00000	0.00000	0.00000	0.00000
WT1(E604078EA627)	3.91	13104	 2021-05-17 20:32:43.918	1.028	0.100	0.140	14.771	25.391	0.854	-3.241	-81.859	-107.232	0.00	0.00	0.00	0.00000	0.00000	0.00000	0.00000
WT2(D8:09:BF:40:2B:C3)	3.94	13103	 2021-05-17 20:32:43.950	0.925	-0.333	0.173	28.259	3.418	26.855	-68.093	-63.655	-131.929	0.00	0.00	0.00	0.00000	0.00000	0.00000	0.00000
WT1(E604078EA627)	3.91	13104	 2021-05-17 20:32:44.035	1.010	0.037	0.161	10.254	27.954	1.465	-4.807	-79.332	-105.903	0.00	0.00	0.00	0.00000	0.00000	0.00000	0.00000
WT2(D8:09:BF:40:2B:C3)	3.94	13103	 2021-05-17 20:32:44.055	0.891	-0.402	0.195	24.109	4.822	24.292	-69.066	-61.139	-130.369	0.00	0.00	0.00	0.00000	0.00000	0.00000	0.00000
WT1(E604078EA627)	3.91	13104	 2021-05-17 20:32:44.124	1.004	-0.036	0.187	7.263	20.264	1.404	-4.587	-77.217	-105.743	0.00	0.00	0.00	0.00000	0.00000	0.00000	0.00000
WT2(D8:09:BF:40:2B:C3)	3.94	13103	 2021-05-17 20:32:44.149	0.884	-0.435	0.199	18.494	4.028	21.973	-69.247	-59.013	-129.001	0.00	0.00	0.00	0.00000	0.00000	0.00000	0.00000
WT1(E604078EA627)	3.91	13104	 2021-05-17 20:32:44.232	0.993	-0.021	0.249	22.644	20.996	-1.404	-2.708	-75.196	-106.359	0.00	0.00	0.00	0.00000	0.00000	0.00000	0.00000
WT2(D8:09:BF:40:2B:C3)	3.94	13103	 2021-05-17 20:32:44.239	0.876	-0.498	0.165	18.677	3.296	22.766	-69.082	-57.047	-127.738	0.00	0.00	0.00	0.00000	0.00000	0.00000	0.00000
WT1(E604078EA627)	3.91	13104	 2021-05-17 20:32:44.334	1.011	0.026	0.305	4.639	24.170	-0.488	-0.445	-72.883	-107.435	0.00	0.00	0.00	0.00000	0.00000	0.00000	0.00000
WT2(D8:09:BF:40:2B:C3)	3.94	13103	 2021-05-17 20:32:44.348	0.859	-0.513	0.203	10.620	6.348	23.132	-68.439	-54.915	-126.744	0.00	0.00	0.00	0.00000	0.00000	0.00000	0.00000
WT2(D8:09:BF:40:2B:C3)	3.94	13103	 2021-05-17 20:32:44.442	0.804	-0.469	0.235	0.183	8.545	25.085	-67.742	-52.509	-125.777	0.00	0.00	0.00	0.00000	0.00000	0.00000	0.00000
WT1(E604078EA627)	3.91	13104	 2021-05-17 20:32:44.443	0.965	-0.038	0.349	-2.380	26.733	2.380	0.906	-70.362	-107.946	0.00	0.00	0.00	0.00000	0.00000	0.00000	0.00000
WT1(E604078EA627)	3.91	13104	 2021-05-17 20:32:44.545	1.003	-0.029	0.400	8.911	22.827	-2.380	1.846	-67.577	-107.990	0.00	0.00	0.00	0.00000	0.00000	0.00000	0.00000
WT2(D8:09:BF:40:2B:C3)	3.94	13103	 2021-05-17 20:32:44.550	0.809	-0.587	0.246	3.113	7.446	30.396	-67.374	-49.927	-124.750	0.00	0.00	0.00	0.00000	0.00000	0.00000	0.00000
WT1(E604078EA627)	3.91	13104	 2021-05-17 20:32:44.635	0.970	-0.015	0.438	15.930	29.968	-3.967	3.290	-64.896	-108.391	0.00	0.00	0.00	0.00000	0.00000	0.00000	0.00000
WT2(D8:09:BF:40:2B:C3)	3.94	13103	 2021-05-17 20:32:44.642	0.780	-0.660	0.241	3.601	8.667	29.480	-66.896	-47.093	-123.805	0.00	0.00	0.00	0.00000	0.00000	0.00000	0.00000
WT1(E604078EA627)	3.91	13104	 2021-05-17 20:32:44.739	0.923	-0.076	0.490	5.432	33.264	-2.930	4.351	-61.760	-108.781	0.00	0.00	0.00	0.00000	0.00000	0.00000	0.00000
WT2(D8:09:BF:40:2B:C3)	3.94	13103	 2021-05-17 20:32:44.750	0.764	-0.595	0.268	-1.648	11.780	31.006	-66.270	-44.094	-123.025	0.00	0.00	0.00	0.00000	0.00000	0.00000	0.00000
WT2(D8:09:BF:40:2B:C3)	3.94	13103	 2021-05-17 20:32:44.826	0.707	-0.633	0.276	5.554	12.146	31.677	-66.264	-40.995	-122.261	0.00	0.00	0.00	0.00000	0.00000	0.00000	0.00000
WT1(E604078EA627)	3.91	13104	 2021-05-17 20:32:44.846	0.894	-0.091	0.521	19.348	32.349	-3.967	4.433	-58.552	-108.721	0.00	0.00	0.00	0.00000	0.00000	0.00000	0.00000
WT2(D8:09:BF:40:2B:C3)	3.94	13103	 2021-05-17 20:32:44.934	0.654	-0.684	0.330	-7.568	11.841	29.907	-65.825	-37.980	-121.503	0.00	0.00	0.00	0.00000	0.00000	0.00000	0.00000
WT1(E604078EA627)	3.91	13104	 2021-05-17 20:32:44.949	0.871	0.041	0.548	17.395	29.358	-4.028	4.763	-55.591	-108.644	0.00	0.00	0.00	0.00000	0.00000	0.00000	0.00000
WT2(D8:09:BF:40:2B:C3)	3.94	13103	 2021-05-17 20:32:45.025	0.592	-0.790	0.342	10.864	10.559	23.987	-65.056	-35.283	-120.839	0.00	0.00	0.00	0.00000	0.00000	0.00000	0.00000
WT1(E604078EA627)	3.91	13104	 2021-05-17 20:32:45.040	0.817	0.088	0.560	37.537	27.100	-11.841	6.575	-52.822	-109.177	0.00	0.00	0.00	0.00000	0.00000	0.00000	0.00000
WT2(D8:09:BF:40:2B:C3)	3.94	13103	 2021-05-17 20:32:45.136	0.598	-0.787	0.342	1.038	11.047	21.057	-63.534	-33.030	-120.421	0.00	0.00	0.00	0.00000	0.00000	0.00000	0.00000
WT1(E604078EA627)	3.91	13104	 2021-05-17 20:32:45.160	0.808	0.141	0.659	-5.798	26.794	-5.493	8.201	-50.246	-110.023	0.00	0.00	0.00	0.00000	0.00000	0.00000	0.00000
WT2(D8:09:BF:40:2B:C3)	3.94	13103	 2021-05-17 20:32:45.225	0.554	-0.771	0.369	-1.099	11.902	21.851	-63.644	-30.668	-120.152	0.00	0.00	0.00	0.00000	0.00000	0.00000	0.00000
WT1(E604078EA627)	3.91	13104	 2021-05-17 20:32:45.235	0.784	0.105	0.702	-16.052	26.855	-0.916	7.410	-47.631	-110.226	0.00	0.00	0.00	0.00000	0.00000	0.00000	0.00000
WT1(E604078EA627)	3.91	13104	 2021-05-17 20:32:45.370	0.757	0.139	0.727	-49.316	31.738	6.531	4.301	-44.802	-109.583	0.00	0.00	0.00	0.00000	0.00000	0.00000	0.00000
WT2(D8:09:BF:40:2B:C3)	3.94	13103	 2021-05-17 20:32:45.395	0.492	-0.809	0.360	-9.155	11.780	26.001	-64.962	-28.087	-119.718	0.00	0.00	0.00	0.00000	0.00000	0.00000	0.00000
WT2(D8:09:BF:40:2B:C3)	3.94	13103	 2021-05-17 20:32:45.442	0.444	-0.942	0.318	15.625	8.362	28.137	-67.280	-25.280	-119.103	0.00	0.00	0.00	0.00000	0.00000	0.00000	0.00000
WT1(E604078EA627)	3.91	13104	 2021-05-17 20:32:45.445	0.707	0.061	0.767	-9.460	28.931	-0.732	1.961	-41.748	-108.968	0.00	0.00	0.00	0.00000	0.00000	0.00000	0.00000
WT2(D8:09:BF:40:2B:C3)	3.94	13103	 2021-05-17 20:32:45.535	0.421	-0.832	0.349	1.587	10.986	26.917	-66.885	-22.533	-118.334	0.00	0.00	0.00	0.00000	0.00000	0.00000	0.00000
WT1(E604078EA627)	3.91	13104	 2021-05-17 20:32:45.581	0.655	-0.010	0.816	-19.226	27.588	2.930	1.555	-38.985	-108.935	0.00	0.00	0.00	0.00000	0.00000	0.00000	0.00000
WT2(D8:09:BF:40:2B:C3)	3.94	13103	 2021-05-17 20:32:45.642	0.364	-0.772	0.373	2.563	13.062	28.564	-67.297	-19.627	-117.697	0.00	0.00	0.00	0.00000	0.00000	0.00000	0.00000
WT1(E604078EA627)	3.91	13104	 2021-05-17 20:32:45.654	0.616	-0.060	0.838	-3.967	30.029	1.648	1.110	-36.233	-108.875	0.00	0.00	0.00	0.00000	0.00000	0.00000	0.00000
WT2(D8:09:BF:40:2B:C3)	3.94	13103	 2021-05-17 20:32:45.734	0.330	-0.841	0.368	5.981	8.240	28.076	-67.346	-16.661	-117.015	0.00	0.00	0.00	0.00000	0.00000	0.00000	0.00000
WT1(E604078EA627)	3.91	13104	 2021-05-17 20:32:45.745	0.563	0.048	0.852	12.085	31.677	-0.977	1.978	-33.250	-108.946	0.00	0.00	0.00	0.00000	0.00000	0.00000	0.00000
WT2(D8:09:BF:40:2B:C3)	3.94	13103	 2021-05-17 20:32:45.828	0.257	-0.911	0.376	-4.150	10.132	26.062	-67.104	-13.826	-116.439	0.00	0.00	0.00	0.00000	0.00000	0.00000	0.00000
WT1(E604078EA627)	3.91	13104	 2021-05-17 20:32:45.850	0.538	0.086	0.859	7.751	27.466	-2.502	2.422	-30.471	-109.067	0.00	0.00	0.00	0.00000	0.00000	0.00000	0.00000
WT2(D8:09:BF:40:2B:C3)	3.94	13103	 2021-05-17 20:32:45.952	0.214	-0.924	0.379	-15.381	9.827	24.475	-67.418	-11.195	-115.977	0.00	0.00	0.00	0.00000	0.00000	0.00000	0.00000
WT1(E604078EA627)	3.91	13104	 2021-05-17 20:32:45.970	0.503	0.099	0.874	-6.165	26.123	-2.136	2.362	-27.773	-109.210	0.00	0.00	0.00	0.00000	0.00000	0.00000	0.00000
WT2(D8:09:BF:40:2B:C3)	3.94	13103	 2021-05-17 20:32:46.030	0.179	-0.986	0.358	-4.089	8.118	21.973	-67.588	-8.751	-115.560	0.00	0.00	0.00	0.00000	0.00000	0.00000	0.00000
WT1(E604078EA627)	3.91	13104	 2021-05-17 20:32:46.046	0.454	0.009	0.902	-4.700	25.269	-0.977	2.845	-25.263	-109.517	0.00	0.00	0.00	0.00000	0.00000	0.00000	0.00000
WT2(D8:09:BF:40:2B:C3)	3.94	13103	 2021-05-17 20:32:46.136	0.150	-0.985	0.367	-1.831	5.798	21.118	-67.203	-6.570	-115.021	0.00	0.00	0.00	0.00000	0.00000	0.00000	0.00000
WT1(E604078EA627)	3.91	13104	 2021-05-17 20:32:46.210	0.417	0.079	0.940	2.563	17.822	-2.075	3.763	-23.000	-109.726	0.00	0.00	0.00	0.00000	0.00000	0.00000	0.00000
WT2(D8:09:BF:40:2B:C3)	3.94	13103	 2021-05-17 20:32:46.245	0.096	-0.914	0.403	-6.653	6.531	21.545	-66.489	-4.384	-114.472	0.00	0.00	0.00	0.00000	0.00000	0.00000	0.00000
WT1(E604078EA627)	3.91	13104	 2021-05-17 20:32:46.255	0.357	0.065	0.932	-7.080	25.818	1.526	4.114	-21.055	-109.671	0.00	0.00	0.00	0.00000	0.00000	0.00000	0.00000
WT2(D8:09:BF:40:2B:C3)	3.94	13103	 2021-05-17 20:32:46.324	0.053	-0.982	0.378	-10.620	5.127	21.790	-66.500	-2.230	-113.829	0.00	0.00	0.00	0.00000	0.00000	0.00000	0.00000
WT1(E604078EA627)	3.91	13104	 2021-05-17 20:32:46.361	0.321	0.037	0.948	-3.906	23.621	0.305	4.070	-18.523	-109.429	0.00	0.00	0.00	0.00000	0.00000	0.00000	0.00000
WT2(D8:09:BF:40:2B:C3)	3.94	13103	 2021-05-17 20:32:46.432	0.032	-0.980	0.394	1.648	5.127	19.531	-66.297	-0.275	-113.225	0.00	0.00	0.00	0.00000	0.00000	0.00000	0.00000
WT1(E604078EA627)	3.91	13104	 2021-05-17 20:32:46.449	0.292	0.050	0.975	28.931	18.616	-4.761	4.889	-16.512	-109.534	0.00	0.00	0.00	0.00000	0.00000	0.00000	0.00000
WT1(E604078EA627)	3.91	13104	 2021-05-17 20:32:46.584	0.260	0.146	0.980	10.742	20.996	0.122	6.086	-14.661	-109.605	0.00	0.00	0.00	0.00000	0.00000	0.00000	0.00000
WT1(E604078EA627)	3.91	13104	 2021-05-17 20:32:46.675	0.219	0.138	0.980	-3.845	20.142	3.967	5.746	-12.750	-109.204	0.00	0.00	0.00	0.00000	0.00000	0.00000	0.00000
WT2(D8:09:BF:40:2B:C3)	3.94	13103	 2021-05-17 20:32:46.753	0.024	-0.840	0.430	15.381	7.996	18.250	-64.885	1.522	-112.626	0.00	0.00	0.00	0.00000	0.00000	0.00000	0.00000
WT2(D8:09:BF:40:2B:C3)	3.94	13103	 2021-05-17 20:32:46.757	-0.037	-0.882	0.434	-5.066	6.714	19.897	-64.622	3.252	-112.066	0.00	0.00	0.00	0.00000	0.00000	0.00000	0.00000
WT2(D8:09:BF:40:2B:C3)	3.94	13103	 2021-05-17 20:32:46.757	-0.062	-0.921	0.419	0.183	3.601	17.639	-64.715	4.993	-111.423	0.00	0.00	0.00	0.00000	0.00000	0.00000	0.00000
WT1(E604078EA627)	3.91	13104	 2021-05-17 20:32:46.765	0.201	0.174	1.002	-7.935	17.639	1.343	6.070	-10.767	-108.825	0.00	0.00	0.00	0.00000	0.00000	0.00000	0.00000
WT2(D8:09:BF:40:2B:C3)	3.94	13103	 2021-05-17 20:32:46.816	-0.085	-1.007	0.409	-0.977	6.104	19.043	-64.407	6.762	-110.918	0.00	0.00	0.00	0.00000	0.00000	0.00000	0.00000
WT1(E604078EA627)	3.91	13104	 2021-05-17 20:32:46.855	0.177	0.191	1.010	0.793	21.912	-3.418	6.877	-8.948	-108.896	0.00	0.00	0.00	0.00000	0.00000	0.00000	0.00000
WT2(D8:09:BF:40:2B:C3)	3.94	13103	 2021-05-17 20:32:46.925	-0.120	-0.945	0.450	-0.122	7.813	19.104	-63.495	8.646	-110.605	0.00	0.00	0.00	0.00000	0.00000	0.00000	0.00000
WT1(E604078EA627)	3.91	13104	 2021-05-17 20:32:46.960	0.146	0.123	1.013	-4.822	22.583	-3.723	7.180	-6.647	-109.001	0.00	0.00	0.00	0.00000	0.00000	0.00000	0.00000
WT2(D8:09:BF:40:2B:C3)	3.94	13103	 2021-05-17 20:32:47.047	-0.162	-0.890	0.441	4.639	9.033	19.653	-62.924	10.756	-110.330	0.00	0.00	0.00	0.00000	0.00000	0.00000	0.00000
WT1(E604078EA627)	3.91	13104	 2021-05-17 20:32:47.064	0.076	0.164	0.952	-5.005	27.405	-2.686	7.740	-4.142	-109.001	0.00	0.00	0.00	0.00000	0.00000	0.00000	0.00000
WT2(D8:09:BF:40:2B:C3)	3.94	13103	 2021-05-17 20:32:47.125	-0.189	-0.811	0.445	-7.935	8.118	16.235	-62.260	12.728	-110.099	0.00	0.00	0.00	0.00000	0.00000	0.00000	0.00000
WT1(E604078EA627)	3.91	13104	 2021-05-17 20:32:47.201	0.037	0.193	0.920	1.892	11.597	-3.601	8.240	-2.126	-109.050	0.00	0.00	0.00	0.00000	0.00000	0.00000	0.00000
WT2(D8:09:BF:40:2B:C3)	3.94	13103	 2021-05-17 20:32:47.202	-0.223	-0.714	0.447	2.075	6.531	7.019	-61.518	14.106	-109.962	0.00	0.00	0.00	0.00000	0.00000	0.00000	0.00000
WT1(E604078EA627)	3.91	13104	 2021-05-17 20:32:47.275	0.003	0.168	0.915	-10.864	7.507	1.526	8.438	-1.121	-109.116	0.00	0.00	0.00	0.00000	0.00000	0.00000	0.00000
WT2(D8:09:BF:40:2B:C3)	3.94	13103	 2021-05-17 20:32:47.310	-0.242	-0.793	0.437	-16.968	1.831	2.869	-61.710	14.738	-109.770	0.00	0.00	0.00	0.00000	0.00000	0.00000	0.00000
WT1(E604078EA627)	3.91	13104	 2021-05-17 20:32:47.365	0.004	0.142	0.901	-7.568	-0.427	3.784	8.201	-0.857	-109.023	0.00	0.00	0.00	0.00000	0.00000	0.00000	0.00000
WT2(D8:09:BF:40:2B:C3)	3.94	13103	 2021-05-17 20:32:47.450	-0.235	-0.878	0.430	-16.968	-3.052	-2.319	-61.716	14.628	-109.495	0.00	0.00	0.00	0.00000	0.00000	0.00000	0.00000
WT1(E604078EA627)	3.91	13104	 2021-05-17 20:32:47.470	0.013	0.181	0.949	0.122	-14.099	1.892	8.146	-1.681	-108.880	0.00	0.00	0.00	0.00000	0.00000	0.00000	0.00000
WT2(D8:09:BF:40:2B:C3)	3.94	13103	 2021-05-17 20:32:47.513	-0.211	-0.846	0.434	-1.892	-3.296	-8.972	-62.023	13.914	-109.347	0.00	0.00	0.00	0.00000	0.00000	0.00000	0.00000
WT1(E604078EA627)	3.91	13104	 2021-05-17 20:32:47.591	0.064	0.168	0.988	-3.906	-14.648	-1.038	8.234	-3.071	-109.149	0.00	0.00	0.00	0.00000	0.00000	0.00000	0.00000
WT2(D8:09:BF:40:2B:C3)	3.94	13103	 2021-05-17 20:32:47.625	-0.192	-0.838	0.463	-10.254	-2.869	-10.986	-62.177	12.706	-109.369	0.00	0.00	0.00	0.00000	0.00000	0.00000	0.00000
WT1(E604078EA627)	3.91	13104	 2021-05-17 20:32:47.665	0.068	0.135	0.963	-4.150	-15.930	-0.244	7.707	-4.653	-109.396	0.00	0.00	0.00	0.00000	0.00000	0.00000	0.00000
WT2(D8:09:BF:40:2B:C3)	3.94	13103	 2021-05-17 20:32:47.713	-0.152	-0.820	0.454	0.122	-5.310	-15.015	-62.584	11.283	-109.435	0.00	0.00	0.00	0.00000	0.00000	0.00000	0.00000
WT1(E604078EA627)	3.91	13104	 2021-05-17 20:32:47.785	0.122	0.116	0.967	-11.108	-20.081	0.793	7.295	-6.432	-109.688	0.00	0.00	0.00	0.00000	0.00000	0.00000	0.00000
WT2(D8:09:BF:40:2B:C3)	3.94	13103	 2021-05-17 20:32:47.808	-0.145	-0.873	0.457	-11.047	-4.089	-16.785	-63.045	9.591	-109.567	0.00	0.00	0.00	0.00000	0.00000	0.00000	0.00000
WT1(E604078EA627)	3.91	13104	 2021-05-17 20:32:47.874	0.146	0.146	0.984	4.761	-19.531	-1.587	7.059	-8.295	-109.990	0.00	0.00	0.00	0.00000	0.00000	0.00000	0.00000
WT2(D8:09:BF:40:2B:C3)	3.94	13103	 2021-05-17 20:32:47.915	-0.122	-0.927	0.441	-1.953	-6.287	-16.602	-63.226	7.800	-109.759	0.00	0.00	0.00	0.00000	0.00000	0.00000	0.00000
WT1(E604078EA627)	3.91	13104	 2021-05-17 20:32:47.981	0.184	0.145	0.957	-4.456	-26.794	-1.221	7.119	-10.470	-110.490	0.00	0.00	0.00	0.00000	0.00000	0.00000	0.00000
WT2(D8:09:BF:40:2B:C3)	3.94	13103	 2021-05-17 20:32:48.025	-0.064	-0.867	0.451	-1.099	-4.333	-20.264	-63.419	5.680	-109.984	0.00	0.00	0.00	0.00000	0.00000	0.00000	0.00000
WT1(E604078EA627)	3.91	13104	 2021-05-17 20:32:48.086	0.246	0.131	0.986	-9.766	-25.635	0.366	6.976	-13.365	-111.039	0.00	0.00	0.00	0.00000	0.00000	0.00000	0.00000
WT2(D8:09:BF:40:2B:C3)	3.94	13103	 2021-05-17 20:32:48.102	-0.032	-0.843	0.450	-5.371	-5.127	-21.912	-63.704	3.532	-110.259	0.00	0.00	0.00	0.00000	0.00000	0.00000	0.00000
WT1(E604078EA627)	3.91	13104	 2021-05-17 20:32:48.175	0.291	0.111	0.979	-5.127	-26.611	-1.709	6.372	-15.760	-111.445	0.00	0.00	0.00	0.00000	0.00000	0.00000	0.00000
WT2(D8:09:BF:40:2B:C3)	3.94	13103	 2021-05-17 20:32:48.211	-0.018	-0.880	0.450	-1.892	-3.235	-23.071	-64.155	1.208	-110.583	0.00	0.00	0.00	0.00000	0.00000	0.00000	0.00000
WT1(E604078EA627)	3.91	13104	 2021-05-17 20:32:48.280	0.324	0.075	0.938	-7.568	-27.588	-1.770	6.070	-18.298	-111.978	0.00	0.00	0.00	0.00000	0.00000	0.00000	0.00000
WT2(D8:09:BF:40:2B:C3)	3.94	13103	 2021-05-17 20:32:48.384	0.030	-0.891	0.428	-8.850	-5.188	-21.240	-64.363	-1.060	-110.863	0.00	0.00	0.00	0.00000	0.00000	0.00000	0.00000
WT1(E604078EA627)	3.91	13104	 2021-05-17 20:32:48.386	0.377	0.045	0.955	-3.418	-26.184	-3.235	5.834	-21.204	-112.692	0.00	0.00	0.00	0.00000	0.00000	0.00000	0.00000
WT2(D8:09:BF:40:2B:C3)	3.94	13103	 2021-05-17 20:32:48.397	0.131	-0.829	0.422	-1.099	-4.761	-23.926	-64.550	-3.488	-111.231	0.00	0.00	0.00	0.00000	0.00000	0.00000	0.00000
WT1(E604078EA627)	3.91	13104	 2021-05-17 20:32:48.489	0.393	0.107	0.919	6.226	-27.649	-3.906	4.982	-23.796	-113.258	0.00	0.00	0.00	0.00000	0.00000	0.00000	0.00000
WT2(D8:09:BF:40:2B:C3)	3.94	13103	 2021-05-17 20:32:48.506	0.105	-0.954	0.412	-19.592	-5.615	-27.954	-65.495	-6.070	-111.720	0.00	0.00	0.00	0.00000	0.00000	0.00000	0.00000
WT2(D8:09:BF:40:2B:C3)	3.94	13103	 2021-05-17 20:32:48.584	0.156	-0.964	0.399	-11.414	-5.981	-23.376	-65.726	-8.641	-112.198	0.00	0.00	0.00	0.00000	0.00000	0.00000	0.00000
WT1(E604078EA627)	3.91	13104	 2021-05-17 20:32:48.584	0.477	0.099	0.915	-6.653	-36.316	-4.395	4.999	-26.911	-114.142	0.00	0.00	0.00	0.00000	0.00000	0.00000	0.00000
WT2(D8:09:BF:40:2B:C3)	3.94	13103	 2021-05-17 20:32:48.689	0.244	-0.870	0.365	5.920	-5.798	-28.076	-66.489	-11.261	-112.720	0.00	0.00	0.00	0.00000	0.00000	0.00000	0.00000
WT1(E604078EA627)	3.91	13104	 2021-05-17 20:32:48.700	0.533	0.097	0.842	-9.399	-28.381	-4.150	4.438	-30.333	-114.911	0.00	0.00	0.00	0.00000	0.00000	0.00000	0.00000
WT2(D8:09:BF:40:2B:C3)	3.94	13103	 2021-05-17 20:32:48.781	0.299	-0.884	0.381	3.418	-6.104	-32.104	-66.868	-14.392	-113.368	0.00	0.00	0.00	0.00000	0.00000	0.00000	0.00000
WT1(E604078EA627)	3.91	13104	 2021-05-17 20:32:48.790	0.584	0.061	0.799	-13.062	-34.241	-3.723	3.977	-33.448	-115.867	0.00	0.00	0.00	0.00000	0.00000	0.00000	0.00000
WT2(D8:09:BF:40:2B:C3)	3.94	13103	 2021-05-17 20:32:48.909	0.327	-0.834	0.377	-9.216	-7.141	-37.720	-67.440	-18.111	-114.011	0.00	0.00	0.00	0.00000	0.00000	0.00000	0.00000
WT1(E604078EA627)	3.91	13104	 2021-05-17 20:32:48.910	0.629	0.032	0.797	-18.372	-43.518	-0.488	2.730	-37.222	-116.565	0.00	0.00	0.00	0.00000	0.00000	0.00000	0.00000
WT2(D8:09:BF:40:2B:C3)	3.94	13103	 2021-05-17 20:32:49.014	0.369	-0.908	0.333	-17.822	-9.216	-41.504	-68.972	-21.978	-114.609	0.00	0.00	0.00	0.00000	0.00000	0.00000	0.00000
WT1(E604078EA627)	3.91	13104	 2021-05-17 20:32:49.046	0.664	0.013	0.771	-9.277	-48.035	-2.625	1.011	-41.858	-117.004	0.00	0.00	0.00	0.00000	0.00000	0.00000	0.00000
WT2(D8:09:BF:40:2B:C3)	3.94	13103	 2021-05-17 20:32:49.094	0.439	-0.896	0.311	-7.996	-7.019	-41.626	-69.472	-26.252	-115.258	0.00	0.00	0.00	0.00000	0.00000	0.00000	0.00000
WT1(E604078EA627)	3.91	13104	 2021-05-17 20:32:49.094	0.768	0.055	0.745	-9.460	-48.462	-4.883	0.461	-46.675	-117.740	0.00	0.00	0.00	0.00000	0.00000	0.00000	0.00000
WT1(E604078EA627)	3.91	13104	 2021-05-17 20:32:49.194	0.831	0.004	0.681	-23.682	-45.044	-4.578	0.472	-51.218	-118.735	0.00	0.00	0.00	0.00000	0.00000	0.00000	0.00000
WT2(D8:09:BF:40:2B:C3)	3.94	13103	 2021-05-17 20:32:49.215	0.509	-0.809	0.290	-11.536	-5.615	-37.659	-69.192	-30.333	-116.054	0.00	0.00	0.00	0.00000	0.00000	0.00000	0.00000
WT2(D8:09:BF:40:2B:C3)	3.94	13103	 2021-05-17 20:32:49.290	0.550	-0.746	0.266	-3.052	-9.033	-36.621	-69.066	-34.382	-116.647	0.00	0.00	0.00	0.00000	0.00000	0.00000	0.00000
WT1(E604078EA627)	3.91	13104	 2021-05-17 20:32:49.314	0.833	-0.003	0.618	-16.602	-35.767	0.732	0.363	-54.888	-119.301	0.00	0.00	0.00	0.00000	0.00000	0.00000	0.00000
WT2(D8:09:BF:40:2B:C3)	3.94	13103	 2021-05-17 20:32:49.384	0.610	-0.663	0.321	-4.639	-8.240	-32.593	-68.983	-37.667	-116.993	0.00	0.00	0.00	0.00000	0.00000	0.00000	0.00000
WT1(E604078EA627)	3.91	13104	 2021-05-17 20:32:49.390	0.894	0.049	0.585	-8.728	-31.616	-0.183	0.082	-58.304	-119.295	0.00	0.00	0.00	0.00000	0.00000	0.00000	0.00000
WT1(E604078EA627)	3.91	13104	 2021-05-17 20:32:49.495	0.915	0.101	0.534	-12.939	-28.992	-1.648	1.368	-60.980	-120.185	0.00	0.00	0.00	0.00000	0.00000	0.00000	0.00000
WT2(D8:09:BF:40:2B:C3)	3.94	13103	 2021-05-17 20:32:49.507	0.676	-0.659	0.300	9.460	-8.789	-36.499	-68.351	-41.072	-117.444	0.00	0.00	0.00	0.00000	0.00000	0.00000	0.00000
WT2(D8:09:BF:40:2B:C3)	3.94	13103	 2021-05-17 20:32:49.584	0.688	-0.673	0.288	9.888	-6.226	-35.767	-68.077	-44.517	-118.229	0.00	0.00	0.00	0.00000	0.00000	0.00000	0.00000
WT1(E604078EA627)	3.91	13104	 2021-05-17 20:32:49.602	0.942	0.079	0.452	-23.804	-37.659	-0.854	2.181	-64.193	-121.300	0.00	0.00	0.00	0.00000	0.00000	0.00000	0.00000
WT2(D8:09:BF:40:2B:C3)	3.94	13103	 2021-05-17 20:32:49.694	0.692	-0.629	0.266	6.348	-9.216	-42.969	-67.478	-48.241	-119.438	0.00	0.00	0.00	0.00000	0.00000	0.00000	0.00000
WT1(E604078EA627)	3.91	13104	 2021-05-17 20:32:49.704	0.991	0.031	0.366	-36.682	-43.762	-0.916	2.697	-68.121	-122.547	0.00	0.00	0.00	0.00000	0.00000	0.00000	0.00000
WT2(D8:09:BF:40:2B:C3)	3.94	13103	 2021-05-17 20:32:49.786	0.835	-0.677	0.264	-8.789	-7.141	-36.438	-67.066	-51.828	-120.921	0.00	0.00	0.00	0.00000	0.00000	0.00000	0.00000
WT1(E604078EA627)	3.91	13104	 2021-05-17 20:32:49.810	1.025	0.000	0.377	-30.762	-37.292	2.869	3.208	-72.235	-124.277	0.00	0.00	0.00	0.00000	0.00000	0.00000	0.00000
WT2(D8:09:BF:40:2B:C3)	3.94	13103	 2021-05-17 20:32:49.894	0.842	-0.585	0.221	-3.357	-8.240	-33.508	-66.907	-55.102	-122.162	0.00	0.00	0.00	0.00000	0.00000	0.00000	0.00000
WT1(E604078EA627)	3.91	13104	 2021-05-17 20:32:49.899	1.039	-0.017	0.285	-8.545	-24.231	-2.991	2.648	-74.993	-124.585	0.00	0.00	0.00	0.00000	0.00000	0.00000	0.00000
WT2(D8:09:BF:40:2B:C3)	3.94	13103	 2021-05-17 20:32:50.003	0.875	-0.486	0.209	-0.977	-7.751	-24.963	-65.792	-58.019	-123.025	0.00	0.00	0.00	0.00000	0.00000	0.00000	0.00000
WT1(E604078EA627)	3.91	13104	 2021-05-17 20:32:50.005	0.982	0.008	0.218	-12.085	-27.405	2.319	2.010	-77.662	-124.662	0.00	0.00	0.00	0.00000	0.00000	0.00000	0.00000
WT2(D8:09:BF:40:2B:C3)	3.94	13103	 2021-05-17 20:32:50.097	0.926	-0.479	0.211	19.958	-7.690	-27.283	-65.067	-60.798	-124.371	0.00	0.00	0.00	0.00000	0.00000	0.00000	0.00000
WT1(E604078EA627)	3.91	13104	 2021-05-17 20:32:50.110	1.006	0.050	0.207	-10.925	-32.410	-0.977	5.098	-80.436	-127.639	0.00	0.00	0.00	0.00000	0.00000	0.00000	0.00000
WT2(D8:09:BF:40:2B:C3)	3.94	13103	 2021-05-17 20:32:50.187	0.930	-0.463	0.179	-1.343	-6.409	-25.452	-63.842	-63.528	-126.112	0.00	0.00	0.00	0.00000	0.00000	0.00000	0.00000
WT1(E604078EA627)	3.91	13104	 2021-05-17 20:32:50.230	1.023	0.030	0.153	-10.193	-24.719	-0.671	9.185	-83.287	-131.946	0.00	0.00	0.00	0.00000	0.00000	0.00000	0.00000
WT2(D8:09:BF:40:2B:C3)	3.94	13103	 2021-05-17 20:32:50.264	0.934	-0.425	0.182	-1.526	-6.042	-24.353	-62.292	-66.127	-127.991	0.00	0.00	0.00	0.00000	0.00000	0.00000	0.00000
WT1(E604078EA627)	3.91	13104	 2021-05-17 20:32:50.305	1.049	0.061	0.103	2.441	-25.513	-4.150	19.188	-85.562	-141.526	0.00	0.00	0.00	0.00000	0.00000	0.00000	0.00000
WT2(D8:09:BF:40:2B:C3)	3.94	13103	 2021-05-17 20:32:50.377	0.960	-0.312	0.188	1.099	-4.089	-22.339	-60.040	-68.445	-129.985	0.00	0.00	0.00	0.00000	0.00000	0.00000	0.00000
WT1(E604078EA627)	3.91	13104	 2021-05-17 20:32:50.409	1.037	-0.017	0.044	12.329	-23.254	-2.014	43.495	-87.495	-165.674	0.00	0.00	0.00	0.00000	0.00000	0.00000	0.00000
WT2(D8:09:BF:40:2B:C3)	3.94	13103	 2021-05-17 20:32:50.484	0.938	-0.238	0.173	-3.235	-7.019	-23.438	-58.277	-70.659	-132.045	0.00	0.00	0.00	0.00000	0.00000	0.00000	0.00000
WT1(E604078EA627)	3.91	13104	 2021-05-17 20:32:50.530	1.027	0.083	0.020	-6.897	-21.973	1.953	101.920	-88.352	135.829	0.00	0.00	0.00	0.00000	0.00000	0.00000	0.00000
WT2(D8:09:BF:40:2B:C3)	3.94	13103	 2021-05-17 20:32:50.574	0.964	-0.237	0.175	-17.273	-6.104	-19.470	-57.524	-72.878	-134.077	0.00	0.00	0.00	0.00000	0.00000	0.00000	0.00000
WT1(E604078EA627)	3.91	13104	 2021-05-17 20:32:50.606	1.050	0.058	-0.030	-12.451	-17.822	4.333	152.688	-87.220	83.969	0.00	0.00	0.00	0.00000	0.00000	0.00000	0.00000
WT2(D8:09:BF:40:2B:C3)	3.94	13103	 2021-05-17 20:32:50.680	0.960	-0.230	0.158	-8.423	-6.775	-17.883	-56.794	-74.778	-136.071	0.00	0.00	0.00	0.00000	0.00000	0.00000	0.00000
WT1(E604078EA627)	3.91	13104	 2021-05-17 20:32:50.715	1.052	0.056	-0.036	-15.442	-16.907	1.221	163.482	-85.682	72.740	0.00	0.00	0.00	0.00000	0.00000	0.00000	0.00000
WT2(D8:09:BF:40:2B:C3)	3.94	13103	 2021-05-17 20:32:50.773	0.987	-0.220	0.135	-12.512	-3.723	-13.184	-56.025	-76.267	-138.384	0.00	0.00	0.00	0.00000	0.00000	0.00000	0.00000
WT1(E604078EA627)	3.91	13104	 2021-05-17 20:32:50.816	1.041	0.031	-0.042	-11.841	-12.024	0.549	166.218	-84.490	69.615	0.00	0.00	0.00	0.00000	0.00000	0.00000	0.00000
WT2(D8:09:BF:40:2B:C3)	3.94	13103	 2021-05-17 20:32:50.887	0.983	-0.210	0.111	-17.334	-1.526	-7.324	-55.223	-77.272	-140.784	0.00	0.00	0.00	0.00000	0.00000	0.00000	0.00000
WT1(E604078EA627)	3.91	13104	 2021-05-17 20:32:50.965	1.033	0.020	-0.063	-12.146	-5.249	2.319	167.970	-83.738	67.489	0.00	0.00	0.00	0.00000	0.00000	0.00000	0.00000
WT2(D8:09:BF:40:2B:C3)	3.94	13103	 2021-05-17 20:32:50.982	0.971	-0.208	0.109	-15.564	-1.648	-2.441	-55.234	-77.783	-142.185	0.00	0.00	0.00	0.00000	0.00000	0.00000	0.00000
WT1(E604078EA627)	3.91	13104	 2021-05-17 20:32:51.042	1.032	0.000	-0.072	-5.859	-0.916	3.540	170.491	-83.600	64.616	0.00	0.00	0.00	0.00000	0.00000	0.00000	0.00000
WT1(E604078EA627)	3.91	13104	 2021-05-17 20:32:51.114	1.016	0.003	-0.104	-10.254	0.427	4.395	173.793	-83.699	60.782	0.00	0.00	0.00	0.00000	0.00000	0.00000	0.00000
WT2(D8:09:BF:40:2B:C3)	3.94	13103	 2021-05-17 20:32:51.150	0.995	-0.192	0.105	-5.676	-2.441	1.282	-56.371	-77.953	-141.861	0.00	0.00	0.00	0.00000	0.00000	0.00000	0.00000
WT1(E604078EA627)	3.91	13104	 2021-05-17 20:32:51.235	1.030	0.064	-0.120	-8.911	-2.869	1.709	174.144	-83.551	60.672	0.00	0.00	0.00	0.00000	0.00000	0.00000	0.00000
WT2(D8:09:BF:40:2B:C3)	3.94	13103	 2021-05-17 20:32:51.286	0.997	-0.197	0.111	3.052	-1.160	1.831	-57.178	-77.921	-141.740	0.00	0.00	0.00	0.00000	0.00000	0.00000	0.00000
WT2(D8:09:BF:40:2B:C3)	3.94	13103	 2021-05-17 20:32:51.290	0.980	-0.207	0.095	-1.343	0.366	-1.221	-56.898	-78.003	-142.487	0.00	0.00	0.00	0.00000	0.00000	0.00000	0.00000
WT1(E604078EA627)	3.91	13104	 2021-05-17 20:32:51.356	1.045	0.008	-0.122	2.380	-4.211	-1.160	173.765	-83.205	61.216	0.00	0.00	0.00	0.00000	0.00000	0.00000	0.00000
WT2(D8:09:BF:40:2B:C3)	3.94	13103	 2021-05-17 20:32:51.365	0.980	-0.149	0.101	-5.432	-0.061	-1.648	-56.217	-78.300	-143.723	0.00	0.00	0.00	0.00000	0.00000	0.00000	0.00000
WT1(E604078EA627)	3.91	13104	 2021-05-17 20:32:51.430	1.025	0.021	-0.119	4.761	-3.052	0.244	174.540	-82.875	60.287	0.00	0.00	0.00	0.00000	0.00000	0.00000	0.00000
WT2(D8:09:BF:40:2B:C3)	3.94	13103	 2021-05-17 20:32:51.498	0.989	-0.155	0.116	0.854	-0.671	-1.160	-56.041	-78.525	-144.679	0.00	0.00	0.00	0.00000	0.00000	0.00000	0.00000
WT1(E604078EA627)	3.91	13104	 2021-05-17 20:32:51.520	1.025	0.027	-0.119	1.038	-0.305	-0.671	174.540	-82.628	60.298	0.00	0.00	0.00	0.00000	0.00000	0.00000	0.00000
WT2(D8:09:BF:40:2B:C3)	3.94	13103	 2021-05-17 20:32:51.567	0.993	-0.148	0.116	0.549	0.732	-0.305	-55.541	-78.613	-145.701	0.00	0.00	0.00	0.00000	0.00000	0.00000	0.00000
WT1(E604078EA627)	3.91	13104	 2021-05-17 20:32:51.670	1.015	0.005	-0.126	0.549	-0.488	-0.610	173.958	-82.650	60.864	0.00	0.00	0.00	0.00000	0.00000	0.00000	0.00000
WT2(D8:09:BF:40:2B:C3)	3.94	13103	 2021-05-17 20:32:51.675	0.987	-0.154	0.104	1.282	0.793	0.427	-55.124	-78.580	-146.678	0.00	0.00	0.00	0.00000	0.00000	0.00000	0.00000
WT1(E604078EA627)	3.91	13104	 2021-05-17 20:32:51.745	1.021	-0.006	-0.120	2.197	-1.404	-0.610	173.804	-82.590	60.881	0.00	0.00	0.00	0.00000	0.00000	0.00000	0.00000
WT1(E604078EA627)	3.91	13104	 2021-05-17 20:32:51.835	1.023	0.017	-0.118	3.357	-0.671	-0.305	174.199	-82.568	60.573	0.00	0.00	0.00	0.00000	0.00000	0.00000	0.00000
WT1(E604078EA627)	3.91	13104	 2021-05-17 20:32:51.924	1.018	0.019	-0.127	0.244	-0.061	-0.610	173.919	-82.562	61.051	0.00	0.00	0.00	0.00000	0.00000	0.00000	0.00000
