设备名称	电压	版本	片上时间	加速度X(g)	加速度Y(g)	加速度Z(g)	角速度X(°/s)	角速度Y(°/s)	角速度Z(°/s)	角度X(°)	角度Y(°)	角度Z(°)	磁场X	磁场Y	磁场Z	四元数0	四元数1	四元数2	四元数3	状态
WT1(E604078EA627)	3.91	13104	 2021-05-17 20:32:13.286	1.041	0.048	-0.086	0.671	-2.563	0.977	160.670	-84.260	95.389	0.00	0.00	0.00	0.00000	0.00000	0.00000	0.00000
WT1(E604078EA627)	3.91	13104	 2021-05-17 20:32:13.299	1.036	0.038	-0.071	0.854	-0.061	0.793	162.158	-84.238	93.675	0.00	0.00	0.00	0.00000	0.00000	0.00000	0.00000
WT2(D8:09:BF:40:2B:C3)	3.94	13103	 2021-05-17 20:32:13.332	1.000	-0.160	0.094	4.700	-1.099	0.061	-57.607	-79.420	-153.419	0.00	0.00	0.00	0.00000	0.00000	0.00000	0.00000
WT2(D8:09:BF:40:2B:C3)	3.94	13103	 2021-05-17 20:32:13.390	1.001	-0.119	0.093	-0.671	0.977	1.709	-57.645	-79.448	-152.957	0.00	0.00	0.00	0.00000	0.00000	0.00000	0.00000
WT1(E604078EA627)	3.91	13104	 2021-05-17 20:32:13.408	1.026	0.056	-0.097	-5.920	0.916	0.183	161.713	-84.342	94.125	0.00	0.00	0.00	0.00000	0.00000	0.00000	0.00000
WT2(D8:09:BF:40:2B:C3)	3.94	13103	 2021-05-17 20:32:13.487	0.997	-0.141	0.101	2.869	0.793	1.648	-57.568	-79.343	-152.979	0.00	0.00	0.00	0.00000	0.00000	0.00000	0.00000
WT1(E604078EA627)	3.91	13104	 2021-05-17 20:32:13.540	1.029	0.039	-0.100	-1.953	0.244	-0.732	160.873	-84.380	94.818	0.00	0.00	0.00	0.00000	0.00000	0.00000	0.00000
WT2(D8:09:BF:40:2B:C3)	3.94	13103	 2021-05-17 20:32:13.595	0.993	-0.159	0.085	4.700	-0.366	0.549	-57.546	-79.277	-152.941	0.00	0.00	0.00	0.00000	0.00000	0.00000	0.00000
WT1(E604078EA627)	3.91	13104	 2021-05-17 20:32:13.615	1.029	0.037	-0.083	-0.305	-0.549	0.366	160.708	-84.359	95.026	0.00	0.00	0.00	0.00000	0.00000	0.00000	0.00000
WT2(D8:09:BF:40:2B:C3)	3.94	13103	 2021-05-17 20:32:13.689	1.005	-0.155	0.094	3.235	-0.977	0.549	-57.684	-79.283	-152.567	0.00	0.00	0.00	0.00000	0.00000	0.00000	0.00000
WT1(E604078EA627)	3.91	13104	 2021-05-17 20:32:13.750	1.017	0.034	-0.099	0.977	1.099	0.610	161.603	-84.408	94.076	0.00	0.00	0.00	0.00000	0.00000	0.00000	0.00000
WT2(D8:09:BF:40:2B:C3)	3.94	13103	 2021-05-17 20:32:13.796	1.000	-0.122	0.104	2.502	-0.488	0.244	-57.728	-79.360	-152.276	0.00	0.00	0.00	0.00000	0.00000	0.00000	0.00000
WT1(E604078EA627)	3.91	13104	 2021-05-17 20:32:13.826	1.022	0.040	-0.096	2.136	-0.610	0.061	162.164	-84.342	93.642	0.00	0.00	0.00	0.00000	0.00000	0.00000	0.00000
WT2(D8:09:BF:40:2B:C3)	3.94	13103	 2021-05-17 20:32:13.887	0.994	-0.115	0.088	-0.427	-0.183	1.831	-57.761	-79.415	-152.023	0.00	0.00	0.00	0.00000	0.00000	0.00000	0.00000
WT1(E604078EA627)	3.91	13104	 2021-05-17 20:32:13.945	1.028	0.004	-0.088	-2.502	2.319	0.671	161.796	-84.386	93.988	0.00	0.00	0.00	0.00000	0.00000	0.00000	0.00000
WT2(D8:09:BF:40:2B:C3)	3.94	13103	 2021-05-17 20:32:13.993	1.011	-0.163	0.085	1.038	-0.488	3.235	-58.535	-79.288	-151.227	0.00	0.00	0.00	0.00000	0.00000	0.00000	0.00000
WT1(E604078EA627)	3.91	13104	 2021-05-17 20:32:14.021	1.031	0.020	-0.087	3.540	2.991	0.366	161.818	-84.639	93.900	0.00	0.00	0.00	0.00000	0.00000	0.00000	0.00000
WT2(D8:09:BF:40:2B:C3)	3.94	13103	 2021-05-17 20:32:14.101	0.984	-0.146	0.098	4.333	-0.549	3.723	-59.420	-79.091	-149.870	0.00	0.00	0.00	0.00000	0.00000	0.00000	0.00000
WT1(E604078EA627)	3.91	13104	 2021-05-17 20:32:14.110	1.036	0.064	-0.060	-0.427	5.005	0.061	160.840	-84.979	95.257	0.00	0.00	0.00	0.00000	0.00000	0.00000	0.00000
WT2(D8:09:BF:40:2B:C3)	3.94	13103	 2021-05-17 20:32:14.198	1.004	-0.171	0.089	3.479	0.854	8.911	-60.189	-78.607	-148.370	0.00	0.00	0.00	0.00000	0.00000	0.00000	0.00000
WT1(E604078EA627)	3.91	13104	 2021-05-17 20:32:14.232	1.041	0.038	-0.013	3.235	10.559	-2.075	154.545	-85.847	102.008	0.00	0.00	0.00	0.00000	0.00000	0.00000	0.00000
WT2(D8:09:BF:40:2B:C3)	3.94	13103	 2021-05-17 20:32:14.291	0.997	-0.193	0.088	8.911	2.869	15.320	-61.589	-77.404	-146.069	0.00	0.00	0.00	0.00000	0.00000	0.00000	0.00000
WT1(E604078EA627)	3.91	13104	 2021-05-17 20:32:14.337	1.040	0.022	-0.029	10.071	16.846	-3.479	138.224	-86.946	119.086	0.00	0.00	0.00	0.00000	0.00000	0.00000	0.00000
WT2(D8:09:BF:40:2B:C3)	3.94	13103	 2021-05-17 20:32:14.400	0.989	-0.214	0.106	9.338	3.174	18.860	-62.820	-75.789	-143.657	0.00	0.00	0.00	0.00000	0.00000	0.00000	0.00000
WT2(D8:09:BF:40:2B:C3)	3.94	13103	 2021-05-17 20:32:14.495	0.983	-0.172	0.123	22.339	4.150	22.705	-63.627	-73.839	-140.828	0.00	0.00	0.00	0.00000	0.00000	0.00000	0.00000
WT2(D8:09:BF:40:2B:C3)	3.94	13103	 2021-05-17 20:32:14.585	0.981	-0.242	0.126	23.499	3.845	25.330	-64.688	-71.658	-138.389	0.00	0.00	0.00	0.00000	0.00000	0.00000	0.00000
WT1(E604078EA627)	3.91	13104	 2021-05-17 20:32:14.651	1.054	0.019	0.013	22.400	17.212	-5.310	101.294	-87.572	157.110	0.00	0.00	0.00	0.00000	0.00000	0.00000	0.00000
WT1(E604078EA627)	3.91	13104	 2021-05-17 20:32:14.664	1.036	0.018	0.033	15.747	23.376	-3.967	61.694	-86.776	-161.906	0.00	0.00	0.00	0.00000	0.00000	0.00000	0.00000
WT1(E604078EA627)	3.91	13104	 2021-05-17 20:32:14.665	1.031	0.061	0.086	11.475	24.231	-2.502	41.028	-84.963	-140.109	0.00	0.00	0.00	0.00000	0.00000	0.00000	0.00000
WT2(D8:09:BF:40:2B:C3)	3.94	13103	 2021-05-17 20:32:14.694	0.961	-0.329	0.146	18.677	4.211	25.024	-65.566	-69.318	-136.132	0.00	0.00	0.00	0.00000	0.00000	0.00000	0.00000
WT1(E604078EA627)	3.91	13104	 2021-05-17 20:32:14.725	1.037	0.144	0.122	18.372	23.926	-5.737	32.113	-82.645	-129.864	0.00	0.00	0.00	0.00000	0.00000	0.00000	0.00000
WT2(D8:09:BF:40:2B:C3)	3.94	13103	 2021-05-17 20:32:14.789	0.969	-0.266	0.156	2.502	7.568	27.222	-65.528	-66.857	-134.258	0.00	0.00	0.00	0.00000	0.00000	0.00000	0.00000
WT1(E604078EA627)	3.91	13104	 2021-05-17 20:32:14.844	1.017	0.174	0.165	2.136	28.076	-6.653	28.499	-80.002	-125.442	0.00	0.00	0.00	0.00000	0.00000	0.00000	0.00000
WT2(D8:09:BF:40:2B:C3)	3.94	13103	 2021-05-17 20:32:14.926	0.947	-0.361	0.173	-2.014	9.277	28.320	-65.484	-64.138	-133.006	0.00	0.00	0.00	0.00000	0.00000	0.00000	0.00000
WT1(E604078EA627)	3.91	13104	 2021-05-17 20:32:14.954	1.033	0.191	0.202	-5.432	27.771	-6.470	26.724	-77.212	-122.871	0.00	0.00	0.00	0.00000	0.00000	0.00000	0.00000
WT2(D8:09:BF:40:2B:C3)	3.94	13103	 2021-05-17 20:32:14.987	0.927	-0.417	0.189	-13.977	11.169	32.349	-65.380	-61.073	-131.797	0.00	0.00	0.00	0.00000	0.00000	0.00000	0.00000
WT1(E604078EA627)	3.91	13104	 2021-05-17 20:32:15.026	1.048	0.125	0.279	-17.700	31.799	-5.859	23.406	-74.152	-119.982	0.00	0.00	0.00	0.00000	0.00000	0.00000	0.00000
WT2(D8:09:BF:40:2B:C3)	3.94	13103	 2021-05-17 20:32:15.097	0.859	-0.518	0.218	-1.282	9.705	36.255	-66.050	-57.491	-130.369	0.00	0.00	0.00	0.00000	0.00000	0.00000	0.00000
WT1(E604078EA627)	3.91	13104	 2021-05-17 20:32:15.129	1.030	0.047	0.327	-7.751	40.283	-5.615	20.748	-70.461	-117.065	0.00	0.00	0.00	0.00000	0.00000	0.00000	0.00000
WT2(D8:09:BF:40:2B:C3)	3.94	13103	 2021-05-17 20:32:15.174	0.831	-0.590	0.240	2.930	9.216	41.504	-66.412	-53.509	-128.529	0.00	0.00	0.00	0.00000	0.00000	0.00000	0.00000
WT1(E604078EA627)	3.91	13104	 2021-05-17 20:32:15.251	0.989	0.049	0.374	13.000	43.274	-6.104	19.281	-66.385	-114.681	0.00	0.00	0.00	0.00000	0.00000	0.00000	0.00000
WT2(D8:09:BF:40:2B:C3)	3.94	13103	 2021-05-17 20:32:15.266	0.783	-0.553	0.247	9.155	10.376	43.884	-66.330	-49.224	-126.595	0.00	0.00	0.00	0.00000	0.00000	0.00000	0.00000
WT1(E604078EA627)	3.91	13104	 2021-05-17 20:32:15.355	0.947	0.151	0.442	34.973	43.640	-9.155	19.083	-62.128	-113.049	0.00	0.00	0.00	0.00000	0.00000	0.00000	0.00000
WT2(D8:09:BF:40:2B:C3)	3.94	13103	 2021-05-17 20:32:15.390	0.746	-0.496	0.292	8.362	12.695	43.335	-65.830	-44.989	-124.816	0.00	0.00	0.00	0.00000	0.00000	0.00000	0.00000
WT2(D8:09:BF:40:2B:C3)	3.94	13103	 2021-05-17 20:32:15.473	0.688	-0.584	0.325	15.381	10.986	39.795	-65.566	-40.963	-123.195	0.00	0.00	0.00	0.00000	0.00000	0.00000	0.00000
WT1(E604078EA627)	3.91	13104	 2021-05-17 20:32:15.505	0.895	0.245	0.487	7.813	39.734	-7.019	18.408	-57.991	-111.725	0.00	0.00	0.00	0.00000	0.00000	0.00000	0.00000
WT1(E604078EA627)	3.91	13104	 2021-05-17 20:32:15.551	0.849	0.160	0.512	8.179	32.837	-9.155	19.061	-54.349	-111.127	0.00	0.00	0.00	0.00000	0.00000	0.00000	0.00000
WT2(D8:09:BF:40:2B:C3)	3.94	13103	 2021-05-17 20:32:15.595	0.647	-0.742	0.322	7.996	7.874	34.180	-64.902	-37.441	-121.866	0.00	0.00	0.00	0.00000	0.00000	0.00000	0.00000
WT1(E604078EA627)	3.91	13104	 2021-05-17 20:32:15.642	0.808	0.176	0.565	12.573	27.832	-7.996	19.984	-51.290	-110.918	0.00	0.00	0.00	0.00000	0.00000	0.00000	0.00000
WT2(D8:09:BF:40:2B:C3)	3.94	13103	 2021-05-17 20:32:15.670	0.588	-0.753	0.369	9.644	9.888	26.184	-64.023	-34.525	-120.740	0.00	0.00	0.00	0.00000	0.00000	0.00000	0.00000
WT1(E604078EA627)	3.91	13104	 2021-05-17 20:32:15.745	0.787	0.218	0.636	20.569	28.503	-10.071	21.176	-48.417	-110.830	0.00	0.00	0.00	0.00000	0.00000	0.00000	0.00000
WT2(D8:09:BF:40:2B:C3)	3.94	13103	 2021-05-17 20:32:15.763	0.562	-0.771	0.371	10.986	10.681	26.550	-63.089	-31.871	-119.839	0.00	0.00	0.00	0.00000	0.00000	0.00000	0.00000
WT1(E604078EA627)	3.91	13104	 2021-05-17 20:32:15.865	0.755	0.254	0.664	14.038	28.625	-12.573	22.044	-45.461	-110.869	0.00	0.00	0.00	0.00000	0.00000	0.00000	0.00000
WT2(D8:09:BF:40:2B:C3)	3.94	13103	 2021-05-17 20:32:15.872	0.517	-0.774	0.398	9.827	13.123	26.367	-62.688	-29.141	-119.130	0.00	0.00	0.00	0.00000	0.00000	0.00000	0.00000
WT2(D8:09:BF:40:2B:C3)	3.94	13103	 2021-05-17 20:32:15.962	0.500	-0.823	0.456	6.653	14.404	27.100	-62.743	-26.071	-118.548	0.00	0.00	0.00	0.00000	0.00000	0.00000	0.00000
WT1(E604078EA627)	3.91	13104	 2021-05-17 20:32:15.970	0.711	0.331	0.784	20.447	33.752	-11.047	22.324	-42.259	-111.077	0.00	0.00	0.00	0.00000	0.00000	0.00000	0.00000
WT1(E604078EA627)	3.91	13104	 2021-05-17 20:32:16.046	0.691	0.410	0.785	15.930	39.490	-13.550	22.203	-38.353	-110.490	0.00	0.00	0.00	0.00000	0.00000	0.00000	0.00000
WT2(D8:09:BF:40:2B:C3)	3.94	13103	 2021-05-17 20:32:16.073	0.426	-0.839	0.497	0.061	15.747	35.522	-61.760	-22.363	-117.691	0.00	0.00	0.00	0.00000	0.00000	0.00000	0.00000
WT2(D8:09:BF:40:2B:C3)	3.94	13103	 2021-05-17 20:32:16.169	0.351	-0.806	0.436	12.451	19.653	41.992	-61.117	-18.144	-116.867	0.00	0.00	0.00	0.00000	0.00000	0.00000	0.00000
WT1(E604078EA627)	3.91	13104	 2021-05-17 20:32:16.172	0.615	0.408	0.809	3.723	43.396	-16.479	22.846	-34.041	-110.391	0.00	0.00	0.00	0.00000	0.00000	0.00000	0.00000
WT1(E604078EA627)	3.91	13104	 2021-05-17 20:32:16.258	0.520	0.384	0.793	0.366	47.180	-13.245	22.028	-29.460	-109.951	0.00	0.00	0.00	0.00000	0.00000	0.00000	0.00000
WT2(D8:09:BF:40:2B:C3)	3.94	13103	 2021-05-17 20:32:16.273	0.251	-0.852	0.417	21.973	16.479	43.823	-61.760	-13.585	-115.900	0.00	0.00	0.00	0.00000	0.00000	0.00000	0.00000
WT1(E604078EA627)	3.91	13104	 2021-05-17 20:32:16.345	0.445	0.333	0.797	-0.183	40.283	-12.146	22.934	-25.093	-109.572	0.00	0.00	0.00	0.00000	0.00000	0.00000	0.00000
WT2(D8:09:BF:40:2B:C3)	3.94	13103	 2021-05-17 20:32:16.412	0.198	-0.789	0.468	9.521	15.625	37.476	-60.787	-9.421	-114.752	0.00	0.00	0.00	0.00000	0.00000	0.00000	0.00000
WT1(E604078EA627)	3.91	13104	 2021-05-17 20:32:16.450	0.396	0.292	0.796	-8.850	40.466	-12.390	23.736	-21.143	-109.177	0.00	0.00	0.00	0.00000	0.00000	0.00000	0.00000
WT2(D8:09:BF:40:2B:C3)	3.94	13103	 2021-05-17 20:32:16.474	0.140	-0.752	0.462	-6.714	14.648	32.715	-60.018	-5.702	-113.730	0.00	0.00	0.00	0.00000	0.00000	0.00000	0.00000
WT1(E604078EA627)	3.91	13104	 2021-05-17 20:32:16.554	0.320	0.340	0.835	-2.014	34.790	-10.803	24.192	-17.271	-108.748	0.00	0.00	0.00	0.00000	0.00000	0.00000	0.00000
WT2(D8:09:BF:40:2B:C3)	3.94	13103	 2021-05-17 20:32:16.616	0.076	-0.847	0.471	-1.831	10.681	31.372	-59.661	-2.450	-112.835	0.00	0.00	0.00	0.00000	0.00000	0.00000	0.00000
WT1(E604078EA627)	3.91	13104	 2021-05-17 20:32:16.659	0.273	0.432	0.874	-8.118	27.649	-10.681	24.587	-14.095	-108.325	0.00	0.00	0.00	0.00000	0.00000	0.00000	0.00000
WT2(D8:09:BF:40:2B:C3)	3.94	13103	 2021-05-17 20:32:16.710	0.051	-0.810	0.526	4.578	14.038	27.161	-59.073	0.352	-112.028	0.00	0.00	0.00	0.00000	0.00000	0.00000	0.00000
WT2(D8:09:BF:40:2B:C3)	3.94	13103	 2021-05-17 20:32:16.755	-0.018	-0.900	0.530	0.122	11.047	24.902	-59.106	2.796	-111.396	0.00	0.00	0.00	0.00000	0.00000	0.00000	0.00000
WT1(E604078EA627)	3.91	13104	 2021-05-17 20:32:16.768	0.212	0.352	0.898	2.869	20.508	-8.850	24.208	-11.453	-108.078	0.00	0.00	0.00	0.00000	0.00000	0.00000	0.00000
WT1(E604078EA627)	3.91	13104	 2021-05-17 20:32:16.855	0.146	0.422	0.901	1.221	18.005	-6.409	23.752	-9.261	-107.787	0.00	0.00	0.00	0.00000	0.00000	0.00000	0.00000
WT2(D8:09:BF:40:2B:C3)	3.94	13103	 2021-05-17 20:32:16.876	-0.069	-0.951	0.514	5.554	10.010	19.409	-59.161	4.867	-110.885	0.00	0.00	0.00	0.00000	0.00000	0.00000	0.00000
WT1(E604078EA627)	3.91	13104	 2021-05-17 20:32:16.960	0.137	0.438	0.915	-18.250	18.433	-3.601	22.687	-7.454	-107.567	0.00	0.00	0.00	0.00000	0.00000	0.00000	0.00000
WT2(D8:09:BF:40:2B:C3)	3.94	13103	 2021-05-17 20:32:16.969	-0.084	-0.791	0.518	7.813	9.033	13.367	-58.914	6.592	-110.490	0.00	0.00	0.00	0.00000	0.00000	0.00000	0.00000
WT1(E604078EA627)	3.91	13104	 2021-05-17 20:32:17.066	0.073	0.381	0.949	-25.574	15.381	0.732	20.391	-5.674	-107.034	0.00	0.00	0.00	0.00000	0.00000	0.00000	0.00000
WT2(D8:09:BF:40:2B:C3)	3.94	13103	 2021-05-17 20:32:17.157	-0.124	-0.890	0.503	1.831	6.653	10.559	-59.584	7.927	-110.105	0.00	0.00	0.00	0.00000	0.00000	0.00000	0.00000
WT1(E604078EA627)	3.91	13104	 2021-05-17 20:32:17.160	0.076	0.314	0.941	2.014	12.390	-3.296	18.512	-4.345	-106.661	0.00	0.00	0.00	0.00000	0.00000	0.00000	0.00000
WT2(D8:09:BF:40:2B:C3)	3.94	13103	 2021-05-17 20:32:17.162	-0.145	-0.813	0.508	-33.447	4.639	10.437	-60.397	9.190	-109.759	0.00	0.00	0.00	0.00000	0.00000	0.00000	0.00000
WT2(D8:09:BF:40:2B:C3)	3.94	13103	 2021-05-17 20:32:17.251	-0.140	-0.883	0.471	-40.955	7.446	10.498	-61.551	10.223	-109.644	0.00	0.00	0.00	0.00000	0.00000	0.00000	0.00000
WT1(E604078EA627)	3.91	13104	 2021-05-17 20:32:17.260	0.051	0.269	0.936	-31.067	10.742	-0.061	15.304	-2.988	-106.315	0.00	0.00	0.00	0.00000	0.00000	0.00000	0.00000
WT2(D8:09:BF:40:2B:C3)	3.94	13103	 2021-05-17 20:32:17.359	-0.156	-0.968	0.423	-22.522	2.197	10.620	-63.660	11.184	-109.649	0.00	0.00	0.00	0.00000	0.00000	0.00000	0.00000
WT1(E604078EA627)	3.91	13104	 2021-05-17 20:32:17.365	0.030	0.351	0.962	-31.738	8.057	-1.099	12.722	-1.939	-106.276	0.00	0.00	0.00	0.00000	0.00000	0.00000	0.00000
WT2(D8:09:BF:40:2B:C3)	3.94	13103	 2021-05-17 20:32:17.450	-0.178	-1.038	0.412	3.113	2.930	3.784	-64.479	11.794	-109.649	0.00	0.00	0.00	0.00000	0.00000	0.00000	0.00000
WT1(E604078EA627)	3.91	13104	 2021-05-17 20:32:17.531	0.032	0.381	0.956	-13.794	2.808	-4.639	12.332	-1.483	-106.479	0.00	0.00	0.00	0.00000	0.00000	0.00000	0.00000
WT2(D8:09:BF:40:2B:C3)	3.94	13103	 2021-05-17 20:32:17.543	-0.187	-1.018	0.405	-17.761	4.150	0.916	-64.649	12.096	-109.775	0.00	0.00	0.00	0.00000	0.00000	0.00000	0.00000
WT1(E604078EA627)	3.91	13104	 2021-05-17 20:32:17.559	0.014	0.258	0.989	12.268	-1.160	-5.676	11.558	-1.346	-106.771	0.00	0.00	0.00	0.00000	0.00000	0.00000	0.00000
WT2(D8:09:BF:40:2B:C3)	3.94	13103	 2021-05-17 20:32:17.650	-0.162	-0.912	0.384	-27.527	3.479	0.854	-64.385	12.321	-109.995	0.00	0.00	0.00	0.00000	0.00000	0.00000	0.00000
WT1(E604078EA627)	3.91	13104	 2021-05-17 20:32:17.667	0.009	0.229	0.987	21.545	-2.625	-6.836	11.288	-1.335	-107.309	0.00	0.00	0.00	0.00000	0.00000	0.00000	0.00000
WT2(D8:09:BF:40:2B:C3)	3.94	13103	 2021-05-17 20:32:17.778	-0.152	-0.861	0.393	-25.024	3.052	-3.113	-64.528	12.277	-110.286	0.00	0.00	0.00	0.00000	0.00000	0.00000	0.00000
WT1(E604078EA627)	3.91	13104	 2021-05-17 20:32:17.785	0.012	0.168	0.973	24.536	-2.014	-4.761	10.761	-1.412	-107.814	0.00	0.00	0.00	0.00000	0.00000	0.00000	0.00000
WT1(E604078EA627)	3.91	13104	 2021-05-17 20:32:17.860	0.027	0.238	0.973	18.677	-5.798	-3.906	12.134	-1.769	-108.270	0.00	0.00	0.00	0.00000	0.00000	0.00000	0.00000
WT2(D8:09:BF:40:2B:C3)	3.94	13103	 2021-05-17 20:32:17.868	-0.167	-0.897	0.421	4.944	-0.244	-4.272	-64.319	11.904	-110.468	0.00	0.00	0.00	0.00000	0.00000	0.00000	0.00000
WT1(E604078EA627)	3.91	13104	 2021-05-17 20:32:17.979	0.038	0.217	0.958	8.850	-7.324	-3.052	11.992	-2.362	-108.600	0.00	0.00	0.00	0.00000	0.00000	0.00000	0.00000
WT2(D8:09:BF:40:2B:C3)	3.94	13103	 2021-05-17 20:32:17.992	-0.170	-0.979	0.401	-21.790	-0.488	-6.104	-64.528	11.387	-110.561	0.00	0.00	0.00	0.00000	0.00000	0.00000	0.00000
WT2(D8:09:BF:40:2B:C3)	3.94	13103	 2021-05-17 20:32:18.053	-0.165	-0.915	0.411	-6.409	-1.648	-8.850	-64.210	10.613	-110.643	0.00	0.00	0.00	0.00000	0.00000	0.00000	0.00000
WT1(E604078EA627)	3.91	13104	 2021-05-17 20:32:18.086	0.062	0.191	0.953	1.526	-11.719	-0.549	12.415	-3.307	-108.979	0.00	0.00	0.00	0.00000	0.00000	0.00000	0.00000
WT2(D8:09:BF:40:2B:C3)	3.94	13103	 2021-05-17 20:32:18.148	-0.139	-0.904	0.400	5.127	-3.296	-11.719	-64.578	9.509	-110.654	0.00	0.00	0.00	0.00000	0.00000	0.00000	0.00000
WT1(E604078EA627)	3.91	13104	 2021-05-17 20:32:18.177	0.059	0.221	0.953	2.625	-13.123	0.000	12.876	-4.510	-109.144	0.00	0.00	0.00	0.00000	0.00000	0.00000	0.00000
WT2(D8:09:BF:40:2B:C3)	3.94	13103	 2021-05-17 20:32:18.255	-0.118	-0.908	0.416	-8.179	-2.991	-13.977	-64.770	8.086	-110.726	0.00	0.00	0.00	0.00000	0.00000	0.00000	0.00000
WT1(E604078EA627)	3.91	13104	 2021-05-17 20:32:18.280	0.105	0.215	0.947	5.310	-20.691	1.343	12.986	-6.465	-109.528	0.00	0.00	0.00	0.00000	0.00000	0.00000	0.00000
WT2(D8:09:BF:40:2B:C3)	3.94	13103	 2021-05-17 20:32:18.350	-0.070	-0.847	0.398	0.244	-5.127	-18.616	-64.693	6.284	-110.819	0.00	0.00	0.00	0.00000	0.00000	0.00000	0.00000
WT1(E604078EA627)	3.91	13104	 2021-05-17 20:32:18.370	0.152	0.230	0.964	1.099	-21.606	2.563	12.947	-8.454	-109.836	0.00	0.00	0.00	0.00000	0.00000	0.00000	0.00000
WT2(D8:09:BF:40:2B:C3)	3.94	13103	 2021-05-17 20:32:18.455	-0.048	-0.849	0.421	-1.648	-5.554	-21.484	-65.056	4.213	-110.885	0.00	0.00	0.00	0.00000	0.00000	0.00000	0.00000
WT1(E604078EA627)	3.91	13104	 2021-05-17 20:32:18.475	0.199	0.248	0.940	-7.019	-25.085	1.831	12.585	-10.953	-110.083	0.00	0.00	0.00	0.00000	0.00000	0.00000	0.00000
WT2(D8:09:BF:40:2B:C3)	3.94	13103	 2021-05-17 20:32:18.551	-0.002	-0.826	0.422	-22.461	-4.395	-24.475	-65.786	1.840	-111.022	0.00	0.00	0.00	0.00000	0.00000	0.00000	0.00000
WT1(E604078EA627)	3.91	13104	 2021-05-17 20:32:18.594	0.229	0.227	0.949	0.244	-31.494	0.977	11.058	-13.810	-110.325	0.00	0.00	0.00	0.00000	0.00000	0.00000	0.00000
WT2(D8:09:BF:40:2B:C3)	3.94	13103	 2021-05-17 20:32:18.686	0.028	-0.807	0.414	-13.855	-4.822	-26.245	-66.703	-0.824	-111.330	0.00	0.00	0.00	0.00000	0.00000	0.00000	0.00000
WT1(E604078EA627)	3.91	13104	 2021-05-17 20:32:18.731	0.299	0.180	0.943	-4.639	-34.302	0.366	10.289	-17.128	-110.891	0.00	0.00	0.00	0.00000	0.00000	0.00000	0.00000
WT2(D8:09:BF:40:2B:C3)	3.94	13103	 2021-05-17 20:32:18.747	0.084	-0.921	0.373	-8.911	-7.446	-29.053	-67.511	-3.779	-111.682	0.00	0.00	0.00	0.00000	0.00000	0.00000	0.00000
WT1(E604078EA627)	3.91	13104	 2021-05-17 20:32:18.778	0.351	0.194	0.967	-4.333	-34.241	0.916	9.706	-20.605	-111.561	0.00	0.00	0.00	0.00000	0.00000	0.00000	0.00000
WT2(D8:09:BF:40:2B:C3)	3.94	13103	 2021-05-17 20:32:18.856	0.175	-0.945	0.349	-7.568	-8.179	-28.748	-67.830	-6.899	-112.061	0.00	0.00	0.00	0.00000	0.00000	0.00000	0.00000
WT2(D8:09:BF:40:2B:C3)	3.94	13103	 2021-05-17 20:32:18.933	0.196	-0.980	0.361	-0.244	-6.165	-32.410	-68.395	-10.184	-112.462	0.00	0.00	0.00	0.00000	0.00000	0.00000	0.00000
WT1(E604078EA627)	3.91	13104	 2021-05-17 20:32:18.940	0.411	0.154	0.913	-18.616	-35.095	3.357	8.778	-24.181	-112.159	0.00	0.00	0.00	0.00000	0.00000	0.00000	0.00000
WT1(E604078EA627)	3.91	13104	 2021-05-17 20:32:19.000	0.493	0.139	0.861	-11.108	-38.513	2.747	8.405	-27.850	-112.868	0.00	0.00	0.00	0.00000	0.00000	0.00000	0.00000
WT2(D8:09:BF:40:2B:C3)	3.94	13103	 2021-05-17 20:32:19.027	0.257	-0.923	0.350	9.277	-8.057	-31.433	-68.318	-13.464	-112.841	0.00	0.00	0.00	0.00000	0.00000	0.00000	0.00000
WT1(E604078EA627)	3.91	13104	 2021-05-17 20:32:19.090	0.504	0.080	0.844	-10.559	-37.903	2.625	7.938	-31.624	-113.593	0.00	0.00	0.00	0.00000	0.00000	0.00000	0.00000
WT2(D8:09:BF:40:2B:C3)	3.94	13103	 2021-05-17 20:32:19.149	0.323	-0.934	0.344	17.090	-6.836	-32.104	-68.912	-17.034	-113.297	0.00	0.00	0.00	0.00000	0.00000	0.00000	0.00000
WT1(E604078EA627)	3.91	13104	 2021-05-17 20:32:19.180	0.614	0.125	0.829	-6.714	-46.631	-2.563	8.015	-35.832	-114.417	0.00	0.00	0.00	0.00000	0.00000	0.00000	0.00000
WT2(D8:09:BF:40:2B:C3)	3.94	13103	 2021-05-17 20:32:19.228	0.388	-0.866	0.358	9.277	-7.507	-37.415	-68.774	-20.885	-113.884	0.00	0.00	0.00	0.00000	0.00000	0.00000	0.00000
WT1(E604078EA627)	3.91	13104	 2021-05-17 20:32:19.288	0.715	0.019	0.733	-16.785	-39.001	-2.869	7.465	-40.172	-115.373	0.00	0.00	0.00	0.00000	0.00000	0.00000	0.00000
WT2(D8:09:BF:40:2B:C3)	3.94	13103	 2021-05-17 20:32:19.366	0.451	-0.826	0.373	-4.028	-5.737	-44.800	-68.989	-25.109	-114.604	0.00	0.00	0.00	0.00000	0.00000	0.00000	0.00000
WT1(E604078EA627)	3.91	13104	 2021-05-17 20:32:19.390	0.749	0.049	0.704	-1.465	-50.354	-3.662	6.504	-44.703	-116.351	0.00	0.00	0.00	0.00000	0.00000	0.00000	0.00000
WT2(D8:09:BF:40:2B:C3)	3.94	13103	 2021-05-17 20:32:19.428	0.519	-0.872	0.320	7.507	-8.179	-44.006	-69.565	-29.388	-115.378	0.00	0.00	0.00	0.00000	0.00000	0.00000	0.00000
WT1(E604078EA627)	3.91	13104	 2021-05-17 20:32:19.495	0.824	0.063	0.694	3.235	-50.537	-3.174	6.361	-49.812	-117.636	0.00	0.00	0.00	0.00000	0.00000	0.00000	0.00000
WT2(D8:09:BF:40:2B:C3)	3.94	13103	 2021-05-17 20:32:19.599	0.575	-0.754	0.340	7.996	-7.446	-47.241	-69.049	-33.981	-116.312	0.00	0.00	0.00	0.00000	0.00000	0.00000	0.00000
WT1(E604078EA627)	3.91	13104	 2021-05-17 20:32:19.604	0.881	0.124	0.620	-16.968	-48.218	1.831	6.015	-54.695	-118.641	0.00	0.00	0.00	0.00000	0.00000	0.00000	0.00000
WT2(D8:09:BF:40:2B:C3)	3.94	13103	 2021-05-17 20:32:19.627	0.630	-0.620	0.329	2.869	-4.272	-47.485	-68.928	-38.386	-117.307	0.00	0.00	0.00	0.00000	0.00000	0.00000	0.00000
WT1(E604078EA627)	3.91	13104	 2021-05-17 20:32:19.691	0.927	0.059	0.561	-0.671	-42.236	-0.854	5.905	-59.271	-119.844	0.00	0.00	0.00	0.00000	0.00000	0.00000	0.00000
WT2(D8:09:BF:40:2B:C3)	3.94	13103	 2021-05-17 20:32:19.753	0.688	-0.527	0.315	13.794	-7.080	-46.082	-68.588	-42.605	-118.185	0.00	0.00	0.00	0.00000	0.00000	0.00000	0.00000
WT1(E604078EA627)	3.91	13104	 2021-05-17 20:32:19.814	0.924	0.057	0.479	9.155	-34.729	-3.296	5.696	-63.023	-120.504	0.00	0.00	0.00	0.00000	0.00000	0.00000	0.00000
WT2(D8:09:BF:40:2B:C3)	3.94	13103	 2021-05-17 20:32:19.843	0.732	-0.602	0.308	21.729	-6.104	-41.504	-68.209	-46.593	-118.982	0.00	0.00	0.00	0.00000	0.00000	0.00000	0.00000
WT1(E604078EA627)	3.91	13104	 2021-05-17 20:32:19.915	0.975	0.039	0.453	-2.869	-30.090	1.343	6.844	-66.511	-121.712	0.00	0.00	0.00	0.00000	0.00000	0.00000	0.00000
WT2(D8:09:BF:40:2B:C3)	3.94	13103	 2021-05-17 20:32:19.934	0.801	-0.569	0.234	-7.324	-9.033	-31.189	-67.709	-49.664	-119.740	0.00	0.00	0.00	0.00000	0.00000	0.00000	0.00000
WT1(E604078EA627)	3.91	13104	 2021-05-17 20:32:20.006	0.971	0.063	0.365	-10.315	-24.902	1.953	6.531	-69.049	-122.025	0.00	0.00	0.00	0.00000	0.00000	0.00000	0.00000
WT2(D8:09:BF:40:2B:C3)	3.94	13103	 2021-05-17 20:32:20.043	0.805	-0.537	0.236	-4.761	-8.118	-28.809	-67.396	-52.498	-120.394	0.00	0.00	0.00	0.00000	0.00000	0.00000	0.00000
WT1(E604078EA627)	3.91	13104	 2021-05-17 20:32:20.096	1.035	0.036	0.315	-11.353	-28.687	-4.272	6.773	-71.829	-123.256	0.00	0.00	0.00	0.00000	0.00000	0.00000	0.00000
WT2(D8:09:BF:40:2B:C3)	3.94	13103	 2021-05-17 20:32:20.151	0.875	-0.515	0.258	-1.160	-4.333	-30.396	-67.165	-55.245	-121.509	0.00	0.00	0.00	0.00000	0.00000	0.00000	0.00000
WT1(E604078EA627)	3.91	13104	 2021-05-17 20:32:20.215	1.007	-0.021	0.258	-22.339	-27.466	-9.521	6.652	-74.487	-125.211	0.00	0.00	0.00	0.00000	0.00000	0.00000	0.00000
WT2(D8:09:BF:40:2B:C3)	3.94	13103	 2021-05-17 20:32:20.230	0.889	-0.608	0.190	-20.020	0.427	-31.189	-66.714	-58.079	-123.964	0.00	0.00	0.00	0.00000	0.00000	0.00000	0.00000
WT2(D8:09:BF:40:2B:C3)	3.94	13103	 2021-05-17 20:32:20.336	0.883	-0.487	0.126	-51.453	-3.357	-29.419	-64.111	-60.848	-126.793	0.00	0.00	0.00	0.00000	0.00000	0.00000	0.00000
WT1(E604078EA627)	3.91	13104	 2021-05-17 20:32:20.352	1.010	-0.065	0.236	-27.710	-27.344	-2.930	9.877	-77.069	-129.743	0.00	0.00	0.00	0.00000	0.00000	0.00000	0.00000
WT1(E604078EA627)	3.91	13104	 2021-05-17 20:32:20.410	1.022	0.036	0.179	-6.836	-25.818	0.061	6.669	-79.503	-129.902	0.00	0.00	0.00	0.00000	0.00000	0.00000	0.00000
WT2(D8:09:BF:40:2B:C3)	3.94	13103	 2021-05-17 20:32:20.429	0.921	-0.459	0.149	2.991	-5.737	-29.175	-65.094	-63.787	-129.012	0.00	0.00	0.00	0.00000	0.00000	0.00000	0.00000
WT1(E604078EA627)	3.91	13104	 2021-05-17 20:32:20.500	1.018	0.001	0.159	-9.216	-31.433	2.319	4.971	-82.672	-130.243	0.00	0.00	0.00	0.00000	0.00000	0.00000	0.00000
WT2(D8:09:BF:40:2B:C3)	3.94	13103	 2021-05-17 20:32:20.507	0.914	-0.384	0.149	7.080	-7.263	-31.128	-64.957	-66.742	-130.935	0.00	0.00	0.00	0.00000	0.00000	0.00000	0.00000
WT1(E604078EA627)	3.91	13104	 2021-05-17 20:32:20.605	1.077	0.021	0.134	3.479	-30.334	-6.165	11.283	-85.627	-136.884	0.00	0.00	0.00	0.00000	0.00000	0.00000	0.00000
WT2(D8:09:BF:40:2B:C3)	3.94	13103	 2021-05-17 20:32:20.617	0.974	-0.367	0.156	-11.047	-6.042	-27.527	-63.342	-69.659	-133.275	0.00	0.00	0.00	0.00000	0.00000	0.00000	0.00000
WT2(D8:09:BF:40:2B:C3)	3.94	13103	 2021-05-17 20:32:20.715	0.973	-0.315	0.133	-18.799	-3.662	-18.127	-61.150	-71.878	-135.786	0.00	0.00	0.00	0.00000	0.00000	0.00000	0.00000
WT1(E604078EA627)	3.91	13104	 2021-05-17 20:32:20.717	1.069	-0.011	0.106	-0.916	-24.597	-2.625	34.404	-87.885	-159.802	0.00	0.00	0.00	0.00000	0.00000	0.00000	0.00000
WT2(D8:09:BF:40:2B:C3)	3.94	13103	 2021-05-17 20:32:20.820	0.948	-0.210	0.140	4.150	-0.488	-15.442	-58.738	-73.493	-137.637	0.00	0.00	0.00	0.00000	0.00000	0.00000	0.00000
WT1(E604078EA627)	3.91	13104	 2021-05-17 20:32:20.845	1.034	0.091	0.053	-11.780	-16.724	-0.488	81.634	-88.665	153.809	0.00	0.00	0.00	0.00000	0.00000	0.00000	0.00000
WT2(D8:09:BF:40:2B:C3)	3.94	13103	 2021-05-17 20:32:20.911	0.976	-0.102	0.155	3.540	-1.282	-10.193	-57.563	-74.658	-139.351	0.00	0.00	0.00	0.00000	0.00000	0.00000	0.00000
WT1(E604078EA627)	3.91	13104	 2021-05-17 20:32:20.950	1.028	-0.011	0.008	-13.306	-17.334	0.732	136.686	-87.836	98.932	0.00	0.00	0.00	0.00000	0.00000	0.00000	0.00000
WT2(D8:09:BF:40:2B:C3)	3.94	13103	 2021-05-17 20:32:21.034	0.967	-0.114	0.155	8.789	-2.625	-9.399	-57.123	-75.613	-140.191	0.00	0.00	0.00	0.00000	0.00000	0.00000	0.00000
WT1(E604078EA627)	3.91	13104	 2021-05-17 20:32:21.055	1.017	0.037	-0.036	3.906	-12.451	0.183	154.358	-86.924	81.958	0.00	0.00	0.00	0.00000	0.00000	0.00000	0.00000
WT2(D8:09:BF:40:2B:C3)	3.94	13103	 2021-05-17 20:32:21.114	0.989	-0.133	0.144	-10.986	-0.244	-6.226	-56.404	-76.388	-141.509	0.00	0.00	0.00	0.00000	0.00000	0.00000	0.00000
WT1(E604078EA627)	3.91	13104	 2021-05-17 20:32:21.145	1.048	-0.012	-0.036	-5.127	-7.629	0.793	159.890	-85.952	76.564	0.00	0.00	0.00	0.00000	0.00000	0.00000	0.00000
WT1(E604078EA627)	3.91	13104	 2021-05-17 20:32:21.221	1.027	-0.016	-0.041	-6.226	-1.892	3.723	164.191	-85.688	71.867	0.00	0.00	0.00	0.00000	0.00000	0.00000	0.00000
WT1(E604078EA627)	3.91	13104	 2021-05-17 20:32:21.310	1.024	0.001	-0.073	-5.920	0.183	4.639	169.475	-85.820	66.412	0.00	0.00	0.00	0.00000	0.00000	0.00000	0.00000
WT2(D8:09:BF:40:2B:C3)	3.94	13103	 2021-05-17 20:32:21.317	0.992	-0.153	0.123	-6.104	-2.502	1.526	-58.398	-76.943	-141.674	0.00	0.00	0.00	0.00000	0.00000	0.00000	0.00000
WT2(D8:09:BF:40:2B:C3)	3.94	13103	 2021-05-17 20:32:21.407	0.981	-0.139	0.122	3.052	-1.892	1.831	-59.903	-76.976	-140.762	0.00	0.00	0.00	0.00000	0.00000	0.00000	0.00000
WT1(E604078EA627)	3.91	13104	 2021-05-17 20:32:21.414	1.019	0.025	-0.079	-3.418	0.000	2.808	173.194	-85.875	62.891	0.00	0.00	0.00	0.00000	0.00000	0.00000	0.00000
WT1(E604078EA627)	3.91	13104	 2021-05-17 20:32:21.521	1.037	0.028	-0.070	-8.423	-0.488	1.648	174.727	-85.869	61.326	0.00	0.00	0.00	0.00000	0.00000	0.00000	0.00000
WT2(D8:09:BF:40:2B:C3)	3.94	13103	 2021-05-17 20:32:21.530	0.996	-0.181	0.117	-1.160	-0.549	0.977	-60.749	-77.020	-140.416	0.00	0.00	0.00	0.00000	0.00000	0.00000	0.00000
WT1(E604078EA627)	3.91	13104	 2021-05-17 20:32:21.626	1.034	-0.019	-0.083	-13.672	-1.282	2.502	174.979	-85.820	60.617	0.00	0.00	0.00	0.00000	0.00000	0.00000	0.00000
WT2(D8:09:BF:40:2B:C3)	3.94	13103	 2021-05-17 20:32:21.656	0.992	-0.130	0.114	-1.404	1.038	0.549	-60.941	-77.031	-140.960	0.00	0.00	0.00	0.00000	0.00000	0.00000	0.00000
WT2(D8:09:BF:40:2B:C3)	3.94	13103	 2021-05-17 20:32:21.731	0.982	-0.150	0.117	7.996	-1.282	0.854	-61.661	-77.014	-141.207	0.00	0.00	0.00	0.00000	0.00000	0.00000	0.00000
