设备名称	电压	版本	片上时间	加速度X(g)	加速度Y(g)	加速度Z(g)	角速度X(°/s)	角速度Y(°/s)	角速度Z(°/s)	角度X(°)	角度Y(°)	角度Z(°)	磁场X	磁场Y	磁场Z	四元数0	四元数1	四元数2	四元数3	状态
WT2(D8:09:BF:40:2B:C3)	3.94	13103	 2021-05-17 20:31:05.383	0.989	-0.203	0.071	-3.479	1.221	0.427	-72.642	-77.388	-135.956	0.00	0.00	0.00	0.00000	0.00000	0.00000	0.00000
WT1(E604078EA627)	3.91	13104	 2021-05-17 20:31:05.412	1.026	0.042	-0.019	0.305	-2.441	-1.648	109.396	-88.259	145.212	0.00	0.00	0.00	0.00000	0.00000	0.00000	0.00000
WT2(D8:09:BF:40:2B:C3)	3.94	13103	 2021-05-17 20:31:05.487	0.993	-0.197	0.063	-2.625	2.136	0.122	-71.735	-77.327	-136.719	0.00	0.00	0.00	0.00000	0.00000	0.00000	0.00000
WT1(E604078EA627)	3.91	13104	 2021-05-17 20:31:05.500	1.041	0.039	-0.022	5.188	-0.488	-1.526	117.054	-88.028	137.862	0.00	0.00	0.00	0.00000	0.00000	0.00000	0.00000
WT2(D8:09:BF:40:2B:C3)	3.94	13103	 2021-05-17 20:31:05.581	0.979	-0.186	0.074	-16.418	0.854	0.183	-71.043	-77.404	-137.527	0.00	0.00	0.00	0.00000	0.00000	0.00000	0.00000
WT1(E604078EA627)	3.91	13104	 2021-05-17 20:31:05.590	1.037	0.056	-0.007	-0.732	-2.319	0.366	119.350	-88.000	135.357	0.00	0.00	0.00	0.00000	0.00000	0.00000	0.00000
WT1(E604078EA627)	3.91	13104	 2021-05-17 20:31:05.695	1.030	0.025	-0.019	-2.197	-0.916	3.235	125.640	-88.083	128.765	0.00	0.00	0.00	0.00000	0.00000	0.00000	0.00000
WT2(D8:09:BF:40:2B:C3)	3.94	13103	 2021-05-17 20:31:05.766	0.991	-0.173	0.073	-2.319	-2.625	3.418	-71.488	-77.179	-137.142	0.00	0.00	0.00	0.00000	0.00000	0.00000	0.00000
WT1(E604078EA627)	3.91	13104	 2021-05-17 20:31:05.801	1.041	0.077	-0.017	-0.793	-0.977	3.113	131.693	-88.231	123.052	0.00	0.00	0.00	0.00000	0.00000	0.00000	0.00000
WT2(D8:09:BF:40:2B:C3)	3.94	13103	 2021-05-17 20:31:05.889	0.987	-0.222	0.063	-1.221	-2.869	2.808	-72.625	-77.003	-136.027	0.00	0.00	0.00	0.00000	0.00000	0.00000	0.00000
WT1(E604078EA627)	3.91	13104	 2021-05-17 20:31:05.920	1.035	0.080	-0.001	9.949	4.517	0.000	120.734	-88.528	134.319	0.00	0.00	0.00	0.00000	0.00000	0.00000	0.00000
WT2(D8:09:BF:40:2B:C3)	3.94	13103	 2021-05-17 20:31:05.968	0.986	-0.226	0.066	-3.357	0.916	5.493	-72.867	-76.679	-135.258	0.00	0.00	0.00	0.00000	0.00000	0.00000	0.00000
WT1(E604078EA627)	3.91	13104	 2021-05-17 20:31:06.055	1.033	0.051	0.010	8.179	7.019	-2.136	88.242	-88.572	167.322	0.00	0.00	0.00	0.00000	0.00000	0.00000	0.00000
WT2(D8:09:BF:40:2B:C3)	3.94	13103	 2021-05-17 20:31:06.075	0.987	-0.208	0.078	5.310	0.793	8.728	-72.719	-75.905	-134.648	0.00	0.00	0.00	0.00000	0.00000	0.00000	0.00000
WT2(D8:09:BF:40:2B:C3)	3.94	13103	 2021-05-17 20:31:06.169	0.971	-0.217	0.064	4.822	-0.183	10.254	-72.856	-75.059	-133.802	0.00	0.00	0.00	0.00000	0.00000	0.00000	0.00000
WT1(E604078EA627)	3.91	13104	 2021-05-17 20:31:06.205	1.028	0.035	0.030	5.432	11.353	-0.366	58.705	-88.165	-162.592	0.00	0.00	0.00	0.00000	0.00000	0.00000	0.00000
WT1(E604078EA627)	3.91	13104	 2021-05-17 20:31:06.206	1.041	0.060	0.031	8.423	11.658	-1.770	41.743	-87.270	-144.800	0.00	0.00	0.00	0.00000	0.00000	0.00000	0.00000
WT2(D8:09:BF:40:2B:C3)	3.94	13103	 2021-05-17 20:31:06.246	0.982	-0.275	0.071	3.845	1.648	9.460	-72.532	-74.152	-133.193	0.00	0.00	0.00	0.00000	0.00000	0.00000	0.00000
WT2(D8:09:BF:40:2B:C3)	3.94	13103	 2021-05-17 20:31:06.351	0.963	-0.246	0.073	2.136	0.366	10.254	-72.345	-73.213	-132.292	0.00	0.00	0.00	0.00000	0.00000	0.00000	0.00000
WT1(E604078EA627)	3.91	13104	 2021-05-17 20:31:06.370	1.045	0.048	0.053	-0.305	8.423	-1.282	35.733	-86.561	-138.131	0.00	0.00	0.00	0.00000	0.00000	0.00000	0.00000
WT1(E604078EA627)	3.91	13104	 2021-05-17 20:31:06.433	1.058	0.012	0.085	5.005	13.672	-0.305	26.499	-85.540	-128.392	0.00	0.00	0.00	0.00000	0.00000	0.00000	0.00000
WT2(D8:09:BF:40:2B:C3)	3.94	13103	 2021-05-17 20:31:06.449	0.983	-0.292	0.093	11.780	-1.160	13.245	-72.999	-71.982	-130.693	0.00	0.00	0.00	0.00000	0.00000	0.00000	0.00000
WT1(E604078EA627)	3.91	13104	 2021-05-17 20:31:06.505	1.032	0.052	0.125	6.348	20.752	-2.808	20.649	-83.771	-121.586	0.00	0.00	0.00	0.00000	0.00000	0.00000	0.00000
WT2(D8:09:BF:40:2B:C3)	3.94	13103	 2021-05-17 20:31:06.557	0.991	-0.413	0.094	20.691	0.671	18.250	-74.147	-70.384	-129.265	0.00	0.00	0.00	0.00000	0.00000	0.00000	0.00000
WT1(E604078EA627)	3.91	13104	 2021-05-17 20:31:06.609	1.019	0.038	0.140	9.888	25.269	-2.808	18.188	-81.409	-118.081	0.00	0.00	0.00	0.00000	0.00000	0.00000	0.00000
WT2(D8:09:BF:40:2B:C3)	3.94	13103	 2021-05-17 20:31:06.681	0.964	-0.372	0.089	12.329	4.089	23.743	-73.795	-68.264	-128.419	0.00	0.00	0.00	0.00000	0.00000	0.00000	0.00000
WT1(E604078EA627)	3.91	13104	 2021-05-17 20:31:06.715	1.039	0.032	0.178	22.278	25.757	-8.362	16.771	-78.750	-116.312	0.00	0.00	0.00	0.00000	0.00000	0.00000	0.00000
WT2(D8:09:BF:40:2B:C3)	3.94	13103	 2021-05-17 20:31:06.757	0.923	-0.310	0.139	12.634	9.155	23.254	-73.059	-65.863	-127.837	0.00	0.00	0.00	0.00000	0.00000	0.00000	0.00000
WT2(D8:09:BF:40:2B:C3)	3.94	13103	 2021-05-17 20:31:06.849	0.903	-0.401	0.183	13.916	7.141	24.841	-72.356	-63.226	-127.623	0.00	0.00	0.00	0.00000	0.00000	0.00000	0.00000
WT1(E604078EA627)	3.91	13104	 2021-05-17 20:31:06.850	1.079	0.083	0.221	9.705	23.132	-12.207	17.254	-76.256	-116.389	0.00	0.00	0.00	0.00000	0.00000	0.00000	0.00000
WT1(E604078EA627)	3.91	13104	 2021-05-17 20:31:06.910	1.027	0.023	0.260	8.789	30.212	-8.057	16.194	-73.400	-114.994	0.00	0.00	0.00	0.00000	0.00000	0.00000	0.00000
WT2(D8:09:BF:40:2B:C3)	3.94	13103	 2021-05-17 20:31:06.975	0.907	-0.517	0.190	14.160	7.996	25.879	-71.807	-60.359	-126.980	0.00	0.00	0.00	0.00000	0.00000	0.00000	0.00000
WT1(E604078EA627)	3.91	13104	 2021-05-17 20:31:07.030	1.002	-0.013	0.313	13.062	28.137	-7.141	15.914	-70.521	-114.208	0.00	0.00	0.00	0.00000	0.00000	0.00000	0.00000
WT2(D8:09:BF:40:2B:C3)	3.94	13103	 2021-05-17 20:31:07.069	0.866	-0.500	0.216	16.724	6.592	26.672	-71.329	-57.557	-126.194	0.00	0.00	0.00	0.00000	0.00000	0.00000	0.00000
WT1(E604078EA627)	3.91	13104	 2021-05-17 20:31:07.135	0.938	0.065	0.342	15.320	24.658	-4.150	14.892	-67.852	-112.906	0.00	0.00	0.00	0.00000	0.00000	0.00000	0.00000
WT2(D8:09:BF:40:2B:C3)	3.94	13103	 2021-05-17 20:31:07.145	0.808	-0.542	0.196	11.108	6.714	27.893	-71.043	-54.855	-125.272	0.00	0.00	0.00	0.00000	0.00000	0.00000	0.00000
WT2(D8:09:BF:40:2B:C3)	3.94	13103	 2021-05-17 20:31:07.256	0.830	-0.550	0.210	8.301	7.813	24.048	-70.582	-52.372	-124.557	0.00	0.00	0.00	0.00000	0.00000	0.00000	0.00000
WT1(E604078EA627)	3.91	13104	 2021-05-17 20:31:07.270	0.942	0.137	0.404	10.254	24.048	-5.310	15.271	-65.550	-112.533	0.00	0.00	0.00	0.00000	0.00000	0.00000	0.00000
WT1(E604078EA627)	3.91	13104	 2021-05-17 20:31:07.317	0.944	0.192	0.463	8.789	23.438	-4.150	16.161	-63.133	-112.582	0.00	0.00	0.00	0.00000	0.00000	0.00000	0.00000
WT2(D8:09:BF:40:2B:C3)	3.94	13103	 2021-05-17 20:31:07.360	0.789	-0.579	0.224	13.123	7.813	24.719	-69.890	-50.004	-123.931	0.00	0.00	0.00	0.00000	0.00000	0.00000	0.00000
WT1(E604078EA627)	3.91	13104	 2021-05-17 20:31:07.450	0.912	0.178	0.461	5.310	24.109	-4.211	16.035	-60.749	-112.011	0.00	0.00	0.00	0.00000	0.00000	0.00000	0.00000
WT2(D8:09:BF:40:2B:C3)	3.94	13103	 2021-05-17 20:31:07.470	0.774	-0.555	0.217	17.151	6.348	23.682	-69.615	-47.686	-123.195	0.00	0.00	0.00	0.00000	0.00000	0.00000	0.00000
WT1(E604078EA627)	3.91	13104	 2021-05-17 20:31:07.525	0.892	0.206	0.479	2.441	23.010	-5.005	16.293	-58.310	-111.753	0.00	0.00	0.00	0.00000	0.00000	0.00000	0.00000
WT2(D8:09:BF:40:2B:C3)	3.94	13103	 2021-05-17 20:31:07.547	0.751	-0.640	0.218	19.653	5.920	23.438	-69.357	-45.489	-122.459	0.00	0.00	0.00	0.00000	0.00000	0.00000	0.00000
WT1(E604078EA627)	3.91	13104	 2021-05-17 20:31:07.645	0.844	0.185	0.537	-4.089	21.667	-1.221	16.221	-56.195	-111.588	0.00	0.00	0.00	0.00000	0.00000	0.00000	0.00000
WT2(D8:09:BF:40:2B:C3)	3.94	13103	 2021-05-17 20:31:07.657	0.688	-0.658	0.236	5.371	6.348	21.667	-69.181	-43.401	-121.855	0.00	0.00	0.00	0.00000	0.00000	0.00000	0.00000
WT1(E604078EA627)	3.91	13104	 2021-05-17 20:31:07.721	0.830	0.184	0.583	-1.770	22.949	1.831	15.853	-54.020	-110.995	0.00	0.00	0.00	0.00000	0.00000	0.00000	0.00000
WT2(D8:09:BF:40:2B:C3)	3.94	13103	 2021-05-17 20:31:07.777	0.662	-0.679	0.261	-1.526	3.113	21.851	-68.989	-41.375	-120.828	0.00	0.00	0.00	0.00000	0.00000	0.00000	0.00000
WT1(E604078EA627)	3.91	13104	 2021-05-17 20:31:07.826	0.830	0.225	0.615	-8.728	24.292	-2.014	15.584	-51.647	-110.143	0.00	0.00	0.00	0.00000	0.00000	0.00000	0.00000
WT2(D8:09:BF:40:2B:C3)	3.94	13103	 2021-05-17 20:31:07.855	0.672	-0.648	0.253	-3.540	2.625	23.315	-68.994	-39.304	-119.707	0.00	0.00	0.00	0.00000	0.00000	0.00000	0.00000
WT2(D8:09:BF:40:2B:C3)	3.94	13103	 2021-05-17 20:31:07.950	0.651	-0.744	0.260	-2.808	4.028	26.489	-69.159	-37.013	-118.801	0.00	0.00	0.00	0.00000	0.00000	0.00000	0.00000
WT1(E604078EA627)	3.91	13104	 2021-05-17 20:31:07.960	0.818	0.173	0.673	-8.972	25.391	-2.563	15.276	-49.164	-109.655	0.00	0.00	0.00	0.00000	0.00000	0.00000	0.00000
WT2(D8:09:BF:40:2B:C3)	3.94	13103	 2021-05-17 20:31:08.029	0.589	-0.815	0.311	-5.737	7.507	28.931	-69.066	-34.404	-117.949	0.00	0.00	0.00	0.00000	0.00000	0.00000	0.00000
WT1(E604078EA627)	3.91	13104	 2021-05-17 20:31:08.035	0.758	0.164	0.730	-4.272	31.006	-5.005	15.255	-46.044	-109.177	0.00	0.00	0.00	0.00000	0.00000	0.00000	0.00000
WT1(E604078EA627)	3.91	13104	 2021-05-17 20:31:08.141	0.735	0.191	0.759	-1.038	34.851	-7.507	14.952	-42.726	-108.743	0.00	0.00	0.00	0.00000	0.00000	0.00000	0.00000
WT2(D8:09:BF:40:2B:C3)	3.94	13103	 2021-05-17 20:31:08.228	0.511	-0.821	0.351	-0.183	13.977	33.569	-68.956	-27.938	-116.570	0.00	0.00	0.00	0.00000	0.00000	0.00000	0.00000
WT1(E604078EA627)	3.91	13104	 2021-05-17 20:31:08.245	0.674	0.224	0.788	-8.179	34.851	-7.813	14.991	-39.111	-108.638	0.00	0.00	0.00	0.00000	0.00000	0.00000	0.00000
WT2(D8:09:BF:40:2B:C3)	3.94	13103	 2021-05-17 20:31:08.335	0.447	-0.807	0.348	9.216	14.160	34.973	-68.555	-24.368	-116.175	0.00	0.00	0.00	0.00000	0.00000	0.00000	0.00000
WT1(E604078EA627)	3.91	13104	 2021-05-17 20:31:08.368	0.625	0.246	0.788	2.014	35.645	-10.254	15.815	-35.442	-108.803	0.00	0.00	0.00	0.00000	0.00000	0.00000	0.00000
WT1(E604078EA627)	3.91	13104	 2021-05-17 20:31:08.441	0.563	0.199	0.816	4.761	34.546	-9.888	16.490	-31.926	-109.045	0.00	0.00	0.00	0.00000	0.00000	0.00000	0.00000
WT2(D8:09:BF:40:2B:C3)	3.94	13103	 2021-05-17 20:31:08.462	0.387	-0.861	0.342	1.221	14.160	33.875	-67.928	-20.781	-115.807	0.00	0.00	0.00	0.00000	0.00000	0.00000	0.00000
WT1(E604078EA627)	3.91	13104	 2021-05-17 20:31:08.561	0.518	0.245	0.827	6.592	31.433	-8.789	17.232	-28.597	-109.149	0.00	0.00	0.00	0.00000	0.00000	0.00000	0.00000
WT2(D8:09:BF:40:2B:C3)	3.94	13103	 2021-05-17 20:31:08.570	0.328	-0.869	0.352	3.723	12.512	33.447	-67.297	-17.336	-115.351	0.00	0.00	0.00	0.00000	0.00000	0.00000	0.00000
WT1(E604078EA627)	3.91	13104	 2021-05-17 20:31:08.650	0.434	0.271	0.839	10.742	29.053	-8.667	17.661	-25.488	-109.094	0.00	0.00	0.00	0.00000	0.00000	0.00000	0.00000
WT2(D8:09:BF:40:2B:C3)	3.94	13103	 2021-05-17 20:31:08.660	0.302	-0.817	0.356	11.047	10.437	30.029	-66.385	-14.222	-114.818	0.00	0.00	0.00	0.00000	0.00000	0.00000	0.00000
WT2(D8:09:BF:40:2B:C3)	3.94	13103	 2021-05-17 20:31:08.739	0.258	-0.882	0.382	-1.526	8.728	24.170	-66.292	-11.574	-114.291	0.00	0.00	0.00	0.00000	0.00000	0.00000	0.00000
WT1(E604078EA627)	3.91	13104	 2021-05-17 20:31:08.740	0.388	0.287	0.862	17.639	21.545	-6.287	17.650	-22.841	-109.078	0.00	0.00	0.00	0.00000	0.00000	0.00000	0.00000
WT2(D8:09:BF:40:2B:C3)	3.94	13103	 2021-05-17 20:31:08.833	0.169	-0.952	0.416	-12.878	7.568	21.362	-66.066	-9.250	-113.758	0.00	0.00	0.00	0.00000	0.00000	0.00000	0.00000
WT1(E604078EA627)	3.91	13104	 2021-05-17 20:31:08.863	0.380	0.311	0.859	-8.423	17.212	-3.174	17.419	-20.841	-108.831	0.00	0.00	0.00	0.00000	0.00000	0.00000	0.00000
WT1(E604078EA627)	3.91	13104	 2021-05-17 20:31:08.936	0.341	0.275	0.876	-4.150	18.860	-2.930	16.897	-19.188	-108.644	0.00	0.00	0.00	0.00000	0.00000	0.00000	0.00000
WT2(D8:09:BF:40:2B:C3)	3.94	13103	 2021-05-17 20:31:08.956	0.158	-0.886	0.386	-0.671	5.676	19.165	-66.127	-7.278	-113.214	0.00	0.00	0.00	0.00000	0.00000	0.00000	0.00000
WT1(E604078EA627)	3.91	13104	 2021-05-17 20:31:09.041	0.301	0.261	0.902	3.113	15.015	-2.502	17.018	-17.606	-108.501	0.00	0.00	0.00	0.00000	0.00000	0.00000	0.00000
WT2(D8:09:BF:40:2B:C3)	3.94	13103	 2021-05-17 20:31:09.080	0.135	-0.865	0.396	2.380	4.089	14.832	-65.814	-5.724	-112.648	0.00	0.00	0.00	0.00000	0.00000	0.00000	0.00000
WT2(D8:09:BF:40:2B:C3)	3.94	13103	 2021-05-17 20:31:09.129	0.119	-0.887	0.393	1.282	3.723	14.160	-65.627	-4.466	-112.165	0.00	0.00	0.00	0.00000	0.00000	0.00000	0.00000
WT1(E604078EA627)	3.91	13104	 2021-05-17 20:31:09.145	0.275	0.260	0.919	2.014	16.113	-2.869	17.067	-16.166	-108.375	0.00	0.00	0.00	0.00000	0.00000	0.00000	0.00000
WT2(D8:09:BF:40:2B:C3)	3.94	13103	 2021-05-17 20:31:09.253	0.095	-0.871	0.416	-5.981	3.662	13.367	-65.687	-3.279	-111.714	0.00	0.00	0.00	0.00000	0.00000	0.00000	0.00000
WT1(E604078EA627)	3.91	13104	 2021-05-17 20:31:09.254	0.257	0.287	0.928	5.432	13.367	-0.977	16.738	-14.832	-108.232	0.00	0.00	0.00	0.00000	0.00000	0.00000	0.00000
WT2(D8:09:BF:40:2B:C3)	3.94	13103	 2021-05-17 20:31:09.329	0.076	-0.883	0.403	-9.033	3.845	12.939	-65.803	-2.049	-111.259	0.00	0.00	0.00	0.00000	0.00000	0.00000	0.00000
WT1(E604078EA627)	3.91	13104	 2021-05-17 20:31:09.355	0.227	0.249	0.954	4.517	15.076	-2.319	16.062	-13.365	-107.974	0.00	0.00	0.00	0.00000	0.00000	0.00000	0.00000
WT1(E604078EA627)	3.91	13104	 2021-05-17 20:31:09.461	0.219	0.313	0.960	-2.747	13.916	-2.014	16.062	-11.816	-107.836	0.00	0.00	0.00	0.00000	0.00000	0.00000	0.00000
WT2(D8:09:BF:40:2B:C3)	3.94	13103	 2021-05-17 20:31:09.532	0.014	-0.928	0.405	-4.272	4.822	14.526	-66.308	0.659	-110.473	0.00	0.00	0.00	0.00000	0.00000	0.00000	0.00000
WT1(E604078EA627)	3.91	13104	 2021-05-17 20:31:09.550	0.179	0.266	0.947	-3.662	14.648	-1.404	15.293	-10.393	-107.644	0.00	0.00	0.00	0.00000	0.00000	0.00000	0.00000
WT2(D8:09:BF:40:2B:C3)	3.94	13103	 2021-05-17 20:31:09.641	-0.017	-0.900	0.403	-4.578	6.531	12.329	-66.412	2.098	-110.160	0.00	0.00	0.00	0.00000	0.00000	0.00000	0.00000
WT1(E604078EA627)	3.91	13104	 2021-05-17 20:31:09.654	0.167	0.262	0.966	-13.000	11.902	-2.441	14.694	-9.020	-107.496	0.00	0.00	0.00	0.00000	0.00000	0.00000	0.00000
WT2(D8:09:BF:40:2B:C3)	3.94	13103	 2021-05-17 20:31:09.750	-0.048	-0.951	0.413	-5.432	7.202	13.062	-66.791	3.510	-109.995	0.00	0.00	0.00	0.00000	0.00000	0.00000	0.00000
WT1(E604078EA627)	3.91	13104	 2021-05-17 20:31:09.775	0.144	0.271	0.962	-22.278	12.451	-2.075	14.112	-7.877	-107.380	0.00	0.00	0.00	0.00000	0.00000	0.00000	0.00000
WT1(E604078EA627)	3.91	13104	 2021-05-17 20:31:09.866	0.120	0.218	0.970	-24.048	16.052	-3.113	13.392	-6.411	-107.413	0.00	0.00	0.00	0.00000	0.00000	0.00000	0.00000
WT2(D8:09:BF:40:2B:C3)	3.94	13103	 2021-05-17 20:31:09.901	-0.071	-0.962	0.400	-3.052	6.409	12.146	-67.039	4.872	-109.891	0.00	0.00	0.00	0.00000	0.00000	0.00000	0.00000
WT2(D8:09:BF:40:2B:C3)	3.94	13103	 2021-05-17 20:31:09.932	-0.093	-0.973	0.385	3.418	5.615	12.024	-67.209	6.103	-109.819	0.00	0.00	0.00	0.00000	0.00000	0.00000	0.00000
WT1(E604078EA627)	3.91	13104	 2021-05-17 20:31:09.956	0.084	0.204	0.964	-18.433	15.503	-2.441	12.607	-4.999	-107.474	0.00	0.00	0.00	0.00000	0.00000	0.00000	0.00000
WT1(E604078EA627)	3.91	13104	 2021-05-17 20:31:10.089	0.048	0.216	0.960	-13.062	6.226	-0.427	12.305	-3.994	-107.430	0.00	0.00	0.00	0.00000	0.00000	0.00000	0.00000
WT2(D8:09:BF:40:2B:C3)	3.94	13103	 2021-05-17 20:31:10.134	-0.117	-0.925	0.377	0.488	4.211	4.639	-67.198	7.762	-109.622	0.00	0.00	0.00	0.00000	0.00000	0.00000	0.00000
WT1(E604078EA627)	3.91	13104	 2021-05-17 20:31:10.167	0.066	0.216	0.982	-7.324	0.732	-1.770	11.871	-3.796	-107.490	0.00	0.00	0.00	0.00000	0.00000	0.00000	0.00000
WT2(D8:09:BF:40:2B:C3)	3.94	13103	 2021-05-17 20:31:10.213	-0.136	-0.971	0.386	1.160	4.883	5.005	-67.187	8.218	-109.671	0.00	0.00	0.00	0.00000	0.00000	0.00000	0.00000
WT1(E604078EA627)	3.91	13104	 2021-05-17 20:31:10.286	0.074	0.182	1.010	0.427	8.240	-4.944	12.239	-3.450	-107.737	0.00	0.00	0.00	0.00000	0.00000	0.00000	0.00000
WT2(D8:09:BF:40:2B:C3)	3.94	13103	 2021-05-17 20:31:10.320	-0.149	-0.985	0.391	7.629	4.639	9.033	-66.830	8.800	-109.671	0.00	0.00	0.00	0.00000	0.00000	0.00000	0.00000
WT1(E604078EA627)	3.91	13104	 2021-05-17 20:31:10.375	0.021	0.203	1.000	11.414	7.019	-2.563	12.777	-2.477	-107.924	0.00	0.00	0.00	0.00000	0.00000	0.00000	0.00000
WT2(D8:09:BF:40:2B:C3)	3.94	13103	 2021-05-17 20:31:10.414	-0.145	-0.932	0.378	8.057	6.104	10.559	-66.456	9.717	-109.616	0.00	0.00	0.00	0.00000	0.00000	0.00000	0.00000
WT1(E604078EA627)	3.91	13104	 2021-05-17 20:31:10.465	0.041	0.226	0.957	1.160	15.442	-2.869	13.282	-1.599	-108.073	0.00	0.00	0.00	0.00000	0.00000	0.00000	0.00000
WT1(E604078EA627)	3.91	13104	 2021-05-17 20:31:10.571	-0.020	0.203	0.890	8.423	0.488	-2.075	13.815	-0.280	-108.051	0.00	0.00	0.00	0.00000	0.00000	0.00000	0.00000
WT2(D8:09:BF:40:2B:C3)	3.94	13103	 2021-05-17 20:31:10.630	-0.176	-0.903	0.386	4.333	3.418	2.258	-65.616	11.294	-109.391	0.00	0.00	0.00	0.00000	0.00000	0.00000	0.00000
WT1(E604078EA627)	3.91	13104	 2021-05-17 20:31:10.676	-0.013	0.222	0.883	12.451	-5.371	-1.892	14.606	-0.538	-108.215	0.00	0.00	0.00	0.00000	0.00000	0.00000	0.00000
WT2(D8:09:BF:40:2B:C3)	3.94	13103	 2021-05-17 20:31:10.738	-0.153	-0.874	0.397	1.404	-1.587	-7.874	-65.204	10.992	-109.407	0.00	0.00	0.00	0.00000	0.00000	0.00000	0.00000
WT1(E604078EA627)	3.91	13104	 2021-05-17 20:31:10.765	0.026	0.268	0.936	13.977	-20.142	0.244	15.573	-1.489	-108.550	0.00	0.00	0.00	0.00000	0.00000	0.00000	0.00000
WT1(E604078EA627)	3.91	13104	 2021-05-17 20:31:10.870	0.064	0.313	0.951	-3.723	-13.123	0.366	16.062	-3.285	-108.842	0.00	0.00	0.00	0.00000	0.00000	0.00000	0.00000
WT2(D8:09:BF:40:2B:C3)	3.94	13103	 2021-05-17 20:31:10.911	-0.122	-0.842	0.426	4.883	-2.441	-15.259	-64.748	8.394	-109.633	0.00	0.00	0.00	0.00000	0.00000	0.00000	0.00000
WT1(E604078EA627)	3.91	13104	 2021-05-17 20:31:10.991	0.074	0.286	0.952	-2.502	-19.836	1.221	16.298	-4.746	-109.199	0.00	0.00	0.00	0.00000	0.00000	0.00000	0.00000
WT2(D8:09:BF:40:2B:C3)	3.94	13103	 2021-05-17 20:31:11.018	-0.097	-0.895	0.429	-6.409	-4.517	-15.381	-64.775	6.636	-109.819	0.00	0.00	0.00	0.00000	0.00000	0.00000	0.00000
WT1(E604078EA627)	3.91	13104	 2021-05-17 20:31:11.065	0.124	0.298	0.913	-1.099	-25.635	2.319	16.425	-6.877	-109.638	0.00	0.00	0.00	0.00000	0.00000	0.00000	0.00000
WT2(D8:09:BF:40:2B:C3)	3.94	13103	 2021-05-17 20:31:11.114	-0.034	-0.859	0.408	0.366	-6.958	-23.254	-64.836	4.384	-110.110	0.00	0.00	0.00	0.00000	0.00000	0.00000	0.00000
WT1(E604078EA627)	3.91	13104	 2021-05-17 20:31:11.173	0.209	0.422	0.915	9.155	-38.330	2.747	17.194	-9.723	-110.116	0.00	0.00	0.00	0.00000	0.00000	0.00000	0.00000
WT2(D8:09:BF:40:2B:C3)	3.94	13103	 2021-05-17 20:31:11.236	0.030	-0.836	0.393	22.827	-4.028	-25.879	-64.968	1.697	-110.687	0.00	0.00	0.00	0.00000	0.00000	0.00000	0.00000
WT1(E604078EA627)	3.91	13104	 2021-05-17 20:31:11.275	0.265	0.304	0.928	-9.155	-34.790	4.822	17.693	-13.612	-110.863	0.00	0.00	0.00	0.00000	0.00000	0.00000	0.00000
WT2(D8:09:BF:40:2B:C3)	3.94	13103	 2021-05-17 20:31:11.310	0.068	-0.830	0.399	9.521	-6.287	-29.968	-65.078	-1.280	-111.215	0.00	0.00	0.00	0.00000	0.00000	0.00000	0.00000
WT1(E604078EA627)	3.91	13104	 2021-05-17 20:31:11.380	0.305	0.267	0.944	-11.230	-31.433	5.005	17.770	-16.804	-111.610	0.00	0.00	0.00	0.00000	0.00000	0.00000	0.00000
WT2(D8:09:BF:40:2B:C3)	3.94	13103	 2021-05-17 20:31:11.422	0.086	-0.934	0.445	-6.897	-7.141	-29.785	-65.171	-4.406	-111.539	0.00	0.00	0.00	0.00000	0.00000	0.00000	0.00000
WT1(E604078EA627)	3.91	13104	 2021-05-17 20:31:11.485	0.354	0.255	0.950	8.789	-31.921	2.808	17.930	-19.973	-112.396	0.00	0.00	0.00	0.00000	0.00000	0.00000	0.00000
WT2(D8:09:BF:40:2B:C3)	3.94	13103	 2021-05-17 20:31:11.529	0.162	-0.954	0.426	3.906	-9.033	-26.367	-65.391	-7.344	-111.885	0.00	0.00	0.00	0.00000	0.00000	0.00000	0.00000
WT1(E604078EA627)	3.91	13104	 2021-05-17 20:31:11.577	0.403	0.342	0.879	8.057	-30.945	2.380	18.281	-22.846	-113.038	0.00	0.00	0.00	0.00000	0.00000	0.00000	0.00000
WT2(D8:09:BF:40:2B:C3)	3.94	13103	 2021-05-17 20:31:11.606	0.222	-0.861	0.403	10.071	-6.042	-25.452	-65.193	-10.118	-112.176	0.00	0.00	0.00	0.00000	0.00000	0.00000	0.00000
WT1(E604078EA627)	3.91	13104	 2021-05-17 20:31:11.680	0.469	0.311	0.864	-4.456	-38.269	3.845	18.171	-26.049	-113.934	0.00	0.00	0.00	0.00000	0.00000	0.00000	0.00000
WT2(D8:09:BF:40:2B:C3)	3.94	13103	 2021-05-17 20:31:11.712	0.275	-0.823	0.379	3.723	-5.737	-27.283	-65.500	-12.788	-112.599	0.00	0.00	0.00	0.00000	0.00000	0.00000	0.00000
WT1(E604078EA627)	3.91	13104	 2021-05-17 20:31:11.785	0.513	0.304	0.855	-9.827	-29.114	2.380	17.710	-29.388	-114.752	0.00	0.00	0.00	0.00000	0.00000	0.00000	0.00000
WT2(D8:09:BF:40:2B:C3)	3.94	13103	 2021-05-17 20:31:11.791	0.282	-0.857	0.390	-0.427	-1.892	-28.198	-66.396	-15.656	-113.231	0.00	0.00	0.00	0.00000	0.00000	0.00000	0.00000
WT1(E604078EA627)	3.91	13104	 2021-05-17 20:31:11.891	0.521	0.225	0.837	-6.042	-33.142	4.150	17.490	-32.514	-115.785	0.00	0.00	0.00	0.00000	0.00000	0.00000	0.00000
WT2(D8:09:BF:40:2B:C3)	3.94	13103	 2021-05-17 20:31:11.903	0.305	-0.934	0.395	-12.695	-4.089	-26.550	-66.445	-18.512	-113.818	0.00	0.00	0.00	0.00000	0.00000	0.00000	0.00000
WT1(E604078EA627)	3.91	13104	 2021-05-17 20:31:11.981	0.574	0.239	0.791	4.150	-31.494	1.282	17.946	-35.815	-116.867	0.00	0.00	0.00	0.00000	0.00000	0.00000	0.00000
WT2(D8:09:BF:40:2B:C3)	3.94	13103	 2021-05-17 20:31:12.008	0.384	-0.881	0.364	-2.991	-5.676	-28.198	-66.429	-21.473	-114.384	0.00	0.00	0.00	0.00000	0.00000	0.00000	0.00000
WT1(E604078EA627)	3.91	13104	 2021-05-17 20:31:12.100	0.645	0.294	0.767	6.226	-36.865	1.038	17.655	-38.925	-117.938	0.00	0.00	0.00	0.00000	0.00000	0.00000	0.00000
WT1(E604078EA627)	3.91	13104	 2021-05-17 20:31:12.191	0.735	0.170	0.710	-7.813	-42.358	6.714	17.710	-42.874	-119.317	0.00	0.00	0.00	0.00000	0.00000	0.00000	0.00000
WT2(D8:09:BF:40:2B:C3)	3.94	13103	 2021-05-17 20:31:12.206	0.481	-0.854	0.352	0.488	-7.629	-32.104	-67.000	-28.196	-115.801	0.00	0.00	0.00	0.00000	0.00000	0.00000	0.00000
WT1(E604078EA627)	3.91	13104	 2021-05-17 20:31:12.296	0.789	0.250	0.677	-7.751	-41.931	6.470	18.292	-46.879	-120.273	0.00	0.00	0.00	0.00000	0.00000	0.00000	0.00000
WT2(D8:09:BF:40:2B:C3)	3.94	13103	 2021-05-17 20:31:12.303	0.506	-0.825	0.348	10.925	-9.521	-34.729	-66.577	-31.893	-116.312	0.00	0.00	0.00	0.00000	0.00000	0.00000	0.00000
WT1(E604078EA627)	3.91	13104	 2021-05-17 20:31:12.385	0.824	0.163	0.661	-2.197	-33.875	4.089	18.781	-50.861	-121.251	0.00	0.00	0.00	0.00000	0.00000	0.00000	0.00000
WT2(D8:09:BF:40:2B:C3)	3.94	13103	 2021-05-17 20:31:12.393	0.606	-0.716	0.319	2.991	-8.240	-31.189	-66.171	-35.480	-116.862	0.00	0.00	0.00	0.00000	0.00000	0.00000	0.00000
WT1(E604078EA627)	3.91	13104	 2021-05-17 20:31:12.491	0.839	0.196	0.594	-11.902	-24.658	4.272	18.902	-53.789	-122.190	0.00	0.00	0.00	0.00000	0.00000	0.00000	0.00000
WT2(D8:09:BF:40:2B:C3)	3.94	13103	 2021-05-17 20:31:12.503	0.665	-0.679	0.305	-8.301	-8.362	-27.588	-65.621	-38.551	-117.405	0.00	0.00	0.00	0.00000	0.00000	0.00000	0.00000
WT2(D8:09:BF:40:2B:C3)	3.94	13103	 2021-05-17 20:31:12.592	0.693	-0.649	0.279	-14.709	-8.545	-28.381	-66.352	-41.347	-118.032	0.00	0.00	0.00	0.00000	0.00000	0.00000	0.00000
WT1(E604078EA627)	3.91	13104	 2021-05-17 20:31:12.597	0.829	0.118	0.566	-1.770	-25.146	2.808	17.595	-56.327	-122.723	0.00	0.00	0.00	0.00000	0.00000	0.00000	0.00000
WT1(E604078EA627)	3.91	13104	 2021-05-17 20:31:12.700	0.904	0.159	0.496	6.104	-28.442	1.831	17.880	-59.260	-123.876	0.00	0.00	0.00	0.00000	0.00000	0.00000	0.00000
WT2(D8:09:BF:40:2B:C3)	3.94	13103	 2021-05-17 20:31:12.715	0.753	-0.670	0.271	-5.432	-7.813	-25.330	-66.248	-44.061	-118.647	0.00	0.00	0.00	0.00000	0.00000	0.00000	0.00000
WT1(E604078EA627)	3.91	13104	 2021-05-17 20:31:12.791	0.917	0.191	0.482	-9.155	-36.133	7.935	17.419	-62.342	-124.475	0.00	0.00	0.00	0.00000	0.00000	0.00000	0.00000
WT2(D8:09:BF:40:2B:C3)	3.94	13103	 2021-05-17 20:31:12.841	0.725	-0.706	0.290	-6.348	-8.667	-30.457	-66.138	-47.071	-119.262	0.00	0.00	0.00	0.00000	0.00000	0.00000	0.00000
WT2(D8:09:BF:40:2B:C3)	3.94	13103	 2021-05-17 20:31:12.903	0.768	-0.614	0.276	0.793	-6.287	-31.128	-66.105	-50.180	-119.949	0.00	0.00	0.00	0.00000	0.00000	0.00000	0.00000
WT1(E604078EA627)	3.91	13104	 2021-05-17 20:31:12.911	0.961	0.188	0.434	-16.846	-31.860	3.479	17.276	-65.632	-125.392	0.00	0.00	0.00	0.00000	0.00000	0.00000	0.00000
WT1(E604078EA627)	3.91	13104	 2021-05-17 20:31:13.001	0.964	0.104	0.402	-21.545	-28.503	3.784	17.974	-68.472	-127.156	0.00	0.00	0.00	0.00000	0.00000	0.00000	0.00000
WT2(D8:09:BF:40:2B:C3)	3.94	13103	 2021-05-17 20:31:13.014	0.816	-0.517	0.262	-1.038	-3.540	-26.123	-65.358	-53.069	-120.998	0.00	0.00	0.00	0.00000	0.00000	0.00000	0.00000
WT2(D8:09:BF:40:2B:C3)	3.94	13103	 2021-05-17 20:31:13.090	0.805	-0.533	0.239	-9.094	-3.418	-23.376	-65.429	-55.552	-122.300	0.00	0.00	0.00	0.00000	0.00000	0.00000	0.00000
WT1(E604078EA627)	3.91	13104	 2021-05-17 20:31:13.135	0.965	0.099	0.342	-5.493	-27.466	1.404	18.677	-71.087	-128.749	0.00	0.00	0.00	0.00000	0.00000	0.00000	0.00000
WT2(D8:09:BF:40:2B:C3)	3.94	13103	 2021-05-17 20:31:13.197	0.890	-0.434	0.228	-13.916	-3.235	-24.048	-64.605	-58.052	-123.662	0.00	0.00	0.00	0.00000	0.00000	0.00000	0.00000
WT1(E604078EA627)	3.91	13104	 2021-05-17 20:31:13.210	1.018	0.070	0.288	-4.456	-20.813	-2.869	20.753	-73.048	-131.418	0.00	0.00	0.00	0.00000	0.00000	0.00000	0.00000
WT2(D8:09:BF:40:2B:C3)	3.94	13103	 2021-05-17 20:31:13.288	0.873	-0.442	0.222	-0.488	-2.808	-20.081	-64.127	-60.282	-125.090	0.00	0.00	0.00	0.00000	0.00000	0.00000	0.00000
WT1(E604078EA627)	3.91	13104	 2021-05-17 20:31:13.300	1.022	0.045	0.269	-4.333	-27.405	2.319	22.588	-75.394	-134.121	0.00	0.00	0.00	0.00000	0.00000	0.00000	0.00000
WT1(E604078EA627)	3.91	13104	 2021-05-17 20:31:13.405	1.012	0.120	0.186	10.742	-22.888	2.686	27.153	-77.542	-137.335	0.00	0.00	0.00	0.00000	0.00000	0.00000	0.00000
WT2(D8:09:BF:40:2B:C3)	3.94	13103	 2021-05-17 20:31:13.413	0.854	-0.430	0.215	36.377	-6.165	-26.428	-62.957	-62.518	-126.172	0.00	0.00	0.00	0.00000	0.00000	0.00000	0.00000
WT1(E604078EA627)	3.91	13104	 2021-05-17 20:31:13.510	1.045	0.083	0.140	5.310	-31.738	8.606	31.503	-80.502	-141.658	0.00	0.00	0.00	0.00000	0.00000	0.00000	0.00000
WT2(D8:09:BF:40:2B:C3)	3.94	13103	 2021-05-17 20:31:13.520	0.928	-0.351	0.211	-5.615	-9.399	-22.095	-61.595	-65.237	-127.051	0.00	0.00	0.00	0.00000	0.00000	0.00000	0.00000
WT2(D8:09:BF:40:2B:C3)	3.94	13103	 2021-05-17 20:31:13.600	0.921	-0.287	0.196	-6.897	-9.583	-24.353	-61.243	-67.874	-128.007	0.00	0.00	0.00	0.00000	0.00000	0.00000	0.00000
WT1(E604078EA627)	3.91	13104	 2021-05-17 20:31:13.601	1.053	0.111	0.113	7.446	-25.879	3.113	39.628	-83.117	-149.420	0.00	0.00	0.00	0.00000	0.00000	0.00000	0.00000
WT2(D8:09:BF:40:2B:C3)	3.94	13103	 2021-05-17 20:31:13.691	0.974	-0.226	0.186	1.160	-8.789	-22.644	-59.859	-70.477	-129.518	0.00	0.00	0.00	0.00000	0.00000	0.00000	0.00000
WT1(E604078EA627)	3.91	13104	 2021-05-17 20:31:13.707	1.049	0.051	0.077	12.695	-23.743	1.770	55.459	-84.869	-164.592	0.00	0.00	0.00	0.00000	0.00000	0.00000	0.00000
WT2(D8:09:BF:40:2B:C3)	3.94	13103	 2021-05-17 20:31:13.773	0.966	-0.185	0.165	-13.794	-7.813	-21.118	-58.793	-72.823	-131.243	0.00	0.00	0.00	0.00000	0.00000	0.00000	0.00000
WT1(E604078EA627)	3.91	13104	 2021-05-17 20:31:13.825	1.045	0.058	0.053	0.610	-23.621	6.409	79.827	-86.342	170.552	0.00	0.00	0.00	0.00000	0.00000	0.00000	0.00000
WT2(D8:09:BF:40:2B:C3)	3.94	13103	 2021-05-17 20:31:13.876	0.975	-0.183	0.150	-10.864	-7.080	-17.578	-58.865	-74.811	-132.726	0.00	0.00	0.00	0.00000	0.00000	0.00000	0.00000
WT1(E604078EA627)	3.91	13104	 2021-05-17 20:31:13.915	1.058	0.123	0.037	-12.146	-18.982	7.507	113.604	-86.874	136.285	0.00	0.00	0.00	0.00000	0.00000	0.00000	0.00000
WT2(D8:09:BF:40:2B:C3)	3.94	13103	 2021-05-17 20:31:13.969	0.990	-0.203	0.148	-15.503	-4.150	-11.169	-58.870	-76.295	-134.335	0.00	0.00	0.00	0.00000	0.00000	0.00000	0.00000
WT1(E604078EA627)	3.91	13104	 2021-05-17 20:31:14.067	1.035	0.082	0.002	-7.324	-13.733	4.395	138.785	-86.418	110.440	0.00	0.00	0.00	0.00000	0.00000	0.00000	0.00000
WT2(D8:09:BF:40:2B:C3)	3.94	13103	 2021-05-17 20:31:14.078	0.974	-0.221	0.115	-13.062	-2.930	-6.897	-58.942	-77.179	-135.698	0.00	0.00	0.00	0.00000	0.00000	0.00000	0.00000
WT1(E604078EA627)	3.91	13104	 2021-05-17 20:31:14.125	1.036	0.038	-0.041	-2.197	-8.545	3.113	152.150	-85.655	96.855	0.00	0.00	0.00	0.00000	0.00000	0.00000	0.00000
WT2(D8:09:BF:40:2B:C3)	3.94	13103	 2021-05-17 20:31:14.188	0.971	-0.187	0.119	-10.193	-3.967	-5.432	-59.002	-77.964	-136.577	0.00	0.00	0.00	0.00000	0.00000	0.00000	0.00000
WT1(E604078EA627)	3.91	13104	 2021-05-17 20:31:14.246	1.038	0.038	-0.061	-8.301	-3.967	3.235	158.494	-85.237	90.308	0.00	0.00	0.00	0.00000	0.00000	0.00000	0.00000
WT2(D8:09:BF:40:2B:C3)	3.94	13103	 2021-05-17 20:31:14.279	0.998	-0.185	0.112	-7.507	-2.075	-0.854	-59.892	-78.415	-136.873	0.00	0.00	0.00	0.00000	0.00000	0.00000	0.00000
WT1(E604078EA627)	3.91	13104	 2021-05-17 20:31:14.321	1.029	0.058	-0.064	-8.179	0.427	2.991	161.790	-85.226	86.688	0.00	0.00	0.00	0.00000	0.00000	0.00000	0.00000
WT2(D8:09:BF:40:2B:C3)	3.94	13103	 2021-05-17 20:31:14.371	1.017	-0.193	0.103	-2.441	-0.244	1.465	-60.809	-78.442	-136.939	0.00	0.00	0.00	0.00000	0.00000	0.00000	0.00000
WT1(E604078EA627)	3.91	13104	 2021-05-17 20:31:14.424	1.027	0.027	-0.067	0.244	-1.709	-2.014	160.642	-85.243	88.000	0.00	0.00	0.00	0.00000	0.00000	0.00000	0.00000
WT2(D8:09:BF:40:2B:C3)	3.94	13103	 2021-05-17 20:31:14.482	0.984	-0.163	0.081	-2.625	1.587	2.869	-60.320	-78.195	-137.851	0.00	0.00	0.00	0.00000	0.00000	0.00000	0.00000
WT1(E604078EA627)	3.91	13104	 2021-05-17 20:31:14.561	1.030	0.023	-0.074	1.099	0.244	0.488	160.582	-85.166	88.099	0.00	0.00	0.00	0.00000	0.00000	0.00000	0.00000
WT2(D8:09:BF:40:2B:C3)	3.94	13103	 2021-05-17 20:31:14.570	0.996	-0.173	0.100	2.319	-0.916	1.099	-60.238	-78.113	-138.345	0.00	0.00	0.00	0.00000	0.00000	0.00000	0.00000
WT2(D8:09:BF:40:2B:C3)	3.94	13103	 2021-05-17 20:31:14.679	0.990	-0.160	0.109	4.822	0.427	0.122	-60.062	-78.113	-138.807	0.00	0.00	0.00	0.00000	0.00000	0.00000	0.00000
WT1(E604078EA627)	3.91	13104	 2021-05-17 20:31:14.695	1.045	0.037	-0.081	1.343	0.305	-1.404	160.582	-85.177	88.099	0.00	0.00	0.00	0.00000	0.00000	0.00000	0.00000
WT1(E604078EA627)	3.91	13104	 2021-05-17 20:31:14.739	1.033	0.024	-0.075	2.014	1.038	-1.099	158.758	-85.210	90.099	0.00	0.00	0.00	0.00000	0.00000	0.00000	0.00000
WT2(D8:09:BF:40:2B:C3)	3.94	13103	 2021-05-17 20:31:14.775	1.001	-0.167	0.098	2.747	1.099	0.793	-59.947	-78.030	-139.345	0.00	0.00	0.00	0.00000	0.00000	0.00000	0.00000
