设备名称	电压	版本	片上时间	加速度X(g)	加速度Y(g)	加速度Z(g)	角速度X(°/s)	角速度Y(°/s)	角速度Z(°/s)	角度X(°)	角度Y(°)	角度Z(°)	磁场X	磁场Y	磁场Z	四元数0	四元数1	四元数2	四元数3	状态
WT2(D8:09:BF:40:2B:C3)	3.95	13103	 2021-05-17 20:38:22.756	0.972	-0.287	0.102	5.981	0.244	-0.122	-70.466	-71.823	-140.323	0.00	0.00	0.00	0.00000	0.00000	0.00000	0.00000
WT1(E604078EA627)	3.91	13104	 2021-05-17 20:38:22.809	1.033	0.065	-0.020	1.953	-0.488	0.305	104.925	-86.660	154.226	0.00	0.00	0.00	0.00000	0.00000	0.00000	0.00000
WT2(D8:09:BF:40:2B:C3)	3.95	13103	 2021-05-17 20:38:22.835	0.972	-0.291	0.095	2.808	-0.610	0.916	-70.543	-71.856	-139.702	0.00	0.00	0.00	0.00000	0.00000	0.00000	0.00000
WT2(D8:09:BF:40:2B:C3)	3.95	13103	 2021-05-17 20:38:22.928	0.975	-0.279	0.093	-0.366	0.000	1.221	-70.582	-71.840	-139.103	0.00	0.00	0.00	0.00000	0.00000	0.00000	0.00000
WT1(E604078EA627)	3.91	13104	 2021-05-17 20:38:22.992	1.035	0.047	-0.021	0.793	0.122	0.305	104.420	-86.666	154.720	0.00	0.00	0.00	0.00000	0.00000	0.00000	0.00000
WT1(E604078EA627)	3.91	13104	 2021-05-17 20:38:23.004	1.026	0.053	-0.019	0.366	0.305	0.183	103.629	-86.704	155.380	0.00	0.00	0.00	0.00000	0.00000	0.00000	0.00000
WT2(D8:09:BF:40:2B:C3)	3.95	13103	 2021-05-17 20:38:23.037	0.967	-0.272	0.089	-3.235	-0.305	1.465	-70.642	-71.807	-138.642	0.00	0.00	0.00	0.00000	0.00000	0.00000	0.00000
WT1(E604078EA627)	3.91	13104	 2021-05-17 20:38:23.124	1.025	0.066	-0.030	0.000	-1.099	0.488	103.282	-86.754	155.490	0.00	0.00	0.00	0.00000	0.00000	0.00000	0.00000
WT2(D8:09:BF:40:2B:C3)	3.95	13103	 2021-05-17 20:38:23.132	0.971	-0.283	0.091	-1.709	0.183	1.221	-70.796	-71.801	-138.214	0.00	0.00	0.00	0.00000	0.00000	0.00000	0.00000
WT1(E604078EA627)	3.91	13104	 2021-05-17 20:38:23.215	1.031	0.068	-0.021	-1.099	-2.197	0.061	106.979	-86.671	151.804	0.00	0.00	0.00	0.00000	0.00000	0.00000	0.00000
WT2(D8:09:BF:40:2B:C3)	3.95	13103	 2021-05-17 20:38:23.251	0.972	-0.269	0.089	0.427	-0.061	-0.610	-70.746	-71.917	-137.862	0.00	0.00	0.00	0.00000	0.00000	0.00000	0.00000
WT2(D8:09:BF:40:2B:C3)	3.95	13103	 2021-05-17 20:38:23.312	0.958	-0.263	0.092	-3.723	2.197	-3.174	-70.302	-72.142	-138.197	0.00	0.00	0.00	0.00000	0.00000	0.00000	0.00000
WT1(E604078EA627)	3.91	13104	 2021-05-17 20:38:23.319	1.014	0.070	-0.043	0.916	-3.174	-1.343	111.638	-86.506	147.090	0.00	0.00	0.00	0.00000	0.00000	0.00000	0.00000
WT1(E604078EA627)	3.91	13104	 2021-05-17 20:38:23.423	1.029	0.060	-0.053	-3.601	-6.714	-0.549	120.377	-86.006	138.598	0.00	0.00	0.00	0.00000	0.00000	0.00000	0.00000
WT2(D8:09:BF:40:2B:C3)	3.95	13103	 2021-05-17 20:38:23.438	0.990	-0.235	0.094	1.892	1.465	-6.104	-69.291	-72.664	-138.889	0.00	0.00	0.00	0.00000	0.00000	0.00000	0.00000
WT1(E604078EA627)	3.91	13104	 2021-05-17 20:38:23.516	1.037	0.064	-0.072	-10.010	-9.827	3.296	130.710	-85.529	128.243	0.00	0.00	0.00	0.00000	0.00000	0.00000	0.00000
WT2(D8:09:BF:40:2B:C3)	3.95	13103	 2021-05-17 20:38:23.530	0.986	-0.227	0.087	4.883	-0.549	-8.179	-68.379	-73.477	-139.614	0.00	0.00	0.00	0.00000	0.00000	0.00000	0.00000
WT2(D8:09:BF:40:2B:C3)	3.95	13103	 2021-05-17 20:38:23.608	0.962	-0.243	0.092	-8.240	0.610	-12.573	-67.857	-74.493	-141.251	0.00	0.00	0.00	0.00000	0.00000	0.00000	0.00000
WT1(E604078EA627)	3.91	13104	 2021-05-17 20:38:23.619	1.009	0.071	-0.078	-6.042	-12.451	2.380	142.652	-84.957	115.340	0.00	0.00	0.00	0.00000	0.00000	0.00000	0.00000
WT2(D8:09:BF:40:2B:C3)	3.95	13103	 2021-05-17 20:38:23.720	1.003	-0.242	0.086	14.099	0.305	-15.564	-66.193	-75.844	-143.031	0.00	0.00	0.00	0.00000	0.00000	0.00000	0.00000
WT1(E604078EA627)	3.91	13104	 2021-05-17 20:38:23.725	1.010	0.098	-0.116	-4.578	-12.268	2.075	150.189	-83.952	107.864	0.00	0.00	0.00	0.00000	0.00000	0.00000	0.00000
WT1(E604078EA627)	3.91	13104	 2021-05-17 20:38:23.829	1.044	0.086	-0.114	-8.118	-18.127	0.977	156.934	-82.386	100.311	0.00	0.00	0.00	0.00000	0.00000	0.00000	0.00000
WT2(D8:09:BF:40:2B:C3)	3.95	13103	 2021-05-17 20:38:23.837	0.992	-0.203	0.098	-9.705	1.709	-16.541	-63.853	-77.305	-146.464	0.00	0.00	0.00	0.00000	0.00000	0.00000	0.00000
WT2(D8:09:BF:40:2B:C3)	3.95	13103	 2021-05-17 20:38:23.916	1.044	-0.155	0.109	-9.827	6.165	-13.550	-59.859	-78.569	-151.463	0.00	0.00	0.00	0.00000	0.00000	0.00000	0.00000
WT1(E604078EA627)	3.91	13104	 2021-05-17 20:38:23.919	1.092	0.075	-0.179	-13.672	-12.024	0.061	159.197	-80.920	96.921	0.00	0.00	0.00	0.00000	0.00000	0.00000	0.00000
WT1(E604078EA627)	3.91	13104	 2021-05-17 20:38:24.041	1.030	0.064	-0.181	-2.747	-16.724	-5.798	159.549	-79.574	95.438	0.00	0.00	0.00	0.00000	0.00000	0.00000	0.00000
WT2(D8:09:BF:40:2B:C3)	3.95	13103	 2021-05-17 20:38:24.043	0.984	-0.198	0.078	-4.578	4.944	-15.503	-53.207	-79.470	-159.395	0.00	0.00	0.00	0.00000	0.00000	0.00000	0.00000
WT2(D8:09:BF:40:2B:C3)	3.95	13103	 2021-05-17 20:38:24.115	0.982	-0.133	0.080	-15.625	3.540	-13.611	-45.577	-80.398	-167.558	0.00	0.00	0.00	0.00000	0.00000	0.00000	0.00000
WT1(E604078EA627)	3.91	13104	 2021-05-17 20:38:24.129	1.037	0.036	-0.178	-20.996	-17.334	0.122	160.433	-77.975	93.230	0.00	0.00	0.00	0.00000	0.00000	0.00000	0.00000
WT2(D8:09:BF:40:2B:C3)	3.95	13103	 2021-05-17 20:38:24.211	1.008	-0.096	0.097	-11.719	3.052	-10.925	-39.529	-81.090	-174.913	0.00	0.00	0.00	0.00000	0.00000	0.00000	0.00000
WT1(E604078EA627)	3.91	13104	 2021-05-17 20:38:24.250	1.026	0.021	-0.202	-14.099	-13.367	2.808	162.246	-76.915	89.846	0.00	0.00	0.00	0.00000	0.00000	0.00000	0.00000
WT2(D8:09:BF:40:2B:C3)	3.95	13103	 2021-05-17 20:38:24.317	0.995	-0.008	0.097	0.610	0.000	-11.658	-33.690	-81.782	178.726	0.00	0.00	0.00	0.00000	0.00000	0.00000	0.00000
WT1(E604078EA627)	3.91	13104	 2021-05-17 20:38:24.325	0.988	0.020	-0.230	-47.363	-14.038	8.240	163.663	-75.976	86.765	0.00	0.00	0.00	0.00000	0.00000	0.00000	0.00000
WT2(D8:09:BF:40:2B:C3)	3.95	13103	 2021-05-17 20:38:24.413	0.989	-0.050	0.098	20.569	-1.709	-18.250	-27.103	-82.326	170.612	0.00	0.00	0.00	0.00000	0.00000	0.00000	0.00000
WT1(E604078EA627)	3.91	13104	 2021-05-17 20:38:24.429	0.959	0.103	-0.238	-33.691	-20.325	4.639	165.399	-74.597	84.760	0.00	0.00	0.00	0.00000	0.00000	0.00000	0.00000
WT2(D8:09:BF:40:2B:C3)	3.95	13103	 2021-05-17 20:38:24.522	1.032	0.004	0.129	-1.831	4.639	-18.372	-15.634	-82.546	157.044	0.00	0.00	0.00	0.00000	0.00000	0.00000	0.00000
WT1(E604078EA627)	3.91	13104	 2021-05-17 20:38:24.536	0.989	0.083	-0.293	-22.766	-18.555	-2.136	164.833	-72.856	83.507	0.00	0.00	0.00	0.00000	0.00000	0.00000	0.00000
WT2(D8:09:BF:40:2B:C3)	3.95	13103	 2021-05-17 20:38:24.615	1.018	-0.012	0.137	-4.700	8.118	-16.724	-4.417	-82.013	143.685	0.00	0.00	0.00	0.00000	0.00000	0.00000	0.00000
WT1(E604078EA627)	3.91	13104	 2021-05-17 20:38:24.654	0.969	0.074	-0.306	-30.579	-18.372	-2.869	163.098	-71.054	83.238	0.00	0.00	0.00	0.00000	0.00000	0.00000	0.00000
WT1(E604078EA627)	3.91	13104	 2021-05-17 20:38:24.729	0.965	0.102	-0.333	-18.616	-17.090	-4.639	161.318	-69.241	82.798	0.00	0.00	0.00	0.00000	0.00000	0.00000	0.00000
WT2(D8:09:BF:40:2B:C3)	3.95	13103	 2021-05-17 20:38:24.743	1.012	-0.012	0.151	-11.841	11.719	-16.602	4.307	-80.876	132.687	0.00	0.00	0.00	0.00000	0.00000	0.00000	0.00000
WT1(E604078EA627)	3.91	13104	 2021-05-17 20:38:24.834	0.953	0.183	-0.316	-40.771	-7.690	2.747	159.648	-67.736	82.623	0.00	0.00	0.00	0.00000	0.00000	0.00000	0.00000
WT2(D8:09:BF:40:2B:C3)	3.95	13103	 2021-05-17 20:38:24.846	0.979	0.033	0.172	-16.907	10.376	-15.991	10.931	-79.503	124.113	0.00	0.00	0.00	0.00000	0.00000	0.00000	0.00000
WT2(D8:09:BF:40:2B:C3)	3.95	13103	 2021-05-17 20:38:24.897	0.992	-0.095	0.160	-23.682	11.169	-12.573	15.364	-77.717	117.345	0.00	0.00	0.00	0.00000	0.00000	0.00000	0.00000
WT1(E604078EA627)	3.91	13104	 2021-05-17 20:38:24.940	0.964	0.213	-0.382	-33.264	-16.479	-1.709	158.302	-66.660	82.222	0.00	0.00	0.00	0.00000	0.00000	0.00000	0.00000
WT2(D8:09:BF:40:2B:C3)	3.95	13103	 2021-05-17 20:38:25.033	0.951	0.013	0.207	-14.954	9.216	-12.451	17.886	-76.586	113.752	0.00	0.00	0.00	0.00000	0.00000	0.00000	0.00000
WT1(E604078EA627)	3.91	13104	 2021-05-17 20:38:25.044	0.941	0.121	-0.428	-8.667	-21.667	-5.920	157.593	-64.748	81.304	0.00	0.00	0.00	0.00000	0.00000	0.00000	0.00000
WT2(D8:09:BF:40:2B:C3)	3.95	13103	 2021-05-17 20:38:25.097	0.979	0.159	0.226	-5.005	7.141	-15.869	21.714	-75.383	109.265	0.00	0.00	0.00	0.00000	0.00000	0.00000	0.00000
WT1(E604078EA627)	3.91	13104	 2021-05-17 20:38:25.149	0.936	0.153	-0.397	-10.864	-19.958	-5.554	157.066	-62.710	80.876	0.00	0.00	0.00	0.00000	0.00000	0.00000	0.00000
WT2(D8:09:BF:40:2B:C3)	3.95	13103	 2021-05-17 20:38:25.189	0.973	0.137	0.248	0.977	7.263	-14.893	24.192	-73.938	105.557	0.00	0.00	0.00	0.00000	0.00000	0.00000	0.00000
WT1(E604078EA627)	3.91	13104	 2021-05-17 20:38:25.239	0.915	0.169	-0.414	-1.221	-14.709	-7.385	156.462	-61.062	81.030	0.00	0.00	0.00	0.00000	0.00000	0.00000	0.00000
WT2(D8:09:BF:40:2B:C3)	3.95	13103	 2021-05-17 20:38:25.295	0.970	0.210	0.284	-11.963	14.465	-13.123	26.158	-72.350	103.030	0.00	0.00	0.00	0.00000	0.00000	0.00000	0.00000
WT1(E604078EA627)	3.91	13104	 2021-05-17 20:38:25.344	0.879	0.178	-0.474	8.118	-9.338	-7.080	155.880	-59.875	81.304	0.00	0.00	0.00	0.00000	0.00000	0.00000	0.00000
WT2(D8:09:BF:40:2B:C3)	3.95	13103	 2021-05-17 20:38:25.384	0.951	0.205	0.295	1.648	8.179	-12.878	27.224	-70.851	101.107	0.00	0.00	0.00	0.00000	0.00000	0.00000	0.00000
WT1(E604078EA627)	3.91	13104	 2021-05-17 20:38:25.465	0.878	0.278	-0.532	2.319	-15.747	-6.897	155.715	-58.370	81.376	0.00	0.00	0.00	0.00000	0.00000	0.00000	0.00000
WT1(E604078EA627)	3.91	13104	 2021-05-17 20:38:25.553	0.854	0.250	-0.517	4.639	-20.569	-8.728	155.572	-56.371	81.227	0.00	0.00	0.00	0.00000	0.00000	0.00000	0.00000
WT2(D8:09:BF:40:2B:C3)	3.95	13103	 2021-05-17 20:38:25.589	0.938	0.258	0.324	-10.254	9.827	-16.296	31.267	-67.846	96.075	0.00	0.00	0.00	0.00000	0.00000	0.00000	0.00000
WT1(E604078EA627)	3.91	13104	 2021-05-17 20:38:25.644	0.836	0.260	-0.499	-2.686	-17.700	-7.324	154.896	-54.399	81.046	0.00	0.00	0.00	0.00000	0.00000	0.00000	0.00000
WT1(E604078EA627)	3.91	13104	 2021-05-17 20:38:25.748	0.831	0.344	-0.522	-25.146	-12.756	-6.287	154.341	-52.883	81.606	0.00	0.00	0.00	0.00000	0.00000	0.00000	0.00000
WT2(D8:09:BF:40:2B:C3)	3.95	13103	 2021-05-17 20:38:25.780	0.926	0.271	0.348	-7.202	9.888	-13.367	32.179	-66.264	94.373	0.00	0.00	0.00	0.00000	0.00000	0.00000	0.00000
WT2(D8:09:BF:40:2B:C3)	3.95	13103	 2021-05-17 20:38:25.838	0.914	0.197	0.362	-30.457	13.794	-8.972	32.602	-64.781	93.016	0.00	0.00	0.00	0.00000	0.00000	0.00000	0.00000
WT1(E604078EA627)	3.91	13104	 2021-05-17 20:38:25.854	0.787	0.281	-0.520	-10.315	-12.512	-6.470	153.160	-51.592	81.821	0.00	0.00	0.00	0.00000	0.00000	0.00000	0.00000
WT2(D8:09:BF:40:2B:C3)	3.95	13103	 2021-05-17 20:38:25.900	0.886	0.195	0.367	-2.747	9.460	-7.019	32.338	-63.490	92.939	0.00	0.00	0.00	0.00000	0.00000	0.00000	0.00000
WT1(E604078EA627)	3.91	13104	 2021-05-17 20:38:25.961	0.817	0.296	-0.562	-4.517	-9.460	-6.897	152.814	-50.339	82.128	0.00	0.00	0.00	0.00000	0.00000	0.00000	0.00000
WT2(D8:09:BF:40:2B:C3)	3.95	13103	 2021-05-17 20:38:25.997	0.912	0.355	0.402	-9.338	10.132	-5.432	32.130	-62.298	92.395	0.00	0.00	0.00	0.00000	0.00000	0.00000	0.00000
WT1(E604078EA627)	3.91	13104	 2021-05-17 20:38:26.049	0.763	0.346	-0.585	7.019	-10.925	-8.118	152.523	-49.213	82.321	0.00	0.00	0.00	0.00000	0.00000	0.00000	0.00000
WT2(D8:09:BF:40:2B:C3)	3.95	13103	 2021-05-17 20:38:26.101	0.888	0.331	0.413	-11.292	10.437	-9.888	32.388	-61.095	91.505	0.00	0.00	0.00	0.00000	0.00000	0.00000	0.00000
WT1(E604078EA627)	3.91	13104	 2021-05-17 20:38:26.153	0.765	0.405	-0.610	-10.376	-13.123	-4.333	152.677	-47.747	82.260	0.00	0.00	0.00	0.00000	0.00000	0.00000	0.00000
WT2(D8:09:BF:40:2B:C3)	3.95	13103	 2021-05-17 20:38:26.193	0.833	0.284	0.423	-26.611	10.071	-7.629	32.992	-59.930	90.066	0.00	0.00	0.00	0.00000	0.00000	0.00000	0.00000
WT1(E604078EA627)	3.91	13104	 2021-05-17 20:38:26.259	0.743	0.345	-0.559	-20.325	-10.681	-1.221	152.172	-46.763	81.958	0.00	0.00	0.00	0.00000	0.00000	0.00000	0.00000
WT2(D8:09:BF:40:2B:C3)	3.95	13103	 2021-05-17 20:38:26.315	0.853	0.278	0.417	-15.991	7.874	-5.005	33.080	-58.936	89.247	0.00	0.00	0.00	0.00000	0.00000	0.00000	0.00000
WT1(E604078EA627)	3.91	13104	 2021-05-17 20:38:26.363	0.731	0.301	-0.550	-12.573	-11.658	-2.563	151.463	-46.005	81.947	0.00	0.00	0.00	0.00000	0.00000	0.00000	0.00000
WT2(D8:09:BF:40:2B:C3)	3.95	13103	 2021-05-17 20:38:26.394	0.857	0.232	0.411	-2.869	1.953	-0.427	32.684	-58.173	89.203	0.00	0.00	0.00	0.00000	0.00000	0.00000	0.00000
WT1(E604078EA627)	3.91	13104	 2021-05-17 20:38:26.486	0.777	0.318	-0.574	-15.869	-10.193	-2.869	151.540	-45.478	82.084	0.00	0.00	0.00	0.00000	0.00000	0.00000	0.00000
WT2(D8:09:BF:40:2B:C3)	3.95	13103	 2021-05-17 20:38:26.501	0.906	0.347	0.463	-4.089	5.554	0.549	32.997	-57.722	88.726	0.00	0.00	0.00	0.00000	0.00000	0.00000	0.00000
WT1(E604078EA627)	3.91	13104	 2021-05-17 20:38:26.559	0.741	0.329	-0.658	-19.409	-9.033	-2.625	151.578	-44.813	82.271	0.00	0.00	0.00	0.00000	0.00000	0.00000	0.00000
WT2(D8:09:BF:40:2B:C3)	3.95	13103	 2021-05-17 20:38:26.610	0.861	0.343	0.434	-7.690	4.700	-2.747	33.239	-57.140	88.204	0.00	0.00	0.00	0.00000	0.00000	0.00000	0.00000
WT1(E604078EA627)	3.91	13104	 2021-05-17 20:38:26.679	0.732	0.320	-0.625	-24.292	-8.301	-0.427	151.749	-43.819	82.227	0.00	0.00	0.00	0.00000	0.00000	0.00000	0.00000
WT2(D8:09:BF:40:2B:C3)	3.95	13103	 2021-05-17 20:38:26.687	0.853	0.382	0.467	-11.963	5.554	-3.723	33.690	-56.442	87.396	0.00	0.00	0.00	0.00000	0.00000	0.00000	0.00000
WT2(D8:09:BF:40:2B:C3)	3.95	13103	 2021-05-17 20:38:26.782	0.825	0.282	0.463	-2.014	-0.488	0.610	33.799	-56.245	87.391	0.00	0.00	0.00	0.00000	0.00000	0.00000	0.00000
WT1(E604078EA627)	3.91	13104	 2021-05-17 20:38:26.786	0.721	0.316	-0.582	-6.958	-0.854	2.136	151.743	-43.643	82.178	0.00	0.00	0.00	0.00000	0.00000	0.00000	0.00000
WT1(E604078EA627)	3.91	13104	 2021-05-17 20:38:26.860	0.718	0.295	-0.611	0.732	6.592	5.432	152.089	-44.379	82.090	0.00	0.00	0.00	0.00000	0.00000	0.00000	0.00000
WT1(E604078EA627)	3.91	13104	 2021-05-17 20:38:26.965	0.723	0.313	-0.646	7.507	8.057	4.517	152.902	-45.225	81.958	0.00	0.00	0.00	0.00000	0.00000	0.00000	0.00000
WT2(D8:09:BF:40:2B:C3)	3.95	13103	 2021-05-17 20:38:26.997	0.845	0.301	0.439	3.723	-6.836	6.409	34.552	-57.673	87.297	0.00	0.00	0.00	0.00000	0.00000	0.00000	0.00000
WT1(E604078EA627)	3.91	13104	 2021-05-17 20:38:27.070	0.744	0.308	-0.616	16.907	8.423	4.822	154.089	-46.055	81.881	0.00	0.00	0.00	0.00000	0.00000	0.00000	0.00000
WT2(D8:09:BF:40:2B:C3)	3.95	13103	 2021-05-17 20:38:27.076	0.861	0.338	0.433	11.841	-8.911	6.409	35.728	-58.694	87.198	0.00	0.00	0.00	0.00000	0.00000	0.00000	0.00000
WT1(E604078EA627)	3.91	13104	 2021-05-17 20:38:27.174	0.734	0.343	-0.619	13.428	18.433	8.301	155.193	-47.565	81.848	0.00	0.00	0.00	0.00000	0.00000	0.00000	0.00000
WT2(D8:09:BF:40:2B:C3)	3.95	13103	 2021-05-17 20:38:27.186	0.873	0.362	0.396	17.090	-11.414	11.047	36.672	-60.150	86.968	0.00	0.00	0.00	0.00000	0.00000	0.00000	0.00000
WT1(E604078EA627)	3.91	13104	 2021-05-17 20:38:27.294	0.728	0.357	-0.610	13.550	17.578	7.263	156.456	-49.241	81.953	0.00	0.00	0.00	0.00000	0.00000	0.00000	0.00000
WT2(D8:09:BF:40:2B:C3)	3.95	13103	 2021-05-17 20:38:27.367	0.880	0.314	0.338	14.771	-13.367	16.602	37.749	-63.748	87.836	0.00	0.00	0.00	0.00000	0.00000	0.00000	0.00000
WT1(E604078EA627)	3.91	13104	 2021-05-17 20:38:27.368	0.790	0.275	-0.550	8.667	16.052	7.996	157.451	-50.971	82.145	0.00	0.00	0.00	0.00000	0.00000	0.00000	0.00000
WT2(D8:09:BF:40:2B:C3)	3.95	13103	 2021-05-17 20:38:27.474	0.938	0.239	0.292	16.479	-15.991	21.301	36.947	-65.945	88.984	0.00	0.00	0.00	0.00000	0.00000	0.00000	0.00000
WT1(E604078EA627)	3.91	13104	 2021-05-17 20:38:27.505	0.847	0.239	-0.576	3.845	19.958	10.071	158.132	-53.201	81.865	0.00	0.00	0.00	0.00000	0.00000	0.00000	0.00000
WT2(D8:09:BF:40:2B:C3)	3.95	13103	 2021-05-17 20:38:27.566	0.971	0.268	0.271	19.470	-16.235	21.790	37.106	-68.291	90.527	0.00	0.00	0.00	0.00000	0.00000	0.00000	0.00000
WT1(E604078EA627)	3.91	13104	 2021-05-17 20:38:27.579	0.887	0.199	-0.559	9.827	16.113	6.409	159.368	-55.118	81.788	0.00	0.00	0.00	0.00000	0.00000	0.00000	0.00000
WT2(D8:09:BF:40:2B:C3)	3.95	13103	 2021-05-17 20:38:27.681	0.877	0.194	0.208	8.545	-15.686	23.071	36.650	-70.527	92.230	0.00	0.00	0.00	0.00000	0.00000	0.00000	0.00000
WT1(E604078EA627)	3.91	13104	 2021-05-17 20:38:27.713	0.908	0.126	-0.506	-22.644	16.663	12.695	159.802	-57.321	81.491	0.00	0.00	0.00	0.00000	0.00000	0.00000	0.00000
WT1(E604078EA627)	3.91	13104	 2021-05-17 20:38:27.789	0.926	0.227	-0.449	-20.081	20.508	11.841	161.191	-60.013	81.425	0.00	0.00	0.00	0.00000	0.00000	0.00000	0.00000
WT1(E604078EA627)	3.91	13104	 2021-05-17 20:38:27.879	0.889	0.241	-0.511	0.549	21.423	7.019	162.554	-62.798	81.942	0.00	0.00	0.00	0.00000	0.00000	0.00000	0.00000
WT2(D8:09:BF:40:2B:C3)	3.95	13103	 2021-05-17 20:38:27.908	0.937	0.167	0.206	37.903	-14.893	20.996	31.245	-75.718	101.332	0.00	0.00	0.00	0.00000	0.00000	0.00000	0.00000
WT1(E604078EA627)	3.91	13104	 2021-05-17 20:38:27.985	0.896	0.149	-0.456	8.728	13.306	-0.671	162.746	-63.990	82.886	0.00	0.00	0.00	0.00000	0.00000	0.00000	0.00000
WT2(D8:09:BF:40:2B:C3)	3.95	13103	 2021-05-17 20:38:28.000	1.104	0.224	0.220	37.781	-6.653	19.104	26.647	-77.404	107.419	0.00	0.00	0.00	0.00000	0.00000	0.00000	0.00000
WT2(D8:09:BF:40:2B:C3)	3.95	13103	 2021-05-17 20:38:28.080	0.983	0.139	0.176	28.564	-7.996	18.250	21.616	-78.267	113.604	0.00	0.00	0.00	0.00000	0.00000	0.00000	0.00000
WT1(E604078EA627)	3.91	13104	 2021-05-17 20:38:28.089	0.932	0.104	-0.425	21.851	15.930	-1.648	162.993	-64.852	84.089	0.00	0.00	0.00	0.00000	0.00000	0.00000	0.00000
WT2(D8:09:BF:40:2B:C3)	3.95	13103	 2021-05-17 20:38:28.171	0.995	0.089	0.171	-15.503	-4.822	22.034	16.287	-79.222	119.641	0.00	0.00	0.00	0.00000	0.00000	0.00000	0.00000
WT1(E604078EA627)	3.91	13104	 2021-05-17 20:38:28.179	0.958	0.071	-0.416	24.780	22.461	2.197	163.043	-66.709	84.172	0.00	0.00	0.00	0.00000	0.00000	0.00000	0.00000
WT2(D8:09:BF:40:2B:C3)	3.95	13103	 2021-05-17 20:38:28.279	1.014	0.125	0.145	15.930	-12.146	23.560	8.915	-80.590	128.947	0.00	0.00	0.00	0.00000	0.00000	0.00000	0.00000
WT1(E604078EA627)	3.91	13104	 2021-05-17 20:38:28.314	0.970	0.024	-0.350	14.404	18.982	4.517	164.295	-68.687	84.359	0.00	0.00	0.00	0.00000	0.00000	0.00000	0.00000
WT2(D8:09:BF:40:2B:C3)	3.95	13103	 2021-05-17 20:38:28.371	1.038	0.139	0.162	10.742	-3.540	22.705	-4.175	-81.738	143.097	0.00	0.00	0.00	0.00000	0.00000	0.00000	0.00000
WT1(E604078EA627)	3.91	13104	 2021-05-17 20:38:28.388	0.966	0.099	-0.334	15.259	16.907	5.615	166.075	-70.807	83.029	0.00	0.00	0.00	0.00000	0.00000	0.00000	0.00000
WT2(D8:09:BF:40:2B:C3)	3.95	13103	 2021-05-17 20:38:28.480	1.041	0.130	0.137	25.146	-11.108	22.461	-21.583	-82.425	162.081	0.00	0.00	0.00	0.00000	0.00000	0.00000	0.00000
WT1(E604078EA627)	3.91	13104	 2021-05-17 20:38:28.497	0.952	0.088	-0.318	28.809	16.907	3.296	168.898	-72.367	81.865	0.00	0.00	0.00	0.00000	0.00000	0.00000	0.00000
WT2(D8:09:BF:40:2B:C3)	3.95	13103	 2021-05-17 20:38:28.557	1.029	0.017	0.096	26.184	-15.930	27.100	-36.541	-82.568	179.253	0.00	0.00	0.00	0.00000	0.00000	0.00000	0.00000
WT1(E604078EA627)	3.91	13104	 2021-05-17 20:38:28.584	1.035	0.021	-0.304	0.122	23.987	7.446	170.414	-73.971	82.079	0.00	0.00	0.00	0.00000	0.00000	0.00000	0.00000
WT2(D8:09:BF:40:2B:C3)	3.95	13103	 2021-05-17 20:38:28.650	0.965	-0.157	0.079	33.630	-10.742	23.926	-50.845	-81.689	-165.416	0.00	0.00	0.00	0.00000	0.00000	0.00000	0.00000
WT1(E604078EA627)	3.91	13104	 2021-05-17 20:38:28.704	1.002	0.090	-0.311	7.507	19.165	4.333	171.612	-76.135	82.255	0.00	0.00	0.00	0.00000	0.00000	0.00000	0.00000
WT2(D8:09:BF:40:2B:C3)	3.95	13103	 2021-05-17 20:38:28.758	0.989	-0.183	0.074	16.846	-6.836	18.860	-60.397	-80.431	-154.440	0.00	0.00	0.00	0.00000	0.00000	0.00000	0.00000
WT1(E604078EA627)	3.91	13104	 2021-05-17 20:38:28.809	0.980	0.021	-0.235	20.630	11.902	-1.404	172.238	-77.772	82.815	0.00	0.00	0.00	0.00000	0.00000	0.00000	0.00000
WT2(D8:09:BF:40:2B:C3)	3.95	13103	 2021-05-17 20:38:28.851	0.993	-0.132	0.067	12.512	-5.005	19.104	-66.379	-79.030	-146.354	0.00	0.00	0.00	0.00000	0.00000	0.00000	0.00000
WT1(E604078EA627)	3.91	13104	 2021-05-17 20:38:28.898	1.048	0.013	-0.211	16.174	10.925	-1.587	172.524	-78.585	84.408	0.00	0.00	0.00	0.00000	0.00000	0.00000	0.00000
WT2(D8:09:BF:40:2B:C3)	3.95	13103	 2021-05-17 20:38:28.960	1.012	-0.132	0.062	8.057	-3.540	19.592	-70.653	-77.552	-140.499	0.00	0.00	0.00	0.00000	0.00000	0.00000	0.00000
WT1(E604078EA627)	3.91	13104	 2021-05-17 20:38:29.007	1.035	0.017	-0.153	19.165	19.165	-3.906	172.095	-80.338	86.281	0.00	0.00	0.00	0.00000	0.00000	0.00000	0.00000
WT2(D8:09:BF:40:2B:C3)	3.95	13103	 2021-05-17 20:38:29.051	1.012	-0.230	0.065	26.855	-5.615	20.691	-73.729	-75.734	-135.538	0.00	0.00	0.00	0.00000	0.00000	0.00000	0.00000
WT1(E604078EA627)	3.91	13104	 2021-05-17 20:38:29.094	1.021	0.030	-0.173	12.207	19.226	-2.625	169.920	-82.156	90.220	0.00	0.00	0.00	0.00000	0.00000	0.00000	0.00000
WT2(D8:09:BF:40:2B:C3)	3.95	13103	 2021-05-17 20:38:29.161	0.979	-0.279	0.059	24.597	-3.235	19.836	-75.449	-73.922	-132.253	0.00	0.00	0.00	0.00000	0.00000	0.00000	0.00000
WT1(E604078EA627)	3.91	13104	 2021-05-17 20:38:29.199	1.018	0.040	-0.159	17.090	16.479	-4.089	165.751	-83.650	96.328	0.00	0.00	0.00	0.00000	0.00000	0.00000	0.00000
WT2(D8:09:BF:40:2B:C3)	3.95	13103	 2021-05-17 20:38:29.268	0.977	-0.251	0.076	7.996	-1.221	16.541	-75.932	-72.460	-129.820	0.00	0.00	0.00	0.00000	0.00000	0.00000	0.00000
WT1(E604078EA627)	3.91	13104	 2021-05-17 20:38:29.335	1.013	0.032	-0.137	15.686	12.939	-3.723	159.708	-84.842	103.799	0.00	0.00	0.00	0.00000	0.00000	0.00000	0.00000
WT2(D8:09:BF:40:2B:C3)	3.95	13103	 2021-05-17 20:38:29.361	0.979	-0.286	0.057	14.587	-2.258	11.841	-76.223	-71.268	-127.974	0.00	0.00	0.00	0.00000	0.00000	0.00000	0.00000
WT1(E604078EA627)	3.91	13104	 2021-05-17 20:38:29.408	1.020	0.002	-0.104	12.573	7.141	-2.502	153.798	-85.441	110.918	0.00	0.00	0.00	0.00000	0.00000	0.00000	0.00000
WT2(D8:09:BF:40:2B:C3)	3.95	13103	 2021-05-17 20:38:29.454	0.952	-0.314	0.065	12.024	-3.784	7.507	-76.399	-70.565	-126.656	0.00	0.00	0.00	0.00000	0.00000	0.00000	0.00000
WT1(E604078EA627)	3.91	13104	 2021-05-17 20:38:29.513	1.033	0.028	-0.091	12.451	6.165	-2.136	148.469	-85.880	117.427	0.00	0.00	0.00	0.00000	0.00000	0.00000	0.00000
WT2(D8:09:BF:40:2B:C3)	3.95	13103	 2021-05-17 20:38:29.593	0.963	-0.326	0.066	11.414	-2.686	6.897	-76.509	-69.994	-125.277	0.00	0.00	0.00	0.00000	0.00000	0.00000	0.00000
WT1(E604078EA627)	3.91	13104	 2021-05-17 20:38:29.604	1.025	0.008	-0.081	7.263	4.395	-0.549	144.229	-86.243	122.393	0.00	0.00	0.00	0.00000	0.00000	0.00000	0.00000
WT2(D8:09:BF:40:2B:C3)	3.95	13103	 2021-05-17 20:38:29.655	0.960	-0.351	0.069	12.146	-2.686	4.944	-76.937	-69.560	-124.283	0.00	0.00	0.00	0.00000	0.00000	0.00000	0.00000
WT1(E604078EA627)	3.91	13104	 2021-05-17 20:38:29.724	1.022	0.027	-0.069	3.784	2.075	0.427	141.773	-86.402	125.486	0.00	0.00	0.00	0.00000	0.00000	0.00000	0.00000
WT2(D8:09:BF:40:2B:C3)	3.95	13103	 2021-05-17 20:38:29.780	0.944	-0.338	0.067	0.305	-0.732	2.808	-77.064	-69.329	-123.690	0.00	0.00	0.00	0.00000	0.00000	0.00000	0.00000
WT1(E604078EA627)	3.91	13104	 2021-05-17 20:38:29.843	1.051	0.048	-0.052	5.859	-0.977	-1.282	140.949	-86.369	126.661	0.00	0.00	0.00	0.00000	0.00000	0.00000	0.00000
WT2(D8:09:BF:40:2B:C3)	3.95	13103	 2021-05-17 20:38:29.858	0.956	-0.301	0.076	2.991	-0.854	-0.061	-77.069	-69.274	-123.239	0.00	0.00	0.00	0.00000	0.00000	0.00000	0.00000
WT1(E604078EA627)	3.91	13104	 2021-05-17 20:38:29.904	1.024	0.046	-0.045	5.676	-1.709	-0.305	141.921	-86.298	126.222	0.00	0.00	0.00	0.00000	0.00000	0.00000	0.00000
WT2(D8:09:BF:40:2B:C3)	3.95	13103	 2021-05-17 20:38:29.966	0.945	-0.316	0.067	7.629	-2.441	0.305	-77.234	-69.401	-122.569	0.00	0.00	0.00	0.00000	0.00000	0.00000	0.00000
