设备名称	电压	版本	片上时间	加速度X(g)	加速度Y(g)	加速度Z(g)	角速度X(°/s)	角速度Y(°/s)	角速度Z(°/s)	角度X(°)	角度Y(°)	角度Z(°)	磁场X	磁场Y	磁场Z	四元数0	四元数1	四元数2	四元数3	状态
WT1(E604078EA627)	3.91	13104	 2021-05-17 20:37:51.079	1.030	0.014	-0.049	1.770	2.930	0.732	170.898	-86.528	76.503	0.00	0.00	0.00	0.00000	0.00000	0.00000	0.00000
WT2(D8:09:BF:40:2B:C3)	3.95	13103	 2021-05-17 20:37:51.115	0.973	-0.253	0.052	6.470	-0.061	1.709	-76.349	-74.048	-151.732	0.00	0.00	0.00	0.00000	0.00000	0.00000	0.00000
WT1(E604078EA627)	3.91	13104	 2021-05-17 20:37:51.176	1.033	0.011	-0.059	8.301	4.211	-1.404	169.574	-86.836	78.030	0.00	0.00	0.00	0.00000	0.00000	0.00000	0.00000
WT2(D8:09:BF:40:2B:C3)	3.95	13103	 2021-05-17 20:37:51.220	0.983	-0.253	0.049	5.188	0.061	3.418	-76.443	-73.817	-150.326	0.00	0.00	0.00	0.00000	0.00000	0.00000	0.00000
WT1(E604078EA627)	3.91	13104	 2021-05-17 20:37:51.311	1.025	0.018	-0.058	5.737	2.441	-1.465	165.954	-87.166	82.134	0.00	0.00	0.00	0.00000	0.00000	0.00000	0.00000
WT2(D8:09:BF:40:2B:C3)	3.95	13103	 2021-05-17 20:37:51.313	0.978	-0.259	0.050	5.737	0.854	3.540	-76.333	-73.531	-149.112	0.00	0.00	0.00	0.00000	0.00000	0.00000	0.00000
WT1(E604078EA627)	3.91	13104	 2021-05-17 20:37:51.384	1.036	0.010	-0.047	6.470	2.258	-2.747	161.483	-87.380	86.990	0.00	0.00	0.00	0.00000	0.00000	0.00000	0.00000
WT2(D8:09:BF:40:2B:C3)	3.95	13103	 2021-05-17 20:37:51.422	0.990	-0.256	0.050	7.385	-0.305	1.709	-76.069	-73.416	-148.019	0.00	0.00	0.00	0.00000	0.00000	0.00000	0.00000
WT1(E604078EA627)	3.91	13104	 2021-05-17 20:37:51.474	1.019	-0.003	-0.051	1.221	-0.183	-0.366	158.780	-87.457	90.071	0.00	0.00	0.00	0.00000	0.00000	0.00000	0.00000
WT2(D8:09:BF:40:2B:C3)	3.95	13103	 2021-05-17 20:37:51.542	0.969	-0.275	0.049	2.014	0.122	1.953	-75.795	-73.345	-147.096	0.00	0.00	0.00	0.00000	0.00000	0.00000	0.00000
WT1(E604078EA627)	3.91	13104	 2021-05-17 20:37:51.579	1.033	0.010	-0.056	2.441	0.977	0.000	157.956	-87.451	91.214	0.00	0.00	0.00	0.00000	0.00000	0.00000	0.00000
WT2(D8:09:BF:40:2B:C3)	3.95	13103	 2021-05-17 20:37:51.625	0.979	-0.244	0.063	1.648	0.732	-0.183	-75.443	-73.444	-146.294	0.00	0.00	0.00	0.00000	0.00000	0.00000	0.00000
WT1(E604078EA627)	3.91	13104	 2021-05-17 20:37:51.684	1.029	0.021	-0.060	7.446	-6.165	-2.502	157.297	-87.144	92.296	0.00	0.00	0.00	0.00000	0.00000	0.00000	0.00000
WT2(D8:09:BF:40:2B:C3)	3.95	13103	 2021-05-17 20:37:51.718	0.978	-0.233	0.061	3.052	0.732	-4.089	-74.756	-73.757	-145.926	0.00	0.00	0.00	0.00000	0.00000	0.00000	0.00000
WT1(E604078EA627)	3.91	13104	 2021-05-17 20:37:51.806	1.025	0.031	-0.086	2.197	-9.033	-1.831	159.868	-86.298	89.637	0.00	0.00	0.00	0.00000	0.00000	0.00000	0.00000
WT2(D8:09:BF:40:2B:C3)	3.95	13103	 2021-05-17 20:37:51.820	0.986	-0.249	0.062	-2.197	1.404	-8.179	-73.735	-74.460	-146.470	0.00	0.00	0.00	0.00000	0.00000	0.00000	0.00000
WT1(E604078EA627)	3.91	13104	 2021-05-17 20:37:51.879	1.018	0.043	-0.093	2.197	-13.306	-3.479	162.109	-85.166	87.056	0.00	0.00	0.00	0.00000	0.00000	0.00000	0.00000
WT2(D8:09:BF:40:2B:C3)	3.95	13103	 2021-05-17 20:37:51.913	0.985	-0.230	0.061	-1.343	2.502	-11.597	-71.834	-75.454	-148.211	0.00	0.00	0.00	0.00000	0.00000	0.00000	0.00000
WT1(E604078EA627)	3.91	13104	 2021-05-17 20:37:51.984	1.027	0.037	-0.098	-3.052	-13.733	-3.174	162.768	-83.705	85.941	0.00	0.00	0.00	0.00000	0.00000	0.00000	0.00000
WT2(D8:09:BF:40:2B:C3)	3.95	13103	 2021-05-17 20:37:52.022	0.993	-0.215	0.054	-6.042	4.517	-11.169	-69.291	-76.558	-150.710	0.00	0.00	0.00	0.00000	0.00000	0.00000	0.00000
WT1(E604078EA627)	3.91	13104	 2021-05-17 20:37:52.090	1.044	0.037	-0.113	0.732	-10.864	-3.601	163.037	-82.535	85.298	0.00	0.00	0.00	0.00000	0.00000	0.00000	0.00000
WT2(D8:09:BF:40:2B:C3)	3.95	13103	 2021-05-17 20:37:52.098	1.001	-0.186	0.065	-4.333	2.930	-10.254	-66.522	-77.509	-153.578	0.00	0.00	0.00	0.00000	0.00000	0.00000	0.00000
WT2(D8:09:BF:40:2B:C3)	3.95	13103	 2021-05-17 20:37:52.193	0.995	-0.174	0.063	-1.953	0.977	-7.080	-64.188	-78.305	-155.841	0.00	0.00	0.00	0.00000	0.00000	0.00000	0.00000
WT1(E604078EA627)	3.91	13104	 2021-05-17 20:37:52.208	1.031	0.004	-0.127	-2.014	-9.155	1.343	164.592	-81.793	83.134	0.00	0.00	0.00	0.00000	0.00000	0.00000	0.00000
WT1(E604078EA627)	3.91	13104	 2021-05-17 20:37:52.284	0.976	0.060	-0.150	-2.380	-10.742	1.587	167.756	-81.123	78.777	0.00	0.00	0.00	0.00000	0.00000	0.00000	0.00000
WT2(D8:09:BF:40:2B:C3)	3.95	13103	 2021-05-17 20:37:52.299	0.950	-0.208	0.050	-12.573	0.916	-8.850	-62.930	-79.008	-158.280	0.00	0.00	0.00	0.00000	0.00000	0.00000	0.00000
WT1(E604078EA627)	3.91	13104	 2021-05-17 20:37:52.395	1.016	0.075	-0.190	-3.174	-15.625	-2.197	168.497	-79.761	77.509	0.00	0.00	0.00	0.00000	0.00000	0.00000	0.00000
WT2(D8:09:BF:40:2B:C3)	3.95	13103	 2021-05-17 20:37:52.405	1.004	-0.160	0.077	-6.470	2.563	-13.733	-59.211	-80.063	-162.576	0.00	0.00	0.00	0.00000	0.00000	0.00000	0.00000
WT1(E604078EA627)	3.91	13104	 2021-05-17 20:37:52.493	1.016	0.070	-0.188	-3.296	-16.663	-4.700	167.629	-78.014	78.063	0.00	0.00	0.00	0.00000	0.00000	0.00000	0.00000
WT2(D8:09:BF:40:2B:C3)	3.95	13103	 2021-05-17 20:37:52.499	1.001	-0.137	0.087	-4.700	5.798	-14.954	-52.048	-81.134	-170.019	0.00	0.00	0.00	0.00000	0.00000	0.00000	0.00000
WT2(D8:09:BF:40:2B:C3)	3.95	13103	 2021-05-17 20:37:52.594	1.002	-0.124	0.084	-8.057	6.775	-15.015	-42.528	-81.881	179.819	0.00	0.00	0.00	0.00000	0.00000	0.00000	0.00000
WT1(E604078EA627)	3.91	13104	 2021-05-17 20:37:52.599	1.009	0.053	-0.210	-10.315	-15.015	-5.737	166.042	-76.410	78.920	0.00	0.00	0.00	0.00000	0.00000	0.00000	0.00000
WT2(D8:09:BF:40:2B:C3)	3.95	13103	 2021-05-17 20:37:52.703	1.004	-0.066	0.103	-10.254	7.813	-12.573	-32.042	-82.194	168.838	0.00	0.00	0.00	0.00000	0.00000	0.00000	0.00000
WT1(E604078EA627)	3.91	13104	 2021-05-17 20:37:52.765	0.990	0.049	-0.224	-4.822	-15.869	-5.310	164.734	-74.910	79.475	0.00	0.00	0.00	0.00000	0.00000	0.00000	0.00000
WT2(D8:09:BF:40:2B:C3)	3.95	13103	 2021-05-17 20:37:52.800	1.027	-0.021	0.122	-17.639	6.165	-5.432	-24.988	-82.057	160.944	0.00	0.00	0.00	0.00000	0.00000	0.00000	0.00000
WT1(E604078EA627)	3.91	13104	 2021-05-17 20:37:52.801	1.017	0.055	-0.278	2.441	-7.751	-2.136	164.339	-73.499	79.096	0.00	0.00	0.00	0.00000	0.00000	0.00000	0.00000
WT1(E604078EA627)	3.91	13104	 2021-05-17 20:37:52.915	0.993	0.052	-0.322	7.385	-8.728	-2.258	164.410	-72.762	78.695	0.00	0.00	0.00	0.00000	0.00000	0.00000	0.00000
WT2(D8:09:BF:40:2B:C3)	3.95	13103	 2021-05-17 20:37:52.924	0.997	-0.011	0.120	-13.123	2.991	-7.202	-19.089	-82.018	154.594	0.00	0.00	0.00	0.00000	0.00000	0.00000	0.00000
WT1(E604078EA627)	3.91	13104	 2021-05-17 20:37:53.004	0.998	0.078	-0.333	-3.906	-12.451	0.488	165.350	-71.719	78.052	0.00	0.00	0.00	0.00000	0.00000	0.00000	0.00000
WT2(D8:09:BF:40:2B:C3)	3.95	13103	 2021-05-17 20:37:53.011	0.998	-0.004	0.122	-9.583	2.319	-9.338	-12.618	-82.123	147.909	0.00	0.00	0.00	0.00000	0.00000	0.00000	0.00000
WT2(D8:09:BF:40:2B:C3)	3.95	13103	 2021-05-17 20:37:53.087	0.992	0.008	0.141	-15.137	3.479	-11.414	-4.592	-82.084	139.438	0.00	0.00	0.00	0.00000	0.00000	0.00000	0.00000
WT1(E604078EA627)	3.91	13104	 2021-05-17 20:37:53.139	0.987	0.112	-0.324	-1.648	-14.038	-2.502	165.652	-70.560	77.432	0.00	0.00	0.00	0.00000	0.00000	0.00000	0.00000
WT1(E604078EA627)	3.91	13104	 2021-05-17 20:37:53.229	0.953	0.088	-0.343	-2.930	-15.442	-4.883	165.190	-69.137	77.591	0.00	0.00	0.00	0.00000	0.00000	0.00000	0.00000
WT2(D8:09:BF:40:2B:C3)	3.95	13103	 2021-05-17 20:37:53.293	1.001	0.062	0.158	-10.193	6.226	-12.817	10.948	-80.909	122.646	0.00	0.00	0.00	0.00000	0.00000	0.00000	0.00000
WT2(D8:09:BF:40:2B:C3)	3.95	13103	 2021-05-17 20:37:53.398	0.988	0.053	0.155	-17.273	6.409	-11.536	16.150	-80.046	116.411	0.00	0.00	0.00	0.00000	0.00000	0.00000	0.00000
WT2(D8:09:BF:40:2B:C3)	3.95	13103	 2021-05-17 20:37:53.488	0.988	0.042	0.162	-11.902	4.150	-10.620	20.132	-79.272	111.451	0.00	0.00	0.00	0.00000	0.00000	0.00000	0.00000
WT2(D8:09:BF:40:2B:C3)	3.95	13103	 2021-05-17 20:37:53.599	1.003	0.088	0.169	-11.597	5.310	-9.888	24.258	-78.492	106.782	0.00	0.00	0.00	0.00000	0.00000	0.00000	0.00000
WT1(E604078EA627)	3.91	13104	 2021-05-17 20:37:53.619	0.949	0.113	-0.364	-10.315	-13.489	-2.625	164.482	-67.725	77.520	0.00	0.00	0.00	0.00000	0.00000	0.00000	0.00000
WT1(E604078EA627)	3.91	13104	 2021-05-17 20:37:53.627	0.963	0.125	-0.392	-8.667	-9.827	-1.282	163.916	-66.588	77.075	0.00	0.00	0.00	0.00000	0.00000	0.00000	0.00000
WT1(E604078EA627)	3.91	13104	 2021-05-17 20:37:53.650	0.938	0.126	-0.405	-2.625	-12.512	-2.380	163.823	-65.495	76.685	0.00	0.00	0.00	0.00000	0.00000	0.00000	0.00000
WT1(E604078EA627)	3.91	13104	 2021-05-17 20:37:53.650	0.942	0.126	-0.423	-0.671	-10.376	-2.747	163.729	-64.270	76.437	0.00	0.00	0.00	0.00000	0.00000	0.00000	0.00000
WT2(D8:09:BF:40:2B:C3)	3.95	13103	 2021-05-17 20:37:53.697	0.992	0.132	0.182	-7.263	5.188	-8.911	27.394	-77.679	103.260	0.00	0.00	0.00	0.00000	0.00000	0.00000	0.00000
WT1(E604078EA627)	3.91	13104	 2021-05-17 20:37:53.740	0.914	0.125	-0.453	9.705	-7.141	-4.211	163.658	-63.259	76.465	0.00	0.00	0.00	0.00000	0.00000	0.00000	0.00000
WT2(D8:09:BF:40:2B:C3)	3.95	13103	 2021-05-17 20:37:53.770	0.981	0.164	0.201	-16.724	8.301	-8.972	29.982	-76.701	100.190	0.00	0.00	0.00	0.00000	0.00000	0.00000	0.00000
WT1(E604078EA627)	3.91	13104	 2021-05-17 20:37:53.834	0.908	0.141	-0.449	-0.793	-13.489	-5.310	162.861	-62.051	76.679	0.00	0.00	0.00	0.00000	0.00000	0.00000	0.00000
WT2(D8:09:BF:40:2B:C3)	3.95	13103	 2021-05-17 20:37:53.879	0.975	0.170	0.210	-15.503	9.094	-9.216	31.240	-75.580	97.976	0.00	0.00	0.00	0.00000	0.00000	0.00000	0.00000
WT1(E604078EA627)	3.91	13104	 2021-05-17 20:37:53.904	0.901	0.125	-0.472	10.193	-8.667	-5.615	162.383	-60.875	76.750	0.00	0.00	0.00	0.00000	0.00000	0.00000	0.00000
WT2(D8:09:BF:40:2B:C3)	3.95	13103	 2021-05-17 20:37:53.971	0.984	0.214	0.238	-17.456	9.155	-9.216	32.723	-74.509	95.949	0.00	0.00	0.00	0.00000	0.00000	0.00000	0.00000
WT1(E604078EA627)	3.91	13104	 2021-05-17 20:37:54.054	0.898	0.173	-0.516	-0.488	-10.803	-5.615	161.768	-59.727	77.217	0.00	0.00	0.00	0.00000	0.00000	0.00000	0.00000
WT2(D8:09:BF:40:2B:C3)	3.95	13103	 2021-05-17 20:37:54.079	0.962	0.168	0.228	-15.808	8.850	-11.658	33.618	-73.257	94.191	0.00	0.00	0.00	0.00000	0.00000	0.00000	0.00000
WT2(D8:09:BF:40:2B:C3)	3.95	13103	 2021-05-17 20:37:54.171	0.929	0.162	0.246	-9.644	5.493	-12.146	34.986	-71.993	91.923	0.00	0.00	0.00	0.00000	0.00000	0.00000	0.00000
WT1(E604078EA627)	3.91	13104	 2021-05-17 20:37:54.205	0.882	0.161	-0.505	-5.127	-14.709	-4.333	161.065	-58.211	77.124	0.00	0.00	0.00	0.00000	0.00000	0.00000	0.00000
WT1(E604078EA627)	3.91	13104	 2021-05-17 20:37:54.218	0.863	0.138	-0.515	43.701	-13.672	-8.728	162.493	-56.843	76.943	0.00	0.00	0.00	0.00000	0.00000	0.00000	0.00000
WT2(D8:09:BF:40:2B:C3)	3.95	13103	 2021-05-17 20:37:54.284	0.970	0.243	0.267	-20.996	5.859	-8.545	38.985	-71.301	88.577	0.00	0.00	0.00	0.00000	0.00000	0.00000	0.00000
WT1(E604078EA627)	3.91	13104	 2021-05-17 20:37:54.368	0.841	0.170	-0.541	4.944	-7.385	-1.648	162.960	-55.811	76.685	0.00	0.00	0.00	0.00000	0.00000	0.00000	0.00000
WT2(D8:09:BF:40:2B:C3)	3.95	13103	 2021-05-17 20:37:54.373	0.939	0.295	0.287	-18.372	6.714	-7.751	39.111	-70.378	87.012	0.00	0.00	0.00	0.00000	0.00000	0.00000	0.00000
WT1(E604078EA627)	3.91	13104	 2021-05-17 20:37:54.459	0.849	0.238	-0.559	0.549	-8.301	-3.479	162.598	-54.976	76.794	0.00	0.00	0.00	0.00000	0.00000	0.00000	0.00000
WT2(D8:09:BF:40:2B:C3)	3.95	13103	 2021-05-17 20:37:54.572	0.951	0.188	0.270	-9.155	7.385	-7.813	41.506	-68.687	84.474	0.00	0.00	0.00	0.00000	0.00000	0.00000	0.00000
WT1(E604078EA627)	3.91	13104	 2021-05-17 20:37:54.624	0.844	0.133	-0.612	-13.123	-9.033	-2.686	163.422	-53.679	77.629	0.00	0.00	0.00	0.00000	0.00000	0.00000	0.00000
WT1(E604078EA627)	3.91	13104	 2021-05-17 20:37:54.630	0.831	0.149	-0.610	-11.169	-15.015	-3.113	163.054	-52.641	77.871	0.00	0.00	0.00	0.00000	0.00000	0.00000	0.00000
WT2(D8:09:BF:40:2B:C3)	3.95	13103	 2021-05-17 20:37:54.679	0.938	0.250	0.275	-5.554	8.545	-10.620	41.633	-67.533	83.293	0.00	0.00	0.00	0.00000	0.00000	0.00000	0.00000
WT2(D8:09:BF:40:2B:C3)	3.95	13103	 2021-05-17 20:37:54.771	0.926	0.266	0.286	10.315	8.240	-11.353	41.353	-66.083	82.485	0.00	0.00	0.00	0.00000	0.00000	0.00000	0.00000
WT1(E604078EA627)	3.91	13104	 2021-05-17 20:37:54.804	0.801	0.181	-0.622	5.554	-12.695	-7.568	161.845	-51.378	77.877	0.00	0.00	0.00	0.00000	0.00000	0.00000	0.00000
WT1(E604078EA627)	3.91	13104	 2021-05-17 20:37:54.820	0.792	0.143	-0.624	-5.188	-11.536	-8.362	160.637	-49.988	78.734	0.00	0.00	0.00	0.00000	0.00000	0.00000	0.00000
WT1(E604078EA627)	3.91	13104	 2021-05-17 20:37:54.924	0.793	0.126	-0.632	-7.996	-13.794	-6.531	159.692	-48.538	79.217	0.00	0.00	0.00	0.00000	0.00000	0.00000	0.00000
WT2(D8:09:BF:40:2B:C3)	3.95	13103	 2021-05-17 20:37:54.976	0.903	0.286	0.333	7.935	8.789	-10.376	40.424	-63.023	81.238	0.00	0.00	0.00	0.00000	0.00000	0.00000	0.00000
WT1(E604078EA627)	3.91	13104	 2021-05-17 20:37:55.045	0.767	0.225	-0.621	-7.019	-10.559	-5.005	159.120	-47.379	79.508	0.00	0.00	0.00	0.00000	0.00000	0.00000	0.00000
WT2(D8:09:BF:40:2B:C3)	3.95	13103	 2021-05-17 20:37:55.085	0.901	0.341	0.353	0.854	6.592	-7.019	40.298	-61.771	80.464	0.00	0.00	0.00	0.00000	0.00000	0.00000	0.00000
WT1(E604078EA627)	3.91	13104	 2021-05-17 20:37:55.134	0.741	0.222	-0.653	-3.845	-6.897	-4.089	158.483	-46.609	79.706	0.00	0.00	0.00	0.00000	0.00000	0.00000	0.00000
WT2(D8:09:BF:40:2B:C3)	3.95	13103	 2021-05-17 20:37:55.175	0.882	0.327	0.366	1.587	5.188	-6.714	40.078	-60.837	79.805	0.00	0.00	0.00	0.00000	0.00000	0.00000	0.00000
WT1(E604078EA627)	3.91	13104	 2021-05-17 20:37:55.256	0.697	0.229	-0.645	3.540	-6.104	-1.099	158.555	-45.818	79.503	0.00	0.00	0.00	0.00000	0.00000	0.00000	0.00000
WT2(D8:09:BF:40:2B:C3)	3.95	13103	 2021-05-17 20:37:55.314	0.814	0.259	0.332	4.944	0.244	-7.202	40.413	-60.068	78.788	0.00	0.00	0.00	0.00000	0.00000	0.00000	0.00000
WT1(E604078EA627)	3.91	13104	 2021-05-17 20:37:55.329	0.717	0.207	-0.641	16.541	-0.793	-0.122	158.708	-45.247	79.283	0.00	0.00	0.00	0.00000	0.00000	0.00000	0.00000
WT2(D8:09:BF:40:2B:C3)	3.95	13103	 2021-05-17 20:37:55.359	0.853	0.344	0.343	11.353	-1.221	-2.869	40.820	-59.727	77.827	0.00	0.00	0.00	0.00000	0.00000	0.00000	0.00000
WT1(E604078EA627)	3.91	13104	 2021-05-17 20:37:55.434	0.713	0.292	-0.657	11.292	2.075	-1.099	158.769	-45.148	79.354	0.00	0.00	0.00	0.00000	0.00000	0.00000	0.00000
WT2(D8:09:BF:40:2B:C3)	3.95	13103	 2021-05-17 20:37:55.452	0.848	0.402	0.381	6.714	0.061	-1.709	41.028	-59.612	76.937	0.00	0.00	0.00	0.00000	0.00000	0.00000	0.00000
WT1(E604078EA627)	3.91	13104	 2021-05-17 20:37:55.540	0.699	0.258	-0.591	6.714	-0.244	-1.465	158.714	-45.330	79.585	0.00	0.00	0.00	0.00000	0.00000	0.00000	0.00000
WT2(D8:09:BF:40:2B:C3)	3.95	13103	 2021-05-17 20:37:55.561	0.817	0.277	0.336	-1.526	-0.977	2.014	40.616	-59.700	76.849	0.00	0.00	0.00	0.00000	0.00000	0.00000	0.00000
WT1(E604078EA627)	3.91	13104	 2021-05-17 20:37:55.644	0.729	0.282	-0.625	0.122	1.465	-0.916	159.170	-45.632	79.794	0.00	0.00	0.00	0.00000	0.00000	0.00000	0.00000
WT2(D8:09:BF:40:2B:C3)	3.95	13103	 2021-05-17 20:37:55.654	0.878	0.350	0.352	7.263	-4.517	4.822	41.127	-60.079	76.459	0.00	0.00	0.00	0.00000	0.00000	0.00000	0.00000
WT1(E604078EA627)	3.91	13104	 2021-05-17 20:37:55.734	0.734	0.268	-0.669	-3.235	6.653	2.075	159.208	-46.187	79.882	0.00	0.00	0.00	0.00000	0.00000	0.00000	0.00000
WT2(D8:09:BF:40:2B:C3)	3.95	13103	 2021-05-17 20:37:55.763	0.870	0.388	0.388	1.953	-2.563	4.822	41.199	-60.546	76.240	0.00	0.00	0.00	0.00000	0.00000	0.00000	0.00000
WT1(E604078EA627)	3.91	13104	 2021-05-17 20:37:55.841	0.753	0.192	-0.607	-26.367	7.996	8.240	158.730	-46.906	79.838	0.00	0.00	0.00	0.00000	0.00000	0.00000	0.00000
WT2(D8:09:BF:40:2B:C3)	3.95	13103	 2021-05-17 20:37:55.856	0.872	0.338	0.392	-16.907	-2.686	7.324	40.908	-61.172	76.130	0.00	0.00	0.00	0.00000	0.00000	0.00000	0.00000
WT1(E604078EA627)	3.91	13104	 2021-05-17 20:37:55.943	0.762	0.216	-0.595	-12.024	15.686	13.855	159.230	-48.560	79.266	0.00	0.00	0.00	0.00000	0.00000	0.00000	0.00000
WT2(D8:09:BF:40:2B:C3)	3.95	13103	 2021-05-17 20:37:55.949	0.882	0.363	0.379	-8.301	-8.850	13.550	40.968	-62.617	76.163	0.00	0.00	0.00	0.00000	0.00000	0.00000	0.00000
WT2(D8:09:BF:40:2B:C3)	3.95	13103	 2021-05-17 20:37:56.055	0.887	0.305	0.334	-6.775	-5.798	13.977	41.446	-64.352	76.426	0.00	0.00	0.00	0.00000	0.00000	0.00000	0.00000
WT1(E604078EA627)	3.91	13104	 2021-05-17 20:37:56.064	0.771	0.242	-0.646	-0.061	16.968	7.996	160.637	-50.394	79.426	0.00	0.00	0.00	0.00000	0.00000	0.00000	0.00000
WT1(E604078EA627)	3.91	13104	 2021-05-17 20:37:56.154	0.779	0.193	-0.568	6.958	14.282	3.540	161.109	-51.746	79.876	0.00	0.00	0.00	0.00000	0.00000	0.00000	0.00000
WT2(D8:09:BF:40:2B:C3)	3.95	13103	 2021-05-17 20:37:56.178	0.870	0.265	0.300	0.610	-5.981	13.855	41.347	-65.808	77.618	0.00	0.00	0.00	0.00000	0.00000	0.00000	0.00000
WT2(D8:09:BF:40:2B:C3)	3.95	13103	 2021-05-17 20:37:56.258	0.897	0.194	0.259	-0.488	-6.775	19.592	40.666	-67.505	79.272	0.00	0.00	0.00	0.00000	0.00000	0.00000	0.00000
WT1(E604078EA627)	3.91	13104	 2021-05-17 20:37:56.303	0.817	0.201	-0.519	9.216	19.165	4.028	161.603	-53.613	80.431	0.00	0.00	0.00	0.00000	0.00000	0.00000	0.00000
WT1(E604078EA627)	3.91	13104	 2021-05-17 20:37:56.353	0.827	0.136	-0.556	5.554	17.700	1.587	161.955	-55.772	81.244	0.00	0.00	0.00	0.00000	0.00000	0.00000	0.00000
WT2(D8:09:BF:40:2B:C3)	3.95	13103	 2021-05-17 20:37:56.383	0.901	0.223	0.241	2.014	-6.836	19.531	39.161	-69.417	82.123	0.00	0.00	0.00	0.00000	0.00000	0.00000	0.00000
WT2(D8:09:BF:40:2B:C3)	3.95	13103	 2021-05-17 20:37:56.460	0.935	0.176	0.205	13.794	-12.451	18.921	38.304	-71.125	84.721	0.00	0.00	0.00	0.00000	0.00000	0.00000	0.00000
WT1(E604078EA627)	3.91	13104	 2021-05-17 20:37:56.530	0.917	0.180	-0.559	8.484	11.597	2.258	162.960	-57.310	81.771	0.00	0.00	0.00	0.00000	0.00000	0.00000	0.00000
WT2(D8:09:BF:40:2B:C3)	3.95	13103	 2021-05-17 20:37:56.552	0.908	0.172	0.211	23.438	-8.606	13.000	38.309	-72.631	86.572	0.00	0.00	0.00	0.00000	0.00000	0.00000	0.00000
WT1(E604078EA627)	3.91	13104	 2021-05-17 20:37:56.574	0.880	0.176	-0.502	-15.320	10.620	1.648	163.922	-58.771	82.491	0.00	0.00	0.00	0.00000	0.00000	0.00000	0.00000
WT1(E604078EA627)	3.91	13104	 2021-05-17 20:37:56.665	0.880	0.192	-0.461	-1.587	17.822	2.258	164.053	-60.266	82.974	0.00	0.00	0.00	0.00000	0.00000	0.00000	0.00000
WT2(D8:09:BF:40:2B:C3)	3.95	13103	 2021-05-17 20:37:56.679	0.975	0.162	0.201	21.423	-6.592	15.930	36.277	-74.009	89.577	0.00	0.00	0.00	0.00000	0.00000	0.00000	0.00000
WT2(D8:09:BF:40:2B:C3)	3.95	13103	 2021-05-17 20:37:56.799	1.004	0.138	0.171	14.160	-8.362	22.217	32.289	-75.575	94.378	0.00	0.00	0.00	0.00000	0.00000	0.00000	0.00000
WT1(E604078EA627)	3.91	13104	 2021-05-17 20:37:56.830	0.975	0.230	-0.536	-27.466	31.738	6.470	163.141	-62.408	83.793	0.00	0.00	0.00	0.00000	0.00000	0.00000	0.00000
WT1(E604078EA627)	3.91	13104	 2021-05-17 20:37:56.859	0.965	0.223	-0.505	28.259	21.912	-0.549	161.949	-64.781	83.892	0.00	0.00	0.00	0.00000	0.00000	0.00000	0.00000
WT2(D8:09:BF:40:2B:C3)	3.95	13103	 2021-05-17 20:37:56.861	0.899	-0.143	0.152	2.136	-8.911	22.766	22.791	-76.794	102.513	0.00	0.00	0.00	0.00000	0.00000	0.00000	0.00000
WT1(E604078EA627)	3.91	13104	 2021-05-17 20:37:56.964	0.929	0.116	-0.271	27.405	8.118	-6.165	161.927	-66.484	85.342	0.00	0.00	0.00	0.00000	0.00000	0.00000	0.00000
WT2(D8:09:BF:40:2B:C3)	3.95	13103	 2021-05-17 20:37:56.975	0.902	-0.159	0.150	5.127	-4.456	21.545	17.523	-78.217	109.990	0.00	0.00	0.00	0.00000	0.00000	0.00000	0.00000
WT2(D8:09:BF:40:2B:C3)	3.95	13103	 2021-05-17 20:37:57.034	0.985	0.031	0.172	-5.066	-4.150	23.132	9.904	-79.590	120.339	0.00	0.00	0.00	0.00000	0.00000	0.00000	0.00000
WT1(E604078EA627)	3.91	13104	 2021-05-17 20:37:57.068	0.899	0.153	-0.312	-5.493	27.039	2.319	161.279	-68.939	87.264	0.00	0.00	0.00	0.00000	0.00000	0.00000	0.00000
WT2(D8:09:BF:40:2B:C3)	3.95	13103	 2021-05-17 20:37:57.139	1.026	0.049	0.190	-4.700	-0.244	24.963	-4.680	-80.118	135.818	0.00	0.00	0.00	0.00000	0.00000	0.00000	0.00000
WT2(D8:09:BF:40:2B:C3)	3.95	13103	 2021-05-17 20:37:57.231	1.091	0.082	0.158	4.639	-4.578	25.146	-20.198	-80.217	152.518	0.00	0.00	0.00	0.00000	0.00000	0.00000	0.00000
WT1(E604078EA627)	3.91	13104	 2021-05-17 20:37:57.324	0.953	0.104	-0.317	-1.526	25.146	2.136	159.637	-71.279	88.715	0.00	0.00	0.00	0.00000	0.00000	0.00000	0.00000
WT2(D8:09:BF:40:2B:C3)	3.95	13103	 2021-05-17 20:37:57.339	0.965	-0.072	0.128	11.169	-15.320	23.376	-32.728	-80.277	167.025	0.00	0.00	0.00	0.00000	0.00000	0.00000	0.00000
WT1(E604078EA627)	3.91	13104	 2021-05-17 20:37:57.398	0.991	0.018	-0.347	10.010	23.682	9.460	159.708	-73.120	88.028	0.00	0.00	0.00	0.00000	0.00000	0.00000	0.00000
WT1(E604078EA627)	3.91	13104	 2021-05-17 20:37:57.398	1.032	0.119	-0.355	-2.502	16.785	11.108	161.647	-74.938	86.473	0.00	0.00	0.00	0.00000	0.00000	0.00000	0.00000
WT2(D8:09:BF:40:2B:C3)	3.95	13103	 2021-05-17 20:37:57.445	0.957	-0.156	0.100	17.517	-15.625	18.860	-44.313	-80.085	-179.978	0.00	0.00	0.00	0.00000	0.00000	0.00000	0.00000
WT1(E604078EA627)	3.91	13104	 2021-05-17 20:37:57.474	0.999	0.099	-0.253	23.621	16.235	6.226	164.185	-76.591	84.705	0.00	0.00	0.00	0.00000	0.00000	0.00000	0.00000
WT2(D8:09:BF:40:2B:C3)	3.95	13103	 2021-05-17 20:37:57.545	0.993	-0.192	0.100	18.616	-11.719	20.142	-54.020	-79.656	-167.591	0.00	0.00	0.00	0.00000	0.00000	0.00000	0.00000
WT1(E604078EA627)	3.91	13104	 2021-05-17 20:37:57.579	1.037	0.070	-0.178	10.803	15.869	6.104	165.861	-78.239	84.754	0.00	0.00	0.00	0.00000	0.00000	0.00000	0.00000
WT2(D8:09:BF:40:2B:C3)	3.95	13103	 2021-05-17 20:37:57.637	1.005	-0.177	0.096	-2.319	-6.531	20.386	-62.463	-78.426	-157.538	0.00	0.00	0.00	0.00000	0.00000	0.00000	0.00000
WT1(E604078EA627)	3.91	13104	 2021-05-17 20:37:57.698	0.995	0.071	-0.187	11.902	18.127	2.014	166.575	-80.211	84.952	0.00	0.00	0.00	0.00000	0.00000	0.00000	0.00000
WT2(D8:09:BF:40:2B:C3)	3.95	13103	 2021-05-17 20:37:57.761	1.013	-0.134	0.090	-3.601	-2.869	20.752	-67.742	-76.904	-150.606	0.00	0.00	0.00	0.00000	0.00000	0.00000	0.00000
WT1(E604078EA627)	3.91	13104	 2021-05-17 20:37:57.763	1.029	0.059	-0.181	9.216	13.489	0.977	166.295	-81.683	85.990	0.00	0.00	0.00	0.00000	0.00000	0.00000	0.00000
WT2(D8:09:BF:40:2B:C3)	3.95	13103	 2021-05-17 20:37:57.832	1.015	-0.152	0.073	12.085	-4.089	15.930	-70.845	-75.487	-146.173	0.00	0.00	0.00	0.00000	0.00000	0.00000	0.00000
WT1(E604078EA627)	3.91	13104	 2021-05-17 20:37:57.880	1.026	0.011	-0.145	11.963	13.000	-0.732	164.570	-82.875	88.726	0.00	0.00	0.00	0.00000	0.00000	0.00000	0.00000
WT2(D8:09:BF:40:2B:C3)	3.95	13103	 2021-05-17 20:37:57.947	0.963	-0.212	0.076	10.559	-2.563	11.780	-72.274	-74.438	-143.448	0.00	0.00	0.00	0.00000	0.00000	0.00000	0.00000
WT1(E604078EA627)	3.91	13104	 2021-05-17 20:37:57.984	1.031	0.019	-0.126	9.094	9.094	0.427	162.900	-83.848	91.214	0.00	0.00	0.00	0.00000	0.00000	0.00000	0.00000
WT2(D8:09:BF:40:2B:C3)	3.95	13103	 2021-05-17 20:37:58.035	0.969	-0.227	0.076	-2.930	-3.784	10.986	-73.998	-73.570	-140.592	0.00	0.00	0.00	0.00000	0.00000	0.00000	0.00000
WT1(E604078EA627)	3.91	13104	 2021-05-17 20:37:58.090	1.019	0.040	-0.096	3.540	10.193	3.601	164.822	-84.754	89.539	0.00	0.00	0.00	0.00000	0.00000	0.00000	0.00000
WT2(D8:09:BF:40:2B:C3)	3.95	13103	 2021-05-17 20:37:58.132	0.961	-0.230	0.066	3.113	-5.981	12.024	-76.146	-72.768	-137.313	0.00	0.00	0.00	0.00000	0.00000	0.00000	0.00000
WT1(E604078EA627)	3.91	13104	 2021-05-17 20:37:58.164	1.032	0.036	-0.066	5.432	10.498	3.662	167.179	-85.781	87.720	0.00	0.00	0.00	0.00000	0.00000	0.00000	0.00000
WT2(D8:09:BF:40:2B:C3)	3.95	13103	 2021-05-17 20:37:58.238	0.971	-0.243	0.068	5.737	-5.066	12.695	-78.091	-71.790	-134.132	0.00	0.00	0.00	0.00000	0.00000	0.00000	0.00000
WT1(E604078EA627)	3.91	13104	 2021-05-17 20:37:58.268	1.026	0.053	-0.067	6.470	7.629	1.709	168.305	-86.847	87.484	0.00	0.00	0.00	0.00000	0.00000	0.00000	0.00000
WT2(D8:09:BF:40:2B:C3)	3.95	13103	 2021-05-17 20:37:58.328	0.972	-0.275	0.066	1.038	-2.563	11.414	-79.354	-70.807	-131.721	0.00	0.00	0.00	0.00000	0.00000	0.00000	0.00000
WT1(E604078EA627)	3.91	13104	 2021-05-17 20:37:58.392	1.023	0.008	-0.062	11.536	8.301	-0.427	166.729	-87.517	89.978	0.00	0.00	0.00	0.00000	0.00000	0.00000	0.00000
WT2(D8:09:BF:40:2B:C3)	3.95	13103	 2021-05-17 20:37:58.437	0.939	-0.330	0.061	10.498	-4.517	8.667	-80.118	-69.939	-129.946	0.00	0.00	0.00	0.00000	0.00000	0.00000	0.00000
WT1(E604078EA627)	3.91	13104	 2021-05-17 20:37:58.494	1.027	-0.023	-0.036	8.606	1.465	0.366	160.477	-87.995	97.460	0.00	0.00	0.00	0.00000	0.00000	0.00000	0.00000
WT2(D8:09:BF:40:2B:C3)	3.95	13103	 2021-05-17 20:37:58.514	0.958	-0.336	0.025	4.517	-3.235	6.409	-80.535	-69.291	-128.408	0.00	0.00	0.00	0.00000	0.00000	0.00000	0.00000
WT1(E604078EA627)	3.91	13104	 2021-05-17 20:37:58.584	1.042	0.017	-0.032	22.339	2.502	-3.113	155.116	-88.072	104.387	0.00	0.00	0.00	0.00000	0.00000	0.00000	0.00000
WT2(D8:09:BF:40:2B:C3)	3.95	13103	 2021-05-17 20:37:58.607	0.967	-0.314	0.048	11.841	-3.235	5.981	-80.349	-68.939	-126.892	0.00	0.00	0.00	0.00000	0.00000	0.00000	0.00000
WT1(E604078EA627)	3.91	13104	 2021-05-17 20:37:58.674	1.033	0.030	-0.053	7.446	3.845	-0.854	147.634	-88.209	112.775	0.00	0.00	0.00	0.00000	0.00000	0.00000	0.00000
WT2(D8:09:BF:40:2B:C3)	3.95	13103	 2021-05-17 20:37:58.715	0.957	-0.361	0.044	3.357	-1.038	3.967	-80.585	-68.626	-126.211	0.00	0.00	0.00	0.00000	0.00000	0.00000	0.00000
WT1(E604078EA627)	3.91	13104	 2021-05-17 20:37:58.781	1.036	0.015	-0.051	7.996	0.488	-1.709	142.498	-88.226	118.438	0.00	0.00	0.00	0.00000	0.00000	0.00000	0.00000
WT2(D8:09:BF:40:2B:C3)	3.95	13103	 2021-05-17 20:37:58.814	0.959	-0.311	0.042	4.211	-0.244	1.343	-80.288	-68.582	-125.876	0.00	0.00	0.00	0.00000	0.00000	0.00000	0.00000
WT1(E604078EA627)	3.91	13104	 2021-05-17 20:37:58.884	1.021	0.012	-0.041	-1.282	-2.625	0.061	142.559	-88.165	118.433	0.00	0.00	0.00	0.00000	0.00000	0.00000	0.00000
WT2(D8:09:BF:40:2B:C3)	3.95	13103	 2021-05-17 20:37:58.949	0.951	-0.364	0.037	-3.174	-0.427	-1.160	-80.502	-68.692	-125.799	0.00	0.00	0.00	0.00000	0.00000	0.00000	0.00000
WT1(E604078EA627)	3.91	13104	 2021-05-17 20:37:58.989	1.038	-0.001	-0.022	-5.249	-5.432	2.258	150.551	-87.913	110.259	0.00	0.00	0.00	0.00000	0.00000	0.00000	0.00000
WT2(D8:09:BF:40:2B:C3)	3.95	13103	 2021-05-17 20:37:59.013	0.939	-0.353	0.038	-8.606	-1.038	-3.296	-80.568	-69.109	-125.568	0.00	0.00	0.00	0.00000	0.00000	0.00000	0.00000
WT1(E604078EA627)	3.91	13104	 2021-05-17 20:37:59.108	1.049	0.006	-0.009	-0.122	-2.808	1.648	157.868	-87.693	102.892	0.00	0.00	0.00	0.00000	0.00000	0.00000	0.00000
WT2(D8:09:BF:40:2B:C3)	3.95	13103	 2021-05-17 20:37:59.121	0.967	-0.303	0.047	-7.019	-1.221	-0.671	-80.733	-69.527	-125.052	0.00	0.00	0.00	0.00000	0.00000	0.00000	0.00000
WT2(D8:09:BF:40:2B:C3)	3.95	13103	 2021-05-17 20:37:59.211	0.959	-0.316	0.046	-2.197	-2.075	0.488	-81.354	-69.659	-124.415	0.00	0.00	0.00	0.00000	0.00000	0.00000	0.00000
WT1(E604078EA627)	3.91	13104	 2021-05-17 20:37:59.215	1.029	0.012	-0.019	2.258	-0.427	1.465	163.740	-87.748	96.839	0.00	0.00	0.00	0.00000	0.00000	0.00000	0.00000
WT1(E604078EA627)	3.91	13104	 2021-05-17 20:37:59.290	1.030	0.017	-0.025	0.793	0.061	1.099	166.377	-87.803	94.186	0.00	0.00	0.00	0.00000	0.00000	0.00000	0.00000
WT2(D8:09:BF:40:2B:C3)	3.95	13103	 2021-05-17 20:37:59.311	0.952	-0.322	0.038	-2.014	-0.488	0.793	-81.705	-69.686	-123.992	0.00	0.00	0.00	0.00000	0.00000	0.00000	0.00000
WT1(E604078EA627)	3.91	13104	 2021-05-17 20:37:59.399	1.034	0.007	-0.031	-1.526	0.610	-0.122	165.712	-87.863	94.801	0.00	0.00	0.00	0.00000	0.00000	0.00000	0.00000
