设备名称	电压	版本	片上时间	加速度X(g)	加速度Y(g)	加速度Z(g)	角速度X(°/s)	角速度Y(°/s)	角速度Z(°/s)	角度X(°)	角度Y(°)	角度Z(°)	磁场X	磁场Y	磁场Z	四元数0	四元数1	四元数2	四元数3	状态
WT1(E604078EA627)	3.91	13104	 2021-05-17 20:34:12.228	1.026	0.023	-0.021	3.967	-4.944	0.488	118.427	-88.110	129.639	0.00	0.00	0.00	0.00000	0.00000	0.00000	0.00000
WT2(D8:09:BF:40:2B:C3)	3.94	13103	 2021-05-17 20:34:12.258	0.979	-0.232	0.055	0.305	-0.916	-1.099	-77.091	-73.630	-137.769	0.00	0.00	0.00	0.00000	0.00000	0.00000	0.00000
WT1(E604078EA627)	3.91	13104	 2021-05-17 20:34:12.310	1.033	0.023	-0.014	1.648	-2.747	2.136	130.869	-88.033	117.026	0.00	0.00	0.00	0.00000	0.00000	0.00000	0.00000
WT2(D8:09:BF:40:2B:C3)	3.94	13103	 2021-05-17 20:34:12.339	0.981	-0.255	0.060	3.540	-1.648	-1.221	-77.657	-73.867	-137.060	0.00	0.00	0.00	0.00000	0.00000	0.00000	0.00000
WT1(E604078EA627)	3.91	13104	 2021-05-17 20:34:12.432	1.022	0.021	-0.024	3.357	0.183	1.465	136.357	-88.088	111.736	0.00	0.00	0.00	0.00000	0.00000	0.00000	0.00000
WT2(D8:09:BF:40:2B:C3)	3.94	13103	 2021-05-17 20:34:12.465	0.973	-0.267	0.052	3.357	-1.831	-1.343	-78.069	-74.048	-136.258	0.00	0.00	0.00	0.00000	0.00000	0.00000	0.00000
WT1(E604078EA627)	3.91	13104	 2021-05-17 20:34:12.520	1.018	0.037	-0.051	-1.526	-0.244	1.221	140.164	-88.044	107.814	0.00	0.00	0.00	0.00000	0.00000	0.00000	0.00000
WT2(D8:09:BF:40:2B:C3)	3.94	13103	 2021-05-17 20:34:12.571	0.978	-0.265	0.030	0.183	-0.366	0.549	-78.376	-74.108	-135.758	0.00	0.00	0.00	0.00000	0.00000	0.00000	0.00000
WT1(E604078EA627)	3.91	13104	 2021-05-17 20:34:12.624	1.028	0.029	-0.020	0.610	-1.892	0.305	143.163	-87.924	104.645	0.00	0.00	0.00	0.00000	0.00000	0.00000	0.00000
WT2(D8:09:BF:40:2B:C3)	3.94	13103	 2021-05-17 20:34:12.652	0.970	-0.239	0.048	-0.122	-0.183	0.366	-78.371	-74.152	-135.588	0.00	0.00	0.00	0.00000	0.00000	0.00000	0.00000
WT1(E604078EA627)	3.91	13104	 2021-05-17 20:34:12.714	1.035	0.024	-0.033	3.540	3.662	0.610	144.064	-87.973	103.815	0.00	0.00	0.00	0.00000	0.00000	0.00000	0.00000
WT2(D8:09:BF:40:2B:C3)	3.94	13103	 2021-05-17 20:34:12.746	0.978	-0.231	0.057	0.183	-0.732	-0.610	-78.519	-74.180	-135.137	0.00	0.00	0.00	0.00000	0.00000	0.00000	0.00000
WT1(E604078EA627)	3.91	13104	 2021-05-17 20:34:12.820	1.037	0.032	-0.030	-0.061	7.446	0.916	136.780	-88.374	111.110	0.00	0.00	0.00	0.00000	0.00000	0.00000	0.00000
WT2(D8:09:BF:40:2B:C3)	3.94	13103	 2021-05-17 20:34:12.848	0.968	-0.247	0.042	3.052	0.061	1.404	-78.706	-74.086	-134.725	0.00	0.00	0.00	0.00000	0.00000	0.00000	0.00000
WT1(E604078EA627)	3.91	13104	 2021-05-17 20:34:12.940	1.043	0.030	0.019	0.305	8.179	0.427	104.996	-88.912	142.767	0.00	0.00	0.00	0.00000	0.00000	0.00000	0.00000
WT2(D8:09:BF:40:2B:C3)	3.94	13103	 2021-05-17 20:34:12.944	0.979	-0.253	0.047	1.038	-0.305	4.578	-78.887	-73.861	-134.357	0.00	0.00	0.00	0.00000	0.00000	0.00000	0.00000
WT2(D8:09:BF:40:2B:C3)	3.94	13103	 2021-05-17 20:34:13.035	0.973	-0.210	0.044	3.845	0.183	2.197	-78.871	-73.499	-133.896	0.00	0.00	0.00	0.00000	0.00000	0.00000	0.00000
WT1(E604078EA627)	3.91	13104	 2021-05-17 20:34:13.044	1.026	0.042	-0.020	2.258	8.118	0.183	72.971	-88.929	175.001	0.00	0.00	0.00	0.00000	0.00000	0.00000	0.00000
WT1(E604078EA627)	3.91	13104	 2021-05-17 20:34:13.119	1.043	0.060	0.014	-8.484	12.695	1.587	44.143	-88.561	-155.940	0.00	0.00	0.00	0.00000	0.00000	0.00000	0.00000
WT2(D8:09:BF:40:2B:C3)	3.94	13103	 2021-05-17 20:34:13.146	0.982	-0.180	0.038	-3.662	2.258	0.305	-78.794	-73.482	-133.797	0.00	0.00	0.00	0.00000	0.00000	0.00000	0.00000
WT1(E604078EA627)	3.91	13104	 2021-05-17 20:34:13.224	1.071	0.019	0.095	-1.404	27.405	-0.061	17.858	-86.880	-129.556	0.00	0.00	0.00	0.00000	0.00000	0.00000	0.00000
WT2(D8:09:BF:40:2B:C3)	3.94	13103	 2021-05-17 20:34:13.272	0.995	-0.223	0.028	0.488	-1.343	3.052	-79.448	-73.427	-133.253	0.00	0.00	0.00	0.00000	0.00000	0.00000	0.00000
WT1(E604078EA627)	3.91	13104	 2021-05-17 20:34:13.331	1.002	-0.001	0.126	-5.005	21.240	2.014	8.459	-83.969	-120.037	0.00	0.00	0.00	0.00000	0.00000	0.00000	0.00000
WT2(D8:09:BF:40:2B:C3)	3.94	13103	 2021-05-17 20:34:13.346	0.963	-0.361	0.049	-0.732	0.793	11.841	-80.019	-72.977	-132.270	0.00	0.00	0.00	0.00000	0.00000	0.00000	0.00000
WT1(E604078EA627)	3.91	13104	 2021-05-17 20:34:13.435	1.058	0.011	0.114	3.235	38.879	-1.587	6.636	-81.678	-117.773	0.00	0.00	0.00	0.00000	0.00000	0.00000	0.00000
WT2(D8:09:BF:40:2B:C3)	3.94	13103	 2021-05-17 20:34:13.437	0.981	-0.149	0.035	2.808	-2.319	1.831	-80.283	-72.015	-131.309	0.00	0.00	0.00	0.00000	0.00000	0.00000	0.00000
WT1(E604078EA627)	3.91	13104	 2021-05-17 20:34:13.554	1.031	0.001	0.173	-8.606	27.893	4.761	4.988	-78.865	-115.763	0.00	0.00	0.00	0.00000	0.00000	0.00000	0.00000
WT2(D8:09:BF:40:2B:C3)	3.94	13103	 2021-05-17 20:34:13.565	0.957	-0.242	0.044	0.183	3.174	10.620	-80.299	-71.395	-130.886	0.00	0.00	0.00	0.00000	0.00000	0.00000	0.00000
WT1(E604078EA627)	3.91	13104	 2021-05-17 20:34:13.630	0.990	0.014	0.382	-2.686	66.711	3.113	3.505	-73.345	-113.489	0.00	0.00	0.00	0.00000	0.00000	0.00000	0.00000
WT2(D8:09:BF:40:2B:C3)	3.94	13103	 2021-05-17 20:34:13.646	0.983	-0.302	0.047	-7.751	-3.662	0.305	-81.458	-71.669	-129.825	0.00	0.00	0.00	0.00000	0.00000	0.00000	0.00000
WT1(E604078EA627)	3.91	13104	 2021-05-17 20:34:13.735	1.020	0.042	0.368	0.488	50.720	2.136	1.950	-67.863	-111.846	0.00	0.00	0.00	0.00000	0.00000	0.00000	0.00000
WT2(D8:09:BF:40:2B:C3)	3.94	13103	 2021-05-17 20:34:13.750	0.967	-0.286	0.043	23.804	-4.761	19.714	-82.623	-69.922	-127.441	0.00	0.00	0.00	0.00000	0.00000	0.00000	0.00000
WT2(D8:09:BF:40:2B:C3)	3.94	13103	 2021-05-17 20:34:13.844	0.942	-0.366	0.042	9.216	-1.709	15.015	-82.507	-68.681	-126.145	0.00	0.00	0.00	0.00000	0.00000	0.00000	0.00000
WT1(E604078EA627)	3.91	13104	 2021-05-17 20:34:13.884	0.932	0.059	0.459	5.249	61.340	-1.160	2.395	-61.908	-111.462	0.00	0.00	0.00	0.00000	0.00000	0.00000	0.00000
WT1(E604078EA627)	3.91	13104	 2021-05-17 20:34:13.945	0.904	0.034	0.551	1.770	61.707	-3.967	2.752	-55.953	-111.533	0.00	0.00	0.00	0.00000	0.00000	0.00000	0.00000
WT2(D8:09:BF:40:2B:C3)	3.94	13103	 2021-05-17 20:34:13.956	0.955	-0.351	0.037	11.536	-2.136	10.315	-82.348	-67.566	-125.008	0.00	0.00	0.00	0.00000	0.00000	0.00000	0.00000
WT1(E604078EA627)	3.91	13104	 2021-05-17 20:34:14.035	0.810	0.020	0.618	4.333	59.265	-1.587	3.472	-50.120	-111.484	0.00	0.00	0.00	0.00000	0.00000	0.00000	0.00000
WT2(D8:09:BF:40:2B:C3)	3.94	13103	 2021-05-17 20:34:14.123	0.944	-0.359	0.055	7.935	-1.892	6.165	-81.788	-66.204	-123.618	0.00	0.00	0.00	0.00000	0.00000	0.00000	0.00000
WT1(E604078EA627)	3.91	13104	 2021-05-17 20:34:14.171	0.758	0.039	0.697	4.333	54.199	1.831	3.928	-44.665	-111.253	0.00	0.00	0.00	0.00000	0.00000	0.00000	0.00000
WT2(D8:09:BF:40:2B:C3)	3.94	13103	 2021-05-17 20:34:14.244	0.932	-0.368	0.045	4.089	-1.160	3.906	-81.541	-65.797	-123.157	0.00	0.00	0.00	0.00000	0.00000	0.00000	0.00000
WT1(E604078EA627)	3.91	13104	 2021-05-17 20:34:14.264	0.677	0.063	0.775	3.479	55.176	2.319	4.103	-39.463	-110.599	0.00	0.00	0.00	0.00000	0.00000	0.00000	0.00000
WT2(D8:09:BF:40:2B:C3)	3.94	13103	 2021-05-17 20:34:14.325	0.932	-0.395	0.058	2.991	-0.916	5.554	-81.579	-65.385	-122.481	0.00	0.00	0.00	0.00000	0.00000	0.00000	0.00000
WT1(E604078EA627)	3.91	13104	 2021-05-17 20:34:14.350	0.591	0.055	0.833	6.409	55.725	2.258	4.351	-34.025	-109.990	0.00	0.00	0.00	0.00000	0.00000	0.00000	0.00000
WT2(D8:09:BF:40:2B:C3)	3.94	13103	 2021-05-17 20:34:14.429	0.929	-0.393	0.061	3.723	1.099	4.761	-81.096	-64.935	-122.135	0.00	0.00	0.00	0.00000	0.00000	0.00000	0.00000
WT1(E604078EA627)	3.91	13104	 2021-05-17 20:34:14.448	0.514	0.083	0.874	5.432	53.040	3.174	4.867	-28.801	-109.303	0.00	0.00	0.00	0.00000	0.00000	0.00000	0.00000
WT2(D8:09:BF:40:2B:C3)	3.94	13103	 2021-05-17 20:34:14.524	0.920	-0.386	0.071	5.188	0.916	4.517	-80.568	-64.495	-121.959	0.00	0.00	0.00	0.00000	0.00000	0.00000	0.00000
WT1(E604078EA627)	3.91	13104	 2021-05-17 20:34:14.574	0.446	0.102	0.913	4.883	49.927	2.869	5.186	-23.879	-108.765	0.00	0.00	0.00	0.00000	0.00000	0.00000	0.00000
WT2(D8:09:BF:40:2B:C3)	3.94	13103	 2021-05-17 20:34:14.620	0.914	-0.413	0.051	0.732	1.648	3.235	-80.123	-64.270	-122.146	0.00	0.00	0.00	0.00000	0.00000	0.00000	0.00000
WT1(E604078EA627)	3.91	13104	 2021-05-17 20:34:14.651	0.331	0.094	0.964	1.953	49.988	0.854	5.378	-18.831	-108.204	0.00	0.00	0.00	0.00000	0.00000	0.00000	0.00000
WT2(D8:09:BF:40:2B:C3)	3.94	13103	 2021-05-17 20:34:14.743	0.922	-0.396	0.070	3.174	2.625	2.869	-79.475	-63.946	-122.305	0.00	0.00	0.00	0.00000	0.00000	0.00000	0.00000
WT1(E604078EA627)	3.91	13104	 2021-05-17 20:34:14.756	0.271	0.113	0.990	1.038	52.490	1.648	5.592	-13.771	-107.650	0.00	0.00	0.00	0.00000	0.00000	0.00000	0.00000
WT1(E604078EA627)	3.91	13104	 2021-05-17 20:34:14.844	0.152	0.088	1.002	-1.282	56.946	0.366	5.652	-8.322	-107.078	0.00	0.00	0.00	0.00000	0.00000	0.00000	0.00000
WT2(D8:09:BF:40:2B:C3)	3.94	13103	 2021-05-17 20:34:14.850	0.918	-0.425	0.080	0.366	2.991	2.991	-78.970	-63.688	-122.635	0.00	0.00	0.00	0.00000	0.00000	0.00000	0.00000
WT2(D8:09:BF:40:2B:C3)	3.94	13103	 2021-05-17 20:34:14.926	0.912	-0.434	0.084	3.052	3.296	4.700	-78.365	-63.342	-123.008	0.00	0.00	0.00	0.00000	0.00000	0.00000	0.00000
WT1(E604078EA627)	3.91	13104	 2021-05-17 20:34:14.949	0.052	0.107	0.981	1.404	54.565	-0.671	5.696	-2.769	-106.595	0.00	0.00	0.00	0.00000	0.00000	0.00000	0.00000
WT2(D8:09:BF:40:2B:C3)	3.94	13103	 2021-05-17 20:34:15.019	0.908	-0.431	0.091	3.296	3.967	4.883	-77.739	-62.825	-123.344	0.00	0.00	0.00	0.00000	0.00000	0.00000	0.00000
WT1(E604078EA627)	3.91	13104	 2021-05-17 20:34:15.069	-0.059	0.073	0.968	-1.404	49.622	0.000	5.598	2.417	-106.139	0.00	0.00	0.00	0.00000	0.00000	0.00000	0.00000
WT2(D8:09:BF:40:2B:C3)	3.94	13103	 2021-05-17 20:34:15.127	0.896	-0.433	0.088	-4.272	4.395	3.418	-77.300	-62.419	-123.882	0.00	0.00	0.00	0.00000	0.00000	0.00000	0.00000
WT1(E604078EA627)	3.91	13104	 2021-05-17 20:34:15.159	-0.126	0.079	0.970	-14.221	45.166	-3.601	5.240	7.064	-105.809	0.00	0.00	0.00	0.00000	0.00000	0.00000	0.00000
WT2(D8:09:BF:40:2B:C3)	3.94	13103	 2021-05-17 20:34:15.223	0.906	-0.413	0.125	-1.648	3.540	2.930	-77.124	-62.062	-124.113	0.00	0.00	0.00	0.00000	0.00000	0.00000	0.00000
WT2(D8:09:BF:40:2B:C3)	3.94	13103	 2021-05-17 20:34:15.328	0.896	-0.428	0.087	-5.859	4.578	1.221	-76.838	-61.924	-124.860	0.00	0.00	0.00	0.00000	0.00000	0.00000	0.00000
WT1(E604078EA627)	3.91	13104	 2021-05-17 20:34:15.370	-0.212	0.073	0.971	3.967	43.945	4.456	5.268	11.409	-105.568	0.00	0.00	0.00	0.00000	0.00000	0.00000	0.00000
WT1(E604078EA627)	3.91	13104	 2021-05-17 20:34:15.399	-0.264	0.112	0.908	0.488	40.161	1.587	5.625	15.612	-104.738	0.00	0.00	0.00	0.00000	0.00000	0.00000	0.00000
WT2(D8:09:BF:40:2B:C3)	3.94	13103	 2021-05-17 20:34:15.421	0.907	-0.444	0.113	-2.991	1.831	1.099	-76.849	-61.793	-125.085	0.00	0.00	0.00	0.00000	0.00000	0.00000	0.00000
WT2(D8:09:BF:40:2B:C3)	3.94	13103	 2021-05-17 20:34:15.528	0.905	-0.460	0.107	-5.676	3.845	0.244	-76.745	-61.782	-125.475	0.00	0.00	0.00	0.00000	0.00000	0.00000	0.00000
WT2(D8:09:BF:40:2B:C3)	3.94	13103	 2021-05-17 20:34:15.618	0.898	-0.444	0.090	-6.409	1.221	-1.526	-76.707	-61.793	-125.733	0.00	0.00	0.00	0.00000	0.00000	0.00000	0.00000
WT1(E604078EA627)	3.91	13104	 2021-05-17 20:34:15.626	-0.326	0.111	0.897	2.991	36.377	2.502	6.064	19.391	-104.167	0.00	0.00	0.00	0.00000	0.00000	0.00000	0.00000
WT1(E604078EA627)	3.91	13104	 2021-05-17 20:34:15.627	-0.354	0.164	0.884	-0.122	15.442	1.526	7.092	22.280	-103.524	0.00	0.00	0.00	0.00000	0.00000	0.00000	0.00000
WT1(E604078EA627)	3.91	13104	 2021-05-17 20:34:15.654	-0.451	0.094	0.832	17.944	2.197	-2.869	7.476	23.544	-103.480	0.00	0.00	0.00	0.00000	0.00000	0.00000	0.00000
WT2(D8:09:BF:40:2B:C3)	3.94	13103	 2021-05-17 20:34:15.725	0.891	-0.437	0.097	1.709	0.488	-2.136	-76.866	-61.979	-125.706	0.00	0.00	0.00	0.00000	0.00000	0.00000	0.00000
WT2(D8:09:BF:40:2B:C3)	3.94	13103	 2021-05-17 20:34:15.804	0.909	-0.439	0.106	-1.892	-3.052	-4.456	-77.119	-62.485	-125.414	0.00	0.00	0.00	0.00000	0.00000	0.00000	0.00000
WT1(E604078EA627)	3.91	13104	 2021-05-17 20:34:15.883	-0.385	0.113	0.855	2.441	-19.714	-3.113	7.213	22.500	-103.491	0.00	0.00	0.00	0.00000	0.00000	0.00000	0.00000
WT1(E604078EA627)	3.91	13104	 2021-05-17 20:34:15.885	-0.344	0.078	0.896	-6.042	-28.137	1.526	6.526	19.984	-103.848	0.00	0.00	0.00	0.00000	0.00000	0.00000	0.00000
WT2(D8:09:BF:40:2B:C3)	3.94	13103	 2021-05-17 20:34:15.912	0.913	-0.427	0.089	-6.592	-2.747	-7.080	-77.712	-63.314	-125.052	0.00	0.00	0.00	0.00000	0.00000	0.00000	0.00000
WT2(D8:09:BF:40:2B:C3)	3.94	13103	 2021-05-17 20:34:16.004	0.931	-0.397	0.085	-8.484	-1.709	-7.813	-78.547	-64.149	-124.777	0.00	0.00	0.00	0.00000	0.00000	0.00000	0.00000
WT1(E604078EA627)	3.91	13104	 2021-05-17 20:34:16.045	-0.291	0.079	0.948	-10.498	-34.241	-1.160	6.317	16.787	-104.222	0.00	0.00	0.00	0.00000	0.00000	0.00000	0.00000
WT2(D8:09:BF:40:2B:C3)	3.94	13103	 2021-05-17 20:34:16.097	0.928	-0.418	0.077	-9.583	-0.793	-6.042	-79.338	-64.929	-124.816	0.00	0.00	0.00	0.00000	0.00000	0.00000	0.00000
WT1(E604078EA627)	3.91	13104	 2021-05-17 20:34:16.180	-0.231	0.082	0.957	-15.930	-32.593	-0.488	5.878	13.409	-104.755	0.00	0.00	0.00	0.00000	0.00000	0.00000	0.00000
WT1(E604078EA627)	3.91	13104	 2021-05-17 20:34:16.185	-0.146	0.143	0.965	-16.296	-47.607	-0.366	6.383	9.503	-105.353	0.00	0.00	0.00	0.00000	0.00000	0.00000	0.00000
WT2(D8:09:BF:40:2B:C3)	3.94	13103	 2021-05-17 20:34:16.224	0.936	-0.350	0.063	-0.366	-1.587	-6.165	-79.722	-65.490	-124.722	0.00	0.00	0.00	0.00000	0.00000	0.00000	0.00000
WT1(E604078EA627)	3.91	13104	 2021-05-17 20:34:16.272	-0.039	0.182	1.027	-1.404	-65.186	-2.869	6.559	4.048	-106.408	0.00	0.00	0.00	0.00000	0.00000	0.00000	0.00000
WT2(D8:09:BF:40:2B:C3)	3.94	13103	 2021-05-17 20:34:16.346	0.950	-0.322	0.056	-1.465	-0.671	-7.080	-80.239	-66.160	-124.750	0.00	0.00	0.00	0.00000	0.00000	0.00000	0.00000
WT1(E604078EA627)	3.91	13104	 2021-05-17 20:34:16.394	0.101	0.208	1.043	6.165	-70.313	-2.563	6.378	-2.565	-107.589	0.00	0.00	0.00	0.00000	0.00000	0.00000	0.00000
WT2(D8:09:BF:40:2B:C3)	3.94	13103	 2021-05-17 20:34:16.407	0.954	-0.347	0.057	-11.536	1.282	-8.972	-80.755	-67.094	-125.365	0.00	0.00	0.00	0.00000	0.00000	0.00000	0.00000
WT1(E604078EA627)	3.91	13104	 2021-05-17 20:34:16.465	0.203	0.091	0.957	-27.039	-69.275	-0.305	6.081	-9.706	-108.644	0.00	0.00	0.00	0.00000	0.00000	0.00000	0.00000
WT2(D8:09:BF:40:2B:C3)	3.94	13103	 2021-05-17 20:34:16.532	0.975	-0.367	0.046	-13.367	-0.061	-8.850	-81.211	-67.967	-125.892	0.00	0.00	0.00	0.00000	0.00000	0.00000	0.00000
WT1(E604078EA627)	3.91	13104	 2021-05-17 20:34:16.569	0.311	0.010	0.897	-16.418	-73.303	-1.831	5.735	-17.545	-110.034	0.00	0.00	0.00	0.00000	0.00000	0.00000	0.00000
WT2(D8:09:BF:40:2B:C3)	3.94	13103	 2021-05-17 20:34:16.609	0.996	-0.380	0.043	-8.728	3.357	-7.080	-81.178	-68.736	-126.480	0.00	0.00	0.00	0.00000	0.00000	0.00000	0.00000
WT1(E604078EA627)	3.91	13104	 2021-05-17 20:34:16.675	0.399	0.025	0.836	-6.897	-80.994	-5.127	5.570	-25.538	-111.566	0.00	0.00	0.00	0.00000	0.00000	0.00000	0.00000
WT2(D8:09:BF:40:2B:C3)	3.94	13103	 2021-05-17 20:34:16.706	0.959	-0.404	0.053	-2.380	1.160	-2.747	-81.074	-69.181	-126.837	0.00	0.00	0.00	0.00000	0.00000	0.00000	0.00000
WT1(E604078EA627)	3.91	13104	 2021-05-17 20:34:16.779	0.566	0.066	0.827	-2.014	-95.276	-6.470	5.603	-34.140	-113.275	0.00	0.00	0.00	0.00000	0.00000	0.00000	0.00000
WT2(D8:09:BF:40:2B:C3)	3.94	13103	 2021-05-17 20:34:16.811	0.931	-0.352	0.050	10.803	-2.380	0.916	-81.046	-69.329	-126.656	0.00	0.00	0.00	0.00000	0.00000	0.00000	0.00000
WT1(E604078EA627)	3.91	13104	 2021-05-17 20:34:16.873	0.691	0.026	0.774	8.484	-81.238	-8.545	5.257	-42.891	-115.274	0.00	0.00	0.00	0.00000	0.00000	0.00000	0.00000
WT2(D8:09:BF:40:2B:C3)	3.94	13103	 2021-05-17 20:34:16.903	0.951	-0.390	0.078	-10.864	2.869	-4.333	-81.678	-69.988	-126.464	0.00	0.00	0.00	0.00000	0.00000	0.00000	0.00000
WT2(D8:09:BF:40:2B:C3)	3.94	13103	 2021-05-17 20:34:17.010	0.959	-0.352	0.052	-4.456	0.671	-3.052	-81.859	-70.367	-126.727	0.00	0.00	0.00	0.00000	0.00000	0.00000	0.00000
WT1(E604078EA627)	3.91	13104	 2021-05-17 20:34:17.020	0.799	0.040	0.682	0.732	-80.750	-6.897	5.576	-50.630	-117.070	0.00	0.00	0.00	0.00000	0.00000	0.00000	0.00000
WT2(D8:09:BF:40:2B:C3)	3.94	13103	 2021-05-17 20:34:17.105	0.968	-0.361	0.047	-6.653	9.277	-5.188	-81.123	-70.950	-127.980	0.00	0.00	0.00	0.00000	0.00000	0.00000	0.00000
WT1(E604078EA627)	3.91	13104	 2021-05-17 20:34:17.154	0.856	0.028	0.567	16.174	-74.890	-4.944	6.877	-57.843	-118.965	0.00	0.00	0.00	0.00000	0.00000	0.00000	0.00000
WT2(D8:09:BF:40:2B:C3)	3.94	13103	 2021-05-17 20:34:17.214	0.965	-0.390	0.017	-0.122	3.052	-3.784	-80.140	-71.466	-129.238	0.00	0.00	0.00	0.00000	0.00000	0.00000	0.00000
WT1(E604078EA627)	3.91	13104	 2021-05-17 20:34:17.229	0.924	0.026	0.465	2.502	-78.003	-2.380	8.256	-65.089	-120.756	0.00	0.00	0.00	0.00000	0.00000	0.00000	0.00000
WT2(D8:09:BF:40:2B:C3)	3.94	13103	 2021-05-17 20:34:17.305	0.945	-0.416	0.029	4.761	-0.427	-1.831	-79.871	-71.856	-129.364	0.00	0.00	0.00	0.00000	0.00000	0.00000	0.00000
WT1(E604078EA627)	3.91	13104	 2021-05-17 20:34:17.320	0.995	0.045	0.378	19.409	-78.613	1.160	9.503	-72.405	-122.618	0.00	0.00	0.00	0.00000	0.00000	0.00000	0.00000
WT1(E604078EA627)	3.91	13104	 2021-05-17 20:34:17.380	1.080	0.114	0.266	4.395	-55.664	5.066	11.146	-78.909	-124.931	0.00	0.00	0.00	0.00000	0.00000	0.00000	0.00000
WT2(D8:09:BF:40:2B:C3)	3.94	13103	 2021-05-17 20:34:17.400	0.989	-0.249	0.081	3.662	-1.831	-6.287	-79.711	-72.416	-129.348	0.00	0.00	0.00	0.00000	0.00000	0.00000	0.00000
WT2(D8:09:BF:40:2B:C3)	3.94	13103	 2021-05-17 20:34:17.493	0.977	-0.266	0.074	-7.202	4.089	-7.080	-79.371	-73.257	-130.858	0.00	0.00	0.00	0.00000	0.00000	0.00000	0.00000
WT1(E604078EA627)	3.91	13104	 2021-05-17 20:34:17.515	1.041	0.066	0.179	-9.216	-39.795	-0.671	16.589	-82.914	-130.952	0.00	0.00	0.00	0.00000	0.00000	0.00000	0.00000
WT2(D8:09:BF:40:2B:C3)	3.94	13103	 2021-05-17 20:34:17.589	0.979	-0.326	0.084	0.793	3.601	-2.502	-78.168	-73.608	-133.066	0.00	0.00	0.00	0.00000	0.00000	0.00000	0.00000
WT1(E604078EA627)	3.91	13104	 2021-05-17 20:34:17.620	1.043	-0.001	0.103	-8.850	-37.598	0.366	28.630	-86.001	-144.921	0.00	0.00	0.00	0.00000	0.00000	0.00000	0.00000
WT1(E604078EA627)	3.91	13104	 2021-05-17 20:34:17.680	1.032	0.020	0.020	5.005	-31.311	0.061	77.157	-88.209	166.322	0.00	0.00	0.00	0.00000	0.00000	0.00000	0.00000
WT2(D8:09:BF:40:2B:C3)	3.94	13103	 2021-05-17 20:34:17.711	0.972	-0.261	0.055	1.648	0.671	-7.751	-76.476	-74.191	-134.462	0.00	0.00	0.00	0.00000	0.00000	0.00000	0.00000
WT2(D8:09:BF:40:2B:C3)	3.94	13103	 2021-05-17 20:34:17.788	0.968	-0.234	0.056	-7.751	-0.122	-7.568	-75.784	-75.059	-135.478	0.00	0.00	0.00	0.00000	0.00000	0.00000	0.00000
WT1(E604078EA627)	3.91	13104	 2021-05-17 20:34:17.830	1.027	0.019	-0.006	2.441	-26.794	2.625	147.656	-87.182	95.784	0.00	0.00	0.00	0.00000	0.00000	0.00000	0.00000
WT2(D8:09:BF:40:2B:C3)	3.94	13103	 2021-05-17 20:34:17.885	0.999	-0.207	0.053	-0.610	-0.793	-6.348	-75.773	-75.795	-135.807	0.00	0.00	0.00	0.00000	0.00000	0.00000	0.00000
WT1(E604078EA627)	3.91	13104	 2021-05-17 20:34:17.906	1.049	0.064	-0.054	-0.854	-17.883	3.052	164.756	-85.199	78.810	0.00	0.00	0.00	0.00000	0.00000	0.00000	0.00000
WT1(E604078EA627)	3.91	13104	 2021-05-17 20:34:17.995	1.035	0.045	-0.060	-3.296	-9.277	0.305	168.365	-84.073	75.174	0.00	0.00	0.00	0.00000	0.00000	0.00000	0.00000
WT2(D8:09:BF:40:2B:C3)	3.94	13103	 2021-05-17 20:34:18.005	0.982	-0.197	0.052	-0.610	0.061	-3.601	-75.630	-76.366	-136.428	0.00	0.00	0.00	0.00000	0.00000	0.00000	0.00000
WT2(D8:09:BF:40:2B:C3)	3.94	13103	 2021-05-17 20:34:18.084	0.989	-0.210	0.057	-2.563	1.465	-0.183	-75.421	-76.652	-137.054	0.00	0.00	0.00	0.00000	0.00000	0.00000	0.00000
WT1(E604078EA627)	3.91	13104	 2021-05-17 20:34:18.084	1.034	0.023	-0.089	-8.789	-1.282	0.610	168.322	-83.848	75.042	0.00	0.00	0.00	0.00000	0.00000	0.00000	0.00000
WT2(D8:09:BF:40:2B:C3)	3.94	13103	 2021-05-17 20:34:18.194	0.980	-0.203	0.057	-1.587	0.793	1.709	-75.157	-76.619	-137.483	0.00	0.00	0.00	0.00000	0.00000	0.00000	0.00000
WT1(E604078EA627)	3.91	13104	 2021-05-17 20:34:18.206	1.030	0.013	-0.089	-8.545	1.465	2.014	168.552	-83.996	74.619	0.00	0.00	0.00	0.00000	0.00000	0.00000	0.00000
WT2(D8:09:BF:40:2B:C3)	3.94	13103	 2021-05-17 20:34:18.283	0.985	-0.219	0.053	1.465	-1.099	1.404	-75.558	-76.437	-137.269	0.00	0.00	0.00	0.00000	0.00000	0.00000	0.00000
WT1(E604078EA627)	3.91	13104	 2021-05-17 20:34:18.294	1.026	0.021	-0.102	5.371	-3.357	1.343	170.821	-83.958	72.164	0.00	0.00	0.00	0.00000	0.00000	0.00000	0.00000
WT2(D8:09:BF:40:2B:C3)	3.94	13103	 2021-05-17 20:34:18.392	0.981	-0.197	0.066	3.906	-0.671	0.061	-75.729	-76.443	-136.741	0.00	0.00	0.00	0.00000	0.00000	0.00000	0.00000
WT1(E604078EA627)	3.91	13104	 2021-05-17 20:34:18.400	1.026	0.035	-0.124	0.916	-3.845	1.038	172.299	-83.655	70.939	0.00	0.00	0.00	0.00000	0.00000	0.00000	0.00000
WT2(D8:09:BF:40:2B:C3)	3.94	13103	 2021-05-17 20:34:18.501	0.992	-0.225	0.052	0.305	-0.610	-1.160	-75.822	-76.608	-136.516	0.00	0.00	0.00	0.00000	0.00000	0.00000	0.00000
WT1(E604078EA627)	3.91	13104	 2021-05-17 20:34:18.520	1.041	0.023	-0.115	-0.183	-4.639	-0.183	172.722	-83.249	70.823	0.00	0.00	0.00	0.00000	0.00000	0.00000	0.00000
WT2(D8:09:BF:40:2B:C3)	3.94	13103	 2021-05-17 20:34:18.593	0.984	-0.206	0.053	-2.014	0.854	-0.916	-75.317	-76.789	-136.967	0.00	0.00	0.00	0.00000	0.00000	0.00000	0.00000
WT1(E604078EA627)	3.91	13104	 2021-05-17 20:34:18.643	1.021	0.013	-0.127	-1.831	-5.615	-0.610	172.963	-82.749	70.834	0.00	0.00	0.00	0.00000	0.00000	0.00000	0.00000
