设备名称	电压	版本	片上时间	加速度X(g)	加速度Y(g)	加速度Z(g)	角速度X(°/s)	角速度Y(°/s)	角速度Z(°/s)	角度X(°)	角度Y(°)	角度Z(°)	磁场X	磁场Y	磁场Z	四元数0	四元数1	四元数2	四元数3	状态
WT2(D8:09:BF:40:2B:C3)	3.94	13103	 2021-05-17 20:34:40.915	0.982	-0.191	0.042	2.563	-1.526	1.709	-78.821	-76.591	-145.311	0.00	0.00	0.00	0.00000	0.00000	0.00000	0.00000
WT1(E604078EA627)	3.91	13104	 2021-05-17 20:34:40.916	1.024	0.030	-0.035	-0.366	3.296	2.930	92.582	-89.445	158.994	0.00	0.00	0.00	0.00000	0.00000	0.00000	0.00000
WT2(D8:09:BF:40:2B:C3)	3.94	13103	 2021-05-17 20:34:41.027	0.991	-0.183	0.037	-6.348	-1.099	-1.099	-79.519	-76.789	-143.817	0.00	0.00	0.00	0.00000	0.00000	0.00000	0.00000
WT1(E604078EA627)	3.91	13104	 2021-05-17 20:34:41.034	1.041	0.040	-0.003	-10.193	-0.244	1.953	78.206	-89.550	173.254	0.00	0.00	0.00	0.00000	0.00000	0.00000	0.00000
WT2(D8:09:BF:40:2B:C3)	3.94	13103	 2021-05-17 20:34:41.101	1.006	-0.220	0.028	1.953	-2.136	-0.122	-80.634	-76.899	-142.333	0.00	0.00	0.00	0.00000	0.00000	0.00000	0.00000
WT1(E604078EA627)	3.91	13104	 2021-05-17 20:34:41.124	1.053	-0.011	0.024	2.686	0.854	2.808	36.541	-89.692	-145.569	0.00	0.00	0.00	0.00000	0.00000	0.00000	0.00000
WT2(D8:09:BF:40:2B:C3)	3.94	13103	 2021-05-17 20:34:41.211	0.990	-0.188	0.044	-2.991	-0.244	0.916	-81.019	-76.948	-141.136	0.00	0.00	0.00	0.00000	0.00000	0.00000	0.00000
WT1(E604078EA627)	3.91	13104	 2021-05-17 20:34:41.216	1.022	0.028	-0.009	3.174	1.770	1.831	4.285	-89.544	-113.286	0.00	0.00	0.00	0.00000	0.00000	0.00000	0.00000
WT2(D8:09:BF:40:2B:C3)	3.94	13103	 2021-05-17 20:34:41.318	0.991	-0.203	0.035	-0.671	-0.549	0.000	-81.118	-76.992	-140.433	0.00	0.00	0.00	0.00000	0.00000	0.00000	0.00000
WT1(E604078EA627)	3.91	13104	 2021-05-17 20:34:41.320	1.031	0.005	0.011	2.930	1.038	0.122	-1.642	-89.478	-107.402	0.00	0.00	0.00	0.00000	0.00000	0.00000	0.00000
WT2(D8:09:BF:40:2B:C3)	3.94	13103	 2021-05-17 20:34:41.413	0.985	-0.206	0.029	0.977	-0.671	-0.183	-81.337	-77.064	-139.647	0.00	0.00	0.00	0.00000	0.00000	0.00000	0.00000
WT1(E604078EA627)	3.91	13104	 2021-05-17 20:34:41.414	1.029	0.012	0.035	2.380	0.793	0.122	-2.521	-89.429	-106.551	0.00	0.00	0.00	0.00000	0.00000	0.00000	0.00000
WT2(D8:09:BF:40:2B:C3)	3.94	13103	 2021-05-17 20:34:41.506	0.986	-0.211	0.024	1.465	-0.977	0.366	-81.678	-77.151	-138.840	0.00	0.00	0.00	0.00000	0.00000	0.00000	0.00000
WT1(E604078EA627)	3.91	13104	 2021-05-17 20:34:41.514	1.036	0.020	0.039	0.549	6.714	0.793	-3.192	-88.989	-105.831	0.00	0.00	0.00	0.00000	0.00000	0.00000	0.00000
WT1(E604078EA627)	3.91	13104	 2021-05-17 20:34:41.605	1.043	-0.001	0.088	4.333	19.104	-1.648	0.967	-87.660	-109.655	0.00	0.00	0.00	0.00000	0.00000	0.00000	0.00000
WT2(D8:09:BF:40:2B:C3)	3.94	13103	 2021-05-17 20:34:41.629	0.991	-0.187	0.020	0.366	-0.244	1.221	-81.974	-77.217	-138.120	0.00	0.00	0.00	0.00000	0.00000	0.00000	0.00000
WT2(D8:09:BF:40:2B:C3)	3.94	13103	 2021-05-17 20:34:41.709	0.997	-0.196	0.013	5.920	-0.305	4.639	-82.172	-77.003	-137.274	0.00	0.00	0.00	0.00000	0.00000	0.00000	0.00000
WT1(E604078EA627)	3.91	13104	 2021-05-17 20:34:41.740	1.048	-0.012	0.088	4.395	25.330	-1.587	2.362	-85.501	-110.654	0.00	0.00	0.00	0.00000	0.00000	0.00000	0.00000
WT2(D8:09:BF:40:2B:C3)	3.94	13103	 2021-05-17 20:34:41.801	0.980	-0.197	0.010	10.559	0.732	6.104	-81.810	-76.492	-136.450	0.00	0.00	0.00	0.00000	0.00000	0.00000	0.00000
WT1(E604078EA627)	3.91	13104	 2021-05-17 20:34:41.829	1.016	-0.058	0.118	-5.371	26.855	0.854	0.198	-83.029	-108.600	0.00	0.00	0.00	0.00000	0.00000	0.00000	0.00000
WT2(D8:09:BF:40:2B:C3)	3.94	13103	 2021-05-17 20:34:41.903	0.981	-0.149	0.025	4.761	0.122	2.380	-81.453	-76.163	-135.950	0.00	0.00	0.00	0.00000	0.00000	0.00000	0.00000
WT1(E604078EA627)	3.91	13104	 2021-05-17 20:34:41.918	1.031	-0.025	0.189	4.333	39.612	-0.488	0.522	-79.964	-108.572	0.00	0.00	0.00	0.00000	0.00000	0.00000	0.00000
WT2(D8:09:BF:40:2B:C3)	3.94	13103	 2021-05-17 20:34:42.011	0.986	-0.270	0.027	3.601	-0.671	7.019	-81.953	-75.987	-135.264	0.00	0.00	0.00	0.00000	0.00000	0.00000	0.00000
WT1(E604078EA627)	3.91	13104	 2021-05-17 20:34:42.012	1.028	-0.039	0.262	2.808	40.100	2.319	0.709	-76.031	-108.452	0.00	0.00	0.00	0.00000	0.00000	0.00000	0.00000
WT2(D8:09:BF:40:2B:C3)	3.94	13103	 2021-05-17 20:34:42.119	0.987	-0.226	0.017	-0.671	-2.441	2.014	-82.557	-75.547	-133.918	0.00	0.00	0.00	0.00000	0.00000	0.00000	0.00000
WT1(E604078EA627)	3.91	13104	 2021-05-17 20:34:42.130	0.994	-0.006	0.393	15.808	56.946	1.526	1.357	-70.917	-107.743	0.00	0.00	0.00	0.00000	0.00000	0.00000	0.00000
WT2(D8:09:BF:40:2B:C3)	3.94	13103	 2021-05-17 20:34:42.196	0.974	-0.225	0.018	3.418	-1.099	3.723	-82.502	-75.251	-133.143	0.00	0.00	0.00	0.00000	0.00000	0.00000	0.00000
WT1(E604078EA627)	3.91	13104	 2021-05-17 20:34:42.220	0.972	0.031	0.489	15.808	73.242	-1.709	2.252	-64.265	-107.150	0.00	0.00	0.00	0.00000	0.00000	0.00000	0.00000
WT2(D8:09:BF:40:2B:C3)	3.94	13103	 2021-05-17 20:34:42.308	0.975	-0.276	0.031	8.423	-0.305	9.521	-82.870	-74.630	-131.858	0.00	0.00	0.00	0.00000	0.00000	0.00000	0.00000
WT1(E604078EA627)	3.91	13104	 2021-05-17 20:34:42.325	0.878	0.037	0.527	11.963	73.120	-3.601	3.477	-56.777	-107.084	0.00	0.00	0.00	0.00000	0.00000	0.00000	0.00000
WT2(D8:09:BF:40:2B:C3)	3.94	13103	 2021-05-17 20:34:42.381	0.983	-0.264	0.032	11.414	0.061	10.437	-82.375	-73.641	-130.704	0.00	0.00	0.00	0.00000	0.00000	0.00000	0.00000
WT1(E604078EA627)	3.91	13104	 2021-05-17 20:34:42.429	0.806	0.029	0.591	8.362	58.777	-2.319	4.268	-50.394	-107.084	0.00	0.00	0.00	0.00000	0.00000	0.00000	0.00000
WT2(D8:09:BF:40:2B:C3)	3.94	13103	 2021-05-17 20:34:42.487	0.962	-0.244	0.030	11.536	-1.770	8.484	-81.733	-72.850	-129.754	0.00	0.00	0.00	0.00000	0.00000	0.00000	0.00000
WT1(E604078EA627)	3.91	13104	 2021-05-17 20:34:42.520	0.756	0.053	0.680	6.470	49.561	1.831	4.559	-45.236	-106.782	0.00	0.00	0.00	0.00000	0.00000	0.00000	0.00000
WT2(D8:09:BF:40:2B:C3)	3.94	13103	 2021-05-17 20:34:42.580	0.973	-0.282	0.029	9.338	-1.892	4.822	-81.650	-72.444	-128.683	0.00	0.00	0.00	0.00000	0.00000	0.00000	0.00000
WT1(E604078EA627)	3.91	13104	 2021-05-17 20:34:42.624	0.685	0.064	0.748	1.282	41.748	4.578	4.373	-40.984	-106.139	0.00	0.00	0.00	0.00000	0.00000	0.00000	0.00000
WT2(D8:09:BF:40:2B:C3)	3.94	13103	 2021-05-17 20:34:42.691	0.972	-0.309	0.039	8.240	-1.587	5.371	-81.777	-72.109	-127.557	0.00	0.00	0.00	0.00000	0.00000	0.00000	0.00000
WT1(E604078EA627)	3.91	13104	 2021-05-17 20:34:42.744	0.643	0.106	0.822	1.587	38.086	4.272	4.296	-37.222	-105.348	0.00	0.00	0.00	0.00000	0.00000	0.00000	0.00000
WT2(D8:09:BF:40:2B:C3)	3.94	13103	 2021-05-17 20:34:42.803	0.974	-0.292	0.045	5.920	0.244	4.211	-81.475	-71.752	-126.821	0.00	0.00	0.00	0.00000	0.00000	0.00000	0.00000
WT1(E604078EA627)	3.91	13104	 2021-05-17 20:34:42.820	0.585	0.107	0.866	1.465	43.091	2.380	4.631	-33.228	-104.848	0.00	0.00	0.00	0.00000	0.00000	0.00000	0.00000
WT2(D8:09:BF:40:2B:C3)	3.94	13103	 2021-05-17 20:34:42.878	0.958	-0.301	0.040	4.700	2.808	5.920	-80.596	-71.301	-126.953	0.00	0.00	0.00	0.00000	0.00000	0.00000	0.00000
WT1(E604078EA627)	3.91	13104	 2021-05-17 20:34:42.924	0.509	0.098	0.895	0.854	48.462	0.183	5.004	-28.702	-104.579	0.00	0.00	0.00	0.00000	0.00000	0.00000	0.00000
WT2(D8:09:BF:40:2B:C3)	3.94	13103	 2021-05-17 20:34:42.986	0.952	-0.326	0.042	5.554	2.380	7.935	-79.860	-70.598	-127.095	0.00	0.00	0.00	0.00000	0.00000	0.00000	0.00000
WT1(E604078EA627)	3.91	13104	 2021-05-17 20:34:43.031	0.445	0.063	0.922	1.099	48.889	3.845	4.812	-23.901	-104.321	0.00	0.00	0.00	0.00000	0.00000	0.00000	0.00000
WT2(D8:09:BF:40:2B:C3)	3.94	13103	 2021-05-17 20:34:43.112	0.928	-0.325	0.021	-1.953	2.258	5.798	-78.931	-69.955	-127.480	0.00	0.00	0.00	0.00000	0.00000	0.00000	0.00000
WT1(E604078EA627)	3.91	13104	 2021-05-17 20:34:43.164	0.352	0.071	0.938	-12.817	50.110	-1.709	4.477	-18.957	-103.997	0.00	0.00	0.00	0.00000	0.00000	0.00000	0.00000
WT1(E604078EA627)	3.91	13104	 2021-05-17 20:34:43.254	0.271	0.129	0.954	-3.784	48.889	-8.484	5.460	-14.238	-104.183	0.00	0.00	0.00	0.00000	0.00000	0.00000	0.00000
WT2(D8:09:BF:40:2B:C3)	3.94	13103	 2021-05-17 20:34:43.280	0.976	-0.329	0.111	-2.625	3.235	3.235	-78.382	-69.038	-127.425	0.00	0.00	0.00	0.00000	0.00000	0.00000	0.00000
WT1(E604078EA627)	3.91	13104	 2021-05-17 20:34:43.359	0.195	0.083	0.979	11.475	45.471	4.211	6.004	-9.673	-104.205	0.00	0.00	0.00	0.00000	0.00000	0.00000	0.00000
WT2(D8:09:BF:40:2B:C3)	3.94	13103	 2021-05-17 20:34:43.392	0.932	-0.359	0.035	-6.775	5.554	2.197	-77.173	-68.846	-128.837	0.00	0.00	0.00	0.00000	0.00000	0.00000	0.00000
WT1(E604078EA627)	3.91	13104	 2021-05-17 20:34:43.435	0.107	0.082	1.000	1.831	43.091	-0.671	6.328	-5.301	-103.744	0.00	0.00	0.00	0.00000	0.00000	0.00000	0.00000
WT2(D8:09:BF:40:2B:C3)	3.94	13103	 2021-05-17 20:34:43.481	0.946	-0.339	0.078	1.648	1.160	4.089	-77.064	-68.417	-128.749	0.00	0.00	0.00	0.00000	0.00000	0.00000	0.00000
WT1(E604078EA627)	3.91	13104	 2021-05-17 20:34:43.539	0.021	0.159	0.986	0.183	41.138	1.221	6.790	-1.060	-103.140	0.00	0.00	0.00	0.00000	0.00000	0.00000	0.00000
WT2(D8:09:BF:40:2B:C3)	3.94	13103	 2021-05-17 20:34:43.603	0.947	-0.352	0.076	1.709	1.709	5.249	-76.729	-67.989	-128.469	0.00	0.00	0.00	0.00000	0.00000	0.00000	0.00000
WT1(E604078EA627)	3.91	13104	 2021-05-17 20:34:43.659	-0.040	0.124	0.991	5.310	36.987	-0.244	6.921	2.856	-102.662	0.00	0.00	0.00	0.00000	0.00000	0.00000	0.00000
WT2(D8:09:BF:40:2B:C3)	3.94	13103	 2021-05-17 20:34:43.728	0.947	-0.342	0.096	-2.197	3.662	3.540	-76.201	-67.604	-128.600	0.00	0.00	0.00	0.00000	0.00000	0.00000	0.00000
WT1(E604078EA627)	3.91	13104	 2021-05-17 20:34:43.734	-0.101	0.111	0.978	1.648	36.133	0.183	7.339	6.471	-102.184	0.00	0.00	0.00	0.00000	0.00000	0.00000	0.00000
WT2(D8:09:BF:40:2B:C3)	3.94	13103	 2021-05-17 20:34:43.793	0.934	-0.345	0.079	-4.089	2.930	1.648	-75.932	-67.429	-129.139	0.00	0.00	0.00	0.00000	0.00000	0.00000	0.00000
WT2(D8:09:BF:40:2B:C3)	3.94	13103	 2021-05-17 20:34:43.899	0.929	-0.350	0.093	-1.282	2.319	1.648	-75.789	-67.269	-129.309	0.00	0.00	0.00	0.00000	0.00000	0.00000	0.00000
WT1(E604078EA627)	3.91	13104	 2021-05-17 20:34:43.901	-0.170	0.157	0.970	-0.061	33.997	2.258	7.888	10.020	-101.750	0.00	0.00	0.00	0.00000	0.00000	0.00000	0.00000
WT2(D8:09:BF:40:2B:C3)	3.94	13103	 2021-05-17 20:34:43.961	0.938	-0.333	0.096	-1.953	2.014	1.648	-75.635	-67.126	-129.265	0.00	0.00	0.00	0.00000	0.00000	0.00000	0.00000
WT1(E604078EA627)	3.91	13104	 2021-05-17 20:34:44.008	-0.214	0.158	0.945	-8.911	31.250	1.770	7.976	13.217	-101.030	0.00	0.00	0.00	0.00000	0.00000	0.00000	0.00000
WT1(E604078EA627)	3.91	13104	 2021-05-17 20:34:44.049	-0.286	0.128	0.914	-1.343	22.949	-1.465	8.399	15.985	-100.503	0.00	0.00	0.00	0.00000	0.00000	0.00000	0.00000
WT2(D8:09:BF:40:2B:C3)	3.94	13103	 2021-05-17 20:34:44.086	0.926	-0.352	0.091	-3.235	2.319	1.099	-75.377	-67.061	-129.595	0.00	0.00	0.00	0.00000	0.00000	0.00000	0.00000
WT1(E604078EA627)	3.91	13104	 2021-05-17 20:34:44.154	-0.262	0.167	0.954	-9.460	12.634	0.061	8.811	17.732	-100.327	0.00	0.00	0.00	0.00000	0.00000	0.00000	0.00000
WT2(D8:09:BF:40:2B:C3)	3.94	13103	 2021-05-17 20:34:44.162	0.938	-0.320	0.084	-1.831	1.221	-0.305	-75.251	-67.000	-129.694	0.00	0.00	0.00	0.00000	0.00000	0.00000	0.00000
WT2(D8:09:BF:40:2B:C3)	3.94	13103	 2021-05-17 20:34:44.286	0.919	-0.410	0.088	0.427	-1.221	1.404	-75.531	-67.192	-129.699	0.00	0.00	0.00	0.00000	0.00000	0.00000	0.00000
WT1(E604078EA627)	3.91	13104	 2021-05-17 20:34:44.305	-0.388	0.158	0.855	22.827	-0.732	-1.282	9.399	18.913	-100.272	0.00	0.00	0.00	0.00000	0.00000	0.00000	0.00000
WT1(E604078EA627)	3.91	13104	 2021-05-17 20:34:44.350	-0.300	0.149	0.875	3.601	-23.193	-1.404	9.036	17.864	-100.283	0.00	0.00	0.00	0.00000	0.00000	0.00000	0.00000
WT2(D8:09:BF:40:2B:C3)	3.94	13103	 2021-05-17 20:34:44.364	0.940	-0.337	0.089	2.075	-3.052	-2.563	-75.624	-67.330	-128.996	0.00	0.00	0.00	0.00000	0.00000	0.00000	0.00000
WT2(D8:09:BF:40:2B:C3)	3.94	13103	 2021-05-17 20:34:44.471	0.955	-0.344	0.089	-8.484	-2.869	-7.935	-76.207	-68.132	-128.441	0.00	0.00	0.00	0.00000	0.00000	0.00000	0.00000
WT1(E604078EA627)	3.91	13104	 2021-05-17 20:34:44.485	-0.285	0.108	0.875	13.489	-36.560	-0.610	8.207	14.892	-100.673	0.00	0.00	0.00	0.00000	0.00000	0.00000	0.00000
WT2(D8:09:BF:40:2B:C3)	3.94	13103	 2021-05-17 20:34:44.562	0.977	-0.335	0.083	-20.752	-0.183	-11.414	-77.333	-69.318	-128.287	0.00	0.00	0.00	0.00000	0.00000	0.00000	0.00000
WT1(E604078EA627)	3.91	13104	 2021-05-17 20:34:44.590	-0.241	0.004	0.888	13.245	-36.316	-2.502	7.542	11.212	-101.113	0.00	0.00	0.00	0.00000	0.00000	0.00000	0.00000
WT1(E604078EA627)	3.91	13104	 2021-05-17 20:34:44.650	-0.182	-0.030	0.850	-8.911	-45.044	-0.793	7.509	7.053	-101.558	0.00	0.00	0.00	0.00000	0.00000	0.00000	0.00000
WT2(D8:09:BF:40:2B:C3)	3.94	13103	 2021-05-17 20:34:44.657	0.991	-0.331	0.043	-18.433	0.305	-12.268	-78.311	-70.389	-128.513	0.00	0.00	0.00	0.00000	0.00000	0.00000	0.00000
WT1(E604078EA627)	3.91	13104	 2021-05-17 20:34:44.754	-0.046	-0.039	0.917	-29.785	-53.772	1.038	6.910	1.648	-102.431	0.00	0.00	0.00	0.00000	0.00000	0.00000	0.00000
WT2(D8:09:BF:40:2B:C3)	3.94	13103	 2021-05-17 20:34:44.764	0.997	-0.262	0.041	-8.606	-0.122	-13.062	-78.805	-71.565	-129.183	0.00	0.00	0.00	0.00000	0.00000	0.00000	0.00000
WT2(D8:09:BF:40:2B:C3)	3.94	13103	 2021-05-17 20:34:44.888	0.978	-0.317	0.042	-13.550	0.366	-8.850	-79.750	-72.664	-129.792	0.00	0.00	0.00	0.00000	0.00000	0.00000	0.00000
WT1(E604078EA627)	3.91	13104	 2021-05-17 20:34:44.889	0.047	0.059	0.959	-25.330	-62.195	0.366	6.713	-4.257	-103.491	0.00	0.00	0.00	0.00000	0.00000	0.00000	0.00000
WT2(D8:09:BF:40:2B:C3)	3.94	13103	 2021-05-17 20:34:44.962	1.004	-0.257	0.065	-12.573	-0.366	-9.033	-80.233	-73.592	-130.243	0.00	0.00	0.00	0.00000	0.00000	0.00000	0.00000
WT1(E604078EA627)	3.91	13104	 2021-05-17 20:34:44.964	0.246	0.098	0.976	-26.245	-69.275	7.935	5.927	-11.228	-104.398	0.00	0.00	0.00	0.00000	0.00000	0.00000	0.00000
WT2(D8:09:BF:40:2B:C3)	3.94	13103	 2021-05-17 20:34:45.059	0.981	-0.211	0.036	-5.615	-2.991	-10.620	-80.156	-74.592	-130.853	0.00	0.00	0.00	0.00000	0.00000	0.00000	0.00000
WT1(E604078EA627)	3.91	13104	 2021-05-17 20:34:45.061	0.334	0.094	0.932	-29.541	-64.941	-0.916	5.905	-18.369	-105.167	0.00	0.00	0.00	0.00000	0.00000	0.00000	0.00000
WT1(E604078EA627)	3.91	13104	 2021-05-17 20:34:45.160	0.397	0.050	0.860	-9.155	-73.303	-4.578	6.273	-25.648	-106.650	0.00	0.00	0.00	0.00000	0.00000	0.00000	0.00000
WT2(D8:09:BF:40:2B:C3)	3.94	13103	 2021-05-17 20:34:45.167	1.007	-0.265	0.020	0.061	1.770	-5.066	-80.118	-75.196	-131.655	0.00	0.00	0.00	0.00000	0.00000	0.00000	0.00000
WT2(D8:09:BF:40:2B:C3)	3.94	13103	 2021-05-17 20:34:45.258	1.007	-0.206	0.018	-4.089	0.488	-1.526	-79.590	-75.328	-131.726	0.00	0.00	0.00	0.00000	0.00000	0.00000	0.00000
WT1(E604078EA627)	3.91	13104	 2021-05-17 20:34:45.264	0.573	0.070	0.847	16.052	-86.243	-9.460	6.284	-33.712	-108.715	0.00	0.00	0.00	0.00000	0.00000	0.00000	0.00000
WT2(D8:09:BF:40:2B:C3)	3.94	13103	 2021-05-17 20:34:45.367	1.008	-0.259	0.013	-14.709	1.099	-4.639	-79.612	-75.751	-132.039	0.00	0.00	0.00	0.00000	0.00000	0.00000	0.00000
WT1(E604078EA627)	3.91	13104	 2021-05-17 20:34:45.369	0.671	0.117	0.798	11.963	-83.862	-8.545	6.608	-41.578	-110.698	0.00	0.00	0.00	0.00000	0.00000	0.00000	0.00000
WT2(D8:09:BF:40:2B:C3)	3.94	13103	 2021-05-17 20:34:45.457	1.019	-0.280	0.032	-5.188	2.502	-5.676	-79.146	-76.086	-132.534	0.00	0.00	0.00	0.00000	0.00000	0.00000	0.00000
WT1(E604078EA627)	3.91	13104	 2021-05-17 20:34:45.474	0.786	0.101	0.728	16.357	-78.491	0.000	7.108	-49.098	-112.516	0.00	0.00	0.00	0.00000	0.00000	0.00000	0.00000
WT2(D8:09:BF:40:2B:C3)	3.94	13103	 2021-05-17 20:34:45.567	0.997	-0.218	0.020	9.399	-0.305	-4.639	-77.146	-76.399	-133.336	0.00	0.00	0.00	0.00000	0.00000	0.00000	0.00000
WT1(E604078EA627)	3.91	13104	 2021-05-17 20:34:45.569	0.899	0.133	0.570	-3.723	-72.388	4.578	7.504	-56.624	-113.395	0.00	0.00	0.00	0.00000	0.00000	0.00000	0.00000
WT2(D8:09:BF:40:2B:C3)	3.94	13103	 2021-05-17 20:34:45.647	1.012	-0.218	0.066	6.775	-0.793	-3.784	-77.124	-76.904	-133.000	0.00	0.00	0.00	0.00000	0.00000	0.00000	0.00000
WT1(E604078EA627)	3.91	13104	 2021-05-17 20:34:45.684	1.007	0.090	0.456	-9.216	-75.806	5.127	7.344	-64.111	-114.708	0.00	0.00	0.00	0.00000	0.00000	0.00000	0.00000
WT2(D8:09:BF:40:2B:C3)	3.94	13103	 2021-05-17 20:34:45.739	0.998	-0.161	0.080	7.935	1.526	-7.019	-76.097	-77.498	-133.945	0.00	0.00	0.00	0.00000	0.00000	0.00000	0.00000
WT1(E604078EA627)	3.91	13104	 2021-05-17 20:34:45.760	1.048	0.068	0.341	-14.771	-70.068	5.676	8.042	-71.548	-116.494	0.00	0.00	0.00	0.00000	0.00000	0.00000	0.00000
WT2(D8:09:BF:40:2B:C3)	3.94	13103	 2021-05-17 20:34:45.844	1.005	-0.209	0.064	-0.244	-0.916	-8.301	-75.443	-78.492	-135.110	0.00	0.00	0.00	0.00000	0.00000	0.00000	0.00000
WT2(D8:09:BF:40:2B:C3)	3.94	13103	 2021-05-17 20:34:45.939	0.988	-0.189	0.063	-1.038	-1.526	-8.728	-74.537	-79.453	-136.516	0.00	0.00	0.00	0.00000	0.00000	0.00000	0.00000
WT1(E604078EA627)	3.91	13104	 2021-05-17 20:34:45.954	1.055	0.055	0.253	-15.808	-58.289	5.676	10.448	-77.953	-119.619	0.00	0.00	0.00	0.00000	0.00000	0.00000	0.00000
WT1(E604078EA627)	3.91	13104	 2021-05-17 20:34:45.986	1.050	0.050	0.158	-10.254	-50.659	3.906	15.491	-83.112	-125.359	0.00	0.00	0.00	0.00000	0.00000	0.00000	0.00000
WT2(D8:09:BF:40:2B:C3)	3.94	13103	 2021-05-17 20:34:46.048	0.993	-0.169	0.044	2.075	0.305	-5.371	-73.317	-80.068	-137.758	0.00	0.00	0.00	0.00000	0.00000	0.00000	0.00000
WT1(E604078EA627)	3.91	13104	 2021-05-17 20:34:46.093	1.045	0.033	0.074	-1.526	-37.964	2.502	34.091	-87.237	-144.448	0.00	0.00	0.00	0.00000	0.00000	0.00000	0.00000
WT2(D8:09:BF:40:2B:C3)	3.94	13103	 2021-05-17 20:34:46.138	0.985	-0.115	0.053	-4.578	-0.732	-5.615	-72.098	-80.815	-139.224	0.00	0.00	0.00	0.00000	0.00000	0.00000	0.00000
WT1(E604078EA627)	3.91	13104	 2021-05-17 20:34:46.166	1.028	0.002	0.021	2.991	-30.090	-0.061	121.981	-88.401	127.139	0.00	0.00	0.00	0.00000	0.00000	0.00000	0.00000
WT2(D8:09:BF:40:2B:C3)	3.94	13103	 2021-05-17 20:34:46.243	1.026	-0.109	0.057	-3.357	-1.099	-5.859	-71.686	-81.453	-139.988	0.00	0.00	0.00	0.00000	0.00000	0.00000	0.00000
WT1(E604078EA627)	3.91	13104	 2021-05-17 20:34:46.285	1.032	0.027	-0.036	2.563	-22.888	2.502	160.774	-86.490	87.891	0.00	0.00	0.00	0.00000	0.00000	0.00000	0.00000
WT2(D8:09:BF:40:2B:C3)	3.94	13103	 2021-05-17 20:34:46.340	0.989	-0.131	0.050	1.160	-1.038	-3.784	-71.450	-82.101	-140.367	0.00	0.00	0.00	0.00000	0.00000	0.00000	0.00000
WT1(E604078EA627)	3.91	13104	 2021-05-17 20:34:46.375	1.033	0.030	-0.082	-1.099	-25.635	3.418	171.200	-84.293	77.217	0.00	0.00	0.00	0.00000	0.00000	0.00000	0.00000
WT2(D8:09:BF:40:2B:C3)	3.94	13103	 2021-05-17 20:34:46.446	1.015	-0.069	0.042	-0.916	-0.793	-2.380	-71.565	-82.474	-140.070	0.00	0.00	0.00	0.00000	0.00000	0.00000	0.00000
WT1(E604078EA627)	3.91	13104	 2021-05-17 20:34:46.508	1.015	0.037	-0.100	-1.282	-15.503	2.808	175.243	-82.370	73.180	0.00	0.00	0.00	0.00000	0.00000	0.00000	0.00000
WT2(D8:09:BF:40:2B:C3)	3.94	13103	 2021-05-17 20:34:46.539	1.018	-0.098	0.036	-5.371	-0.549	-1.526	-72.048	-82.804	-140.328	0.00	0.00	0.00	0.00000	0.00000	0.00000	0.00000
WT1(E604078EA627)	3.91	13104	 2021-05-17 20:34:46.599	1.021	0.044	-0.124	-4.150	-9.155	2.563	177.177	-81.315	70.955	0.00	0.00	0.00	0.00000	0.00000	0.00000	0.00000
WT2(D8:09:BF:40:2B:C3)	3.94	13103	 2021-05-17 20:34:46.648	1.016	-0.096	0.024	-2.136	-0.549	0.305	-72.949	-82.991	-140.015	0.00	0.00	0.00	0.00000	0.00000	0.00000	0.00000
WT1(E604078EA627)	3.91	13104	 2021-05-17 20:34:46.723	1.010	-0.003	-0.150	1.526	-2.869	1.770	178.857	-80.771	69.060	0.00	0.00	0.00	0.00000	0.00000	0.00000	0.00000
