设备名称	电压	版本	片上时间	加速度X(g)	加速度Y(g)	加速度Z(g)	角速度X(°/s)	角速度Y(°/s)	角速度Z(°/s)	角度X(°)	角度Y(°)	角度Z(°)	磁场X	磁场Y	磁场Z	四元数0	四元数1	四元数2	四元数3	状态
WT1(E604078EA627)	3.89	13104	 2021-05-17 20:41:38.057	1.011	-0.069	-0.101	1.770	-1.038	-0.977	-147.096	-83.007	31.652	0.00	0.00	0.00	0.00000	0.00000	0.00000	0.00000
WT2(D8:09:BF:40:2B:C3)	3.93	13103	 2021-05-17 20:41:38.059	1.001	-0.167	0.034	-0.732	1.770	-0.122	-82.749	-77.910	-134.577	0.00	0.00	0.00	0.00000	0.00000	0.00000	0.00000
WT2(D8:09:BF:40:2B:C3)	3.93	13103	 2021-05-17 20:41:38.118	1.001	-0.159	0.040	-0.305	0.916	0.244	-82.233	-77.970	-134.945	0.00	0.00	0.00	0.00000	0.00000	0.00000	0.00000
WT1(E604078EA627)	3.89	13104	 2021-05-17 20:41:38.124	1.017	-0.061	-0.098	3.052	-0.366	-0.183	-147.876	-82.996	32.574	0.00	0.00	0.00	0.00000	0.00000	0.00000	0.00000
WT2(D8:09:BF:40:2B:C3)	3.93	13103	 2021-05-17 20:41:38.231	0.997	-0.184	0.037	2.319	-0.244	1.587	-82.348	-77.893	-134.714	0.00	0.00	0.00	0.00000	0.00000	0.00000	0.00000
WT1(E604078EA627)	3.89	13104	 2021-05-17 20:41:38.260	1.029	-0.041	-0.097	0.122	1.221	0.122	-148.063	-83.046	32.953	0.00	0.00	0.00	0.00000	0.00000	0.00000	0.00000
WT2(D8:09:BF:40:2B:C3)	3.93	13103	 2021-05-17 20:41:38.321	1.000	-0.204	0.025	3.113	1.648	2.014	-82.057	-77.745	-134.973	0.00	0.00	0.00	0.00000	0.00000	0.00000	0.00000
WT1(E604078EA627)	3.89	13104	 2021-05-17 20:41:38.378	1.026	-0.062	-0.103	-3.357	2.197	-0.671	-148.376	-83.194	33.327	0.00	0.00	0.00	0.00000	0.00000	0.00000	0.00000
WT2(D8:09:BF:40:2B:C3)	3.93	13103	 2021-05-17 20:41:38.430	0.989	-0.151	0.026	1.221	1.709	2.502	-81.205	-77.618	-135.577	0.00	0.00	0.00	0.00000	0.00000	0.00000	0.00000
WT1(E604078EA627)	3.89	13104	 2021-05-17 20:41:38.438	1.006	-0.097	-0.115	-2.075	2.136	0.183	-148.585	-83.265	33.184	0.00	0.00	0.00	0.00000	0.00000	0.00000	0.00000
WT2(D8:09:BF:40:2B:C3)	3.93	13103	 2021-05-17 20:41:38.523	0.989	-0.168	0.040	1.587	0.610	0.916	-80.931	-77.536	-135.692	0.00	0.00	0.00	0.00000	0.00000	0.00000	0.00000
WT1(E604078EA627)	3.89	13104	 2021-05-17 20:41:38.528	1.025	-0.056	-0.098	-4.028	-0.488	0.610	-148.260	-83.326	32.750	0.00	0.00	0.00	0.00000	0.00000	0.00000	0.00000
WT2(D8:09:BF:40:2B:C3)	3.93	13103	 2021-05-17 20:41:38.633	0.984	-0.199	0.048	0.488	1.465	-0.305	-80.508	-77.520	-135.879	0.00	0.00	0.00	0.00000	0.00000	0.00000	0.00000
WT1(E604078EA627)	3.89	13104	 2021-05-17 20:41:38.663	1.028	-0.063	-0.066	-11.658	0.977	3.723	-146.992	-83.436	30.888	0.00	0.00	0.00	0.00000	0.00000	0.00000	0.00000
WT2(D8:09:BF:40:2B:C3)	3.93	13103	 2021-05-17 20:41:38.722	0.988	-0.201	0.042	7.263	-0.366	4.517	-80.244	-77.349	-135.813	0.00	0.00	0.00	0.00000	0.00000	0.00000	0.00000
WT1(E604078EA627)	3.89	13104	 2021-05-17 20:41:38.773	1.019	-0.055	-0.071	3.357	5.005	1.648	-143.514	-83.705	26.938	0.00	0.00	0.00	0.00000	0.00000	0.00000	0.00000
WT2(D8:09:BF:40:2B:C3)	3.93	13103	 2021-05-17 20:41:38.830	0.990	-0.212	0.041	3.052	-1.404	6.653	-80.700	-76.921	-134.918	0.00	0.00	0.00	0.00000	0.00000	0.00000	0.00000
WT1(E604078EA627)	3.89	13104	 2021-05-17 20:41:38.845	1.038	-0.030	-0.084	6.165	5.310	0.610	-138.900	-84.034	22.264	0.00	0.00	0.00	0.00000	0.00000	0.00000	0.00000
WT2(D8:09:BF:40:2B:C3)	3.93	13103	 2021-05-17 20:41:38.922	0.980	-0.228	0.028	0.916	-1.770	6.531	-81.277	-76.366	-133.726	0.00	0.00	0.00	0.00000	0.00000	0.00000	0.00000
WT1(E604078EA627)	3.89	13104	 2021-05-17 20:41:38.934	1.023	-0.057	-0.068	9.827	6.409	-0.183	-133.412	-84.430	17.155	0.00	0.00	0.00	0.00000	0.00000	0.00000	0.00000
WT2(D8:09:BF:40:2B:C3)	3.93	13103	 2021-05-17 20:41:39.029	0.994	-0.210	0.039	3.967	-2.075	8.057	-81.854	-75.767	-132.215	0.00	0.00	0.00	0.00000	0.00000	0.00000	0.00000
WT1(E604078EA627)	3.89	13104	 2021-05-17 20:41:39.069	1.040	-0.040	-0.047	14.648	7.385	-0.671	-127.139	-84.825	11.678	0.00	0.00	0.00	0.00000	0.00000	0.00000	0.00000
WT2(D8:09:BF:40:2B:C3)	3.93	13103	 2021-05-17 20:41:39.122	0.982	-0.228	0.038	5.005	-1.831	9.827	-82.447	-74.998	-130.754	0.00	0.00	0.00	0.00000	0.00000	0.00000	0.00000
WT1(E604078EA627)	3.89	13104	 2021-05-17 20:41:39.158	1.031	-0.038	-0.042	10.071	9.460	-0.366	-118.553	-85.248	3.878	0.00	0.00	0.00	0.00000	0.00000	0.00000	0.00000
WT2(D8:09:BF:40:2B:C3)	3.93	13103	 2021-05-17 20:41:39.228	0.992	-0.261	0.035	7.202	0.732	12.085	-82.271	-74.053	-129.864	0.00	0.00	0.00	0.00000	0.00000	0.00000	0.00000
WT1(E604078EA627)	3.89	13104	 2021-05-17 20:41:39.248	1.032	-0.046	-0.018	0.732	14.343	-0.427	-104.755	-85.814	-9.234	0.00	0.00	0.00	0.00000	0.00000	0.00000	0.00000
WT2(D8:09:BF:40:2B:C3)	3.93	13103	 2021-05-17 20:41:39.323	0.988	-0.306	0.033	7.507	2.014	14.832	-81.804	-72.779	-129.529	0.00	0.00	0.00	0.00000	0.00000	0.00000	0.00000
WT1(E604078EA627)	3.89	13104	 2021-05-17 20:41:39.387	1.023	-0.086	0.012	0.854	15.808	0.854	-85.045	-86.012	-28.608	0.00	0.00	0.00	0.00000	0.00000	0.00000	0.00000
WT2(D8:09:BF:40:2B:C3)	3.93	13103	 2021-05-17 20:41:39.434	0.962	-0.322	0.036	7.324	1.038	16.602	-81.255	-71.318	-129.034	0.00	0.00	0.00	0.00000	0.00000	0.00000	0.00000
WT1(E604078EA627)	3.89	13104	 2021-05-17 20:41:39.473	1.035	-0.070	0.028	7.507	17.029	-0.366	-63.704	-85.666	-49.202	0.00	0.00	0.00	0.00000	0.00000	0.00000	0.00000
WT2(D8:09:BF:40:2B:C3)	3.93	13103	 2021-05-17 20:41:39.515	0.968	-0.207	0.041	-6.653	2.136	16.418	-80.771	-69.824	-128.452	0.00	0.00	0.00	0.00000	0.00000	0.00000	0.00000
WT2(D8:09:BF:40:2B:C3)	3.93	13103	 2021-05-17 20:41:39.603	0.930	-0.335	0.035	11.658	0.305	16.663	-81.200	-68.159	-127.870	0.00	0.00	0.00	0.00000	0.00000	0.00000	0.00000
WT1(E604078EA627)	3.89	13104	 2021-05-17 20:41:39.656	1.042	-0.064	0.042	-1.709	17.151	-0.183	-45.994	-84.781	-66.511	0.00	0.00	0.00	0.00000	0.00000	0.00000	0.00000
WT1(E604078EA627)	3.89	13104	 2021-05-17 20:41:39.659	1.019	-0.081	0.083	-22.400	18.555	3.967	-35.294	-83.414	-77.591	0.00	0.00	0.00	0.00000	0.00000	0.00000	0.00000
WT2(D8:09:BF:40:2B:C3)	3.93	13103	 2021-05-17 20:41:39.697	0.939	-0.434	0.039	1.831	0.916	14.343	-82.090	-66.638	-127.700	0.00	0.00	0.00	0.00000	0.00000	0.00000	0.00000
WT2(D8:09:BF:40:2B:C3)	3.93	13103	 2021-05-17 20:41:39.808	0.926	-0.458	0.040	-5.981	-1.404	15.259	-82.480	-65.226	-126.832	0.00	0.00	0.00	0.00000	0.00000	0.00000	0.00000
WT2(D8:09:BF:40:2B:C3)	3.93	13103	 2021-05-17 20:41:39.898	0.912	-0.494	0.039	-1.404	-2.747	19.958	-83.611	-63.441	-125.442	0.00	0.00	0.00	0.00000	0.00000	0.00000	0.00000
WT1(E604078EA627)	3.89	13104	 2021-05-17 20:41:39.954	1.037	-0.096	0.151	-7.568	18.188	2.747	-27.933	-81.590	-85.243	0.00	0.00	0.00	0.00000	0.00000	0.00000	0.00000
WT2(D8:09:BF:40:2B:C3)	3.93	13103	 2021-05-17 20:41:40.006	0.895	-0.480	0.046	4.456	-1.099	22.827	-84.034	-61.392	-124.178	0.00	0.00	0.00	0.00000	0.00000	0.00000	0.00000
WT1(E604078EA627)	3.89	13104	 2021-05-17 20:41:40.029	1.018	-0.145	0.191	-9.216	20.630	6.836	-26.027	-79.684	-87.709	0.00	0.00	0.00	0.00000	0.00000	0.00000	0.00000
WT1(E604078EA627)	3.89	13104	 2021-05-17 20:41:40.029	1.027	-0.102	0.213	4.944	21.179	4.028	-23.758	-77.789	-89.687	0.00	0.00	0.00	0.00000	0.00000	0.00000	0.00000
WT2(D8:09:BF:40:2B:C3)	3.93	13103	 2021-05-17 20:41:40.102	0.882	-0.555	0.035	6.897	0.793	25.024	-84.337	-59.035	-123.426	0.00	0.00	0.00	0.00000	0.00000	0.00000	0.00000
WT1(E604078EA627)	3.89	13104	 2021-05-17 20:41:40.118	1.020	-0.151	0.257	4.517	24.231	1.099	-20.490	-75.641	-92.681	0.00	0.00	0.00	0.00000	0.00000	0.00000	0.00000
WT2(D8:09:BF:40:2B:C3)	3.93	13103	 2021-05-17 20:41:40.210	0.872	-0.490	0.046	9.399	3.784	26.184	-83.452	-56.624	-122.893	0.00	0.00	0.00	0.00000	0.00000	0.00000	0.00000
WT1(E604078EA627)	3.89	13104	 2021-05-17 20:41:40.275	1.003	-0.090	0.282	21.301	21.606	-3.784	-16.639	-73.515	-95.795	0.00	0.00	0.00	0.00000	0.00000	0.00000	0.00000
WT1(E604078EA627)	3.89	13104	 2021-05-17 20:41:40.279	0.977	-0.125	0.324	26.978	24.780	-3.174	-14.161	-71.120	-98.284	0.00	0.00	0.00	0.00000	0.00000	0.00000	0.00000
WT2(D8:09:BF:40:2B:C3)	3.93	13103	 2021-05-17 20:41:40.307	0.831	-0.646	0.030	17.090	0.488	26.917	-83.765	-54.014	-122.509	0.00	0.00	0.00	0.00000	0.00000	0.00000	0.00000
WT1(E604078EA627)	3.89	13104	 2021-05-17 20:41:40.358	0.953	-0.069	0.367	18.066	28.259	0.732	-11.299	-68.494	-100.091	0.00	0.00	0.00	0.00000	0.00000	0.00000	0.00000
WT2(D8:09:BF:40:2B:C3)	3.93	13103	 2021-05-17 20:41:40.409	0.788	-0.625	0.061	3.113	-0.427	28.259	-83.183	-51.411	-121.542	0.00	0.00	0.00	0.00000	0.00000	0.00000	0.00000
WT1(E604078EA627)	3.89	13104	 2021-05-17 20:41:40.478	0.958	-0.047	0.414	10.925	30.579	1.892	-9.575	-65.720	-100.986	0.00	0.00	0.00	0.00000	0.00000	0.00000	0.00000
WT2(D8:09:BF:40:2B:C3)	3.93	13103	 2021-05-17 20:41:40.502	0.789	-0.613	0.076	4.517	-0.366	28.320	-83.101	-48.752	-120.432	0.00	0.00	0.00	0.00000	0.00000	0.00000	0.00000
WT1(E604078EA627)	3.89	13104	 2021-05-17 20:41:40.586	0.953	-0.031	0.441	6.165	27.832	1.709	-8.514	-62.853	-101.481	0.00	0.00	0.00	0.00000	0.00000	0.00000	0.00000
WT2(D8:09:BF:40:2B:C3)	3.93	13103	 2021-05-17 20:41:40.611	0.768	-0.629	0.086	10.132	-0.610	25.208	-83.161	-46.159	-119.377	0.00	0.00	0.00	0.00000	0.00000	0.00000	0.00000
WT1(E604078EA627)	3.89	13104	 2021-05-17 20:41:40.658	0.908	-0.063	0.502	-1.465	27.832	2.625	-7.531	-60.216	-101.876	0.00	0.00	0.00	0.00000	0.00000	0.00000	0.00000
WT2(D8:09:BF:40:2B:C3)	3.93	13103	 2021-05-17 20:41:40.702	0.715	-0.681	0.097	6.409	0.488	26.794	-83.210	-43.649	-118.455	0.00	0.00	0.00	0.00000	0.00000	0.00000	0.00000
WT1(E604078EA627)	3.89	13104	 2021-05-17 20:41:40.770	0.910	-0.107	0.557	6.714	29.114	0.244	-6.141	-57.590	-102.519	0.00	0.00	0.00	0.00000	0.00000	0.00000	0.00000
WT2(D8:09:BF:40:2B:C3)	3.93	13103	 2021-05-17 20:41:40.815	0.702	-0.746	0.092	0.977	0.549	26.794	-82.974	-41.127	-117.581	0.00	0.00	0.00	0.00000	0.00000	0.00000	0.00000
WT2(D8:09:BF:40:2B:C3)	3.93	13103	 2021-05-17 20:41:40.906	0.644	-0.749	0.104	5.981	0.549	26.978	-82.859	-38.469	-116.790	0.00	0.00	0.00	0.00000	0.00000	0.00000	0.00000
WT1(E604078EA627)	3.89	13104	 2021-05-17 20:41:40.913	0.854	-0.060	0.569	9.583	28.259	0.854	-5.219	-54.794	-102.925	0.00	0.00	0.00	0.00000	0.00000	0.00000	0.00000
WT1(E604078EA627)	3.89	13104	 2021-05-17 20:41:40.973	0.834	-0.077	0.620	9.521	26.855	-0.732	-4.065	-52.180	-103.365	0.00	0.00	0.00	0.00000	0.00000	0.00000	0.00000
WT2(D8:09:BF:40:2B:C3)	3.93	13103	 2021-05-17 20:41:40.998	0.620	-0.777	0.116	4.456	0.977	24.048	-82.535	-35.859	-116.038	0.00	0.00	0.00	0.00000	0.00000	0.00000	0.00000
WT1(E604078EA627)	3.89	13104	 2021-05-17 20:41:41.063	0.788	-0.087	0.644	8.606	27.954	0.427	-3.208	-49.587	-103.672	0.00	0.00	0.00	0.00000	0.00000	0.00000	0.00000
WT2(D8:09:BF:40:2B:C3)	3.93	13103	 2021-05-17 20:41:41.203	0.527	-0.873	0.092	0.183	-0.671	21.851	-82.766	-31.404	-114.516	0.00	0.00	0.00	0.00000	0.00000	0.00000	0.00000
WT1(E604078EA627)	3.89	13104	 2021-05-17 20:41:41.215	0.756	-0.050	0.684	9.155	25.879	3.723	-2.697	-47.142	-103.738	0.00	0.00	0.00	0.00000	0.00000	0.00000	0.00000
WT2(D8:09:BF:40:2B:C3)	3.93	13103	 2021-05-17 20:41:41.275	0.526	-0.886	0.096	6.592	-0.366	25.330	-83.035	-29.141	-113.692	0.00	0.00	0.00	0.00000	0.00000	0.00000	0.00000
WT1(E604078EA627)	3.89	13104	 2021-05-17 20:41:41.288	0.745	0.014	0.723	3.418	23.071	2.197	-2.554	-44.731	-103.546	0.00	0.00	0.00	0.00000	0.00000	0.00000	0.00000
WT2(D8:09:BF:40:2B:C3)	3.93	13103	 2021-05-17 20:41:41.388	0.488	-0.896	0.098	-0.427	0.977	28.564	-82.930	-26.647	-113.077	0.00	0.00	0.00	0.00000	0.00000	0.00000	0.00000
WT1(E604078EA627)	3.89	13104	 2021-05-17 20:41:41.393	0.731	-0.005	0.780	-7.996	20.996	2.686	-2.433	-42.561	-103.557	0.00	0.00	0.00	0.00000	0.00000	0.00000	0.00000
WT1(E604078EA627)	3.89	13104	 2021-05-17 20:41:41.498	0.704	-0.001	0.816	-2.625	30.273	-0.610	-1.785	-39.831	-103.859	0.00	0.00	0.00	0.00000	0.00000	0.00000	0.00000
WT2(D8:09:BF:40:2B:C3)	3.93	13103	 2021-05-17 20:41:41.509	0.454	-0.911	0.117	0.244	3.906	28.442	-82.419	-24.093	-112.643	0.00	0.00	0.00	0.00000	0.00000	0.00000	0.00000
WT2(D8:09:BF:40:2B:C3)	3.93	13103	 2021-05-17 20:41:41.584	0.403	-0.938	0.124	0.183	4.456	31.189	-82.288	-21.242	-112.379	0.00	0.00	0.00	0.00000	0.00000	0.00000	0.00000
WT1(E604078EA627)	3.89	13104	 2021-05-17 20:41:41.588	0.629	-0.001	0.826	9.399	30.945	-3.601	-1.181	-36.832	-104.337	0.00	0.00	0.00	0.00000	0.00000	0.00000	0.00000
WT2(D8:09:BF:40:2B:C3)	3.93	13103	 2021-05-17 20:41:41.686	0.370	-0.928	0.123	-0.061	3.540	33.691	-81.909	-18.243	-112.088	0.00	0.00	0.00	0.00000	0.00000	0.00000	0.00000
WT1(E604078EA627)	3.89	13104	 2021-05-17 20:41:41.693	0.596	-0.001	0.835	3.052	33.508	-1.709	-0.406	-33.909	-104.815	0.00	0.00	0.00	0.00000	0.00000	0.00000	0.00000
WT1(E604078EA627)	3.89	13104	 2021-05-17 20:41:41.788	0.540	-0.036	0.864	-7.751	34.851	0.366	-0.011	-30.542	-105.106	0.00	0.00	0.00	0.00000	0.00000	0.00000	0.00000
WT2(D8:09:BF:40:2B:C3)	3.93	13103	 2021-05-17 20:41:41.850	0.309	-0.913	0.140	7.263	5.066	30.151	-81.332	-15.331	-111.808	0.00	0.00	0.00	0.00000	0.00000	0.00000	0.00000
WT1(E604078EA627)	3.89	13104	 2021-05-17 20:41:41.873	0.492	-0.027	0.896	-3.479	27.893	-0.244	0.264	-27.356	-105.364	0.00	0.00	0.00	0.00000	0.00000	0.00000	0.00000
WT2(D8:09:BF:40:2B:C3)	3.93	13103	 2021-05-17 20:41:41.928	0.249	-0.942	0.152	13.733	5.127	30.273	-81.112	-12.530	-111.489	0.00	0.00	0.00	0.00000	0.00000	0.00000	0.00000
WT1(E604078EA627)	3.89	13104	 2021-05-17 20:41:41.993	0.422	-0.059	0.939	6.348	30.945	0.549	0.368	-24.681	-105.359	0.00	0.00	0.00	0.00000	0.00000	0.00000	0.00000
WT1(E604078EA627)	3.89	13104	 2021-05-17 20:41:42.088	0.348	0.029	0.958	22.095	32.043	-0.916	1.824	-21.248	-105.507	0.00	0.00	0.00	0.00000	0.00000	0.00000	0.00000
WT2(D8:09:BF:40:2B:C3)	3.93	13103	 2021-05-17 20:41:42.131	0.129	-0.899	0.165	-25.574	2.319	25.391	-79.931	-6.696	-110.599	0.00	0.00	0.00	0.00000	0.00000	0.00000	0.00000
WT1(E604078EA627)	3.89	13104	 2021-05-17 20:41:42.190	0.325	0.059	0.967	11.047	28.381	-2.380	2.631	-18.193	-105.491	0.00	0.00	0.00	0.00000	0.00000	0.00000	0.00000
WT2(D8:09:BF:40:2B:C3)	3.93	13103	 2021-05-17 20:41:42.207	0.076	-0.974	0.190	1.770	4.517	31.982	-79.211	-3.131	-109.951	0.00	0.00	0.00	0.00000	0.00000	0.00000	0.00000
WT1(E604078EA627)	3.89	13104	 2021-05-17 20:41:42.278	0.281	0.058	0.988	1.770	38.086	-3.967	3.576	-14.875	-105.661	0.00	0.00	0.00	0.00000	0.00000	0.00000	0.00000
WT2(D8:09:BF:40:2B:C3)	3.93	13103	 2021-05-17 20:41:42.334	0.034	-0.944	0.207	13.672	7.690	30.823	-77.910	-0.121	-109.655	0.00	0.00	0.00	0.00000	0.00000	0.00000	0.00000
WT1(E604078EA627)	3.89	13104	 2021-05-17 20:41:42.383	0.219	0.057	1.000	0.488	30.823	-4.028	4.631	-11.266	-105.991	0.00	0.00	0.00	0.00000	0.00000	0.00000	0.00000
WT2(D8:09:BF:40:2B:C3)	3.93	13103	 2021-05-17 20:41:42.393	-0.015	-0.969	0.239	11.292	8.484	30.457	-76.317	2.791	-109.506	0.00	0.00	0.00	0.00000	0.00000	0.00000	0.00000
WT2(D8:09:BF:40:2B:C3)	3.93	13103	 2021-05-17 20:41:42.501	-0.052	-0.999	0.244	10.742	9.399	37.354	-75.185	6.048	-109.358	0.00	0.00	0.00	0.00000	0.00000	0.00000	0.00000
WT1(E604078EA627)	3.89	13104	 2021-05-17 20:41:42.505	0.154	0.115	1.038	10.010	36.133	-5.432	4.993	-8.124	-106.254	0.00	0.00	0.00	0.00000	0.00000	0.00000	0.00000
WT2(D8:09:BF:40:2B:C3)	3.93	13103	 2021-05-17 20:41:42.579	-0.127	-0.982	0.262	-6.165	13.245	36.133	-74.740	9.767	-109.413	0.00	0.00	0.00	0.00000	0.00000	0.00000	0.00000
WT1(E604078EA627)	3.89	13104	 2021-05-17 20:41:42.655	0.070	0.124	1.013	13.306	47.974	-10.010	4.889	-3.944	-106.337	0.00	0.00	0.00	0.00000	0.00000	0.00000	0.00000
WT1(E604078EA627)	3.89	13104	 2021-05-17 20:41:42.728	0.018	0.136	0.979	-6.897	43.335	-5.920	4.977	0.489	-106.782	0.00	0.00	0.00	0.00000	0.00000	0.00000	0.00000
WT2(D8:09:BF:40:2B:C3)	3.93	13103	 2021-05-17 20:41:42.749	-0.172	-0.937	0.269	4.272	14.832	34.546	-73.806	13.376	-109.660	0.00	0.00	0.00	0.00000	0.00000	0.00000	0.00000
WT2(D8:09:BF:40:2B:C3)	3.93	13103	 2021-05-17 20:41:42.764	-0.264	-0.945	0.266	13.000	14.221	32.715	-73.696	17.018	-109.913	0.00	0.00	0.00	0.00000	0.00000	0.00000	0.00000
WT1(E604078EA627)	3.89	13104	 2021-05-17 20:41:42.803	-0.062	0.147	0.985	-3.052	45.044	-6.897	4.949	4.790	-107.111	0.00	0.00	0.00	0.00000	0.00000	0.00000	0.00000
WT1(E604078EA627)	3.89	13104	 2021-05-17 20:41:42.939	-0.104	0.131	1.010	-23.071	40.344	-2.686	4.867	8.663	-107.397	0.00	0.00	0.00	0.00000	0.00000	0.00000	0.00000
WT2(D8:09:BF:40:2B:C3)	3.93	13103	 2021-05-17 20:41:42.988	-0.298	-1.011	0.258	12.085	11.780	34.241	-73.405	20.468	-110.001	0.00	0.00	0.00	0.00000	0.00000	0.00000	0.00000
WT2(D8:09:BF:40:2B:C3)	3.93	13103	 2021-05-17 20:41:42.997	-0.385	-0.931	0.262	13.916	15.686	39.551	-72.982	24.335	-110.083	0.00	0.00	0.00	0.00000	0.00000	0.00000	0.00000
WT2(D8:09:BF:40:2B:C3)	3.93	13103	 2021-05-17 20:41:43.058	-0.451	-0.895	0.258	20.935	18.250	42.786	-72.708	28.641	-110.193	0.00	0.00	0.00	0.00000	0.00000	0.00000	0.00000
WT1(E604078EA627)	3.89	13104	 2021-05-17 20:41:43.089	-0.170	0.027	1.019	-17.883	49.805	-3.967	4.499	12.964	-107.501	0.00	0.00	0.00	0.00000	0.00000	0.00000	0.00000
WT1(E604078EA627)	3.89	13104	 2021-05-17 20:41:43.091	-0.277	0.048	0.955	3.174	56.091	-6.104	5.114	18.276	-107.682	0.00	0.00	0.00	0.00000	0.00000	0.00000	0.00000
WT2(D8:09:BF:40:2B:C3)	3.93	13103	 2021-05-17 20:41:43.183	-0.517	-0.805	0.266	16.418	21.057	50.232	-72.021	33.404	-110.413	0.00	0.00	0.00	0.00000	0.00000	0.00000	0.00000
WT1(E604078EA627)	3.89	13104	 2021-05-17 20:41:43.284	-0.377	0.063	0.915	-1.709	56.763	-7.202	5.120	23.643	-107.650	0.00	0.00	0.00	0.00000	0.00000	0.00000	0.00000
WT2(D8:09:BF:40:2B:C3)	3.93	13103	 2021-05-17 20:41:43.307	-0.577	-0.600	0.248	12.085	26.306	47.302	-71.977	38.771	-111.033	0.00	0.00	0.00	0.00000	0.00000	0.00000	0.00000
WT1(E604078EA627)	3.89	13104	 2021-05-17 20:41:43.358	-0.473	0.040	0.845	3.845	62.561	-10.559	5.131	29.663	-108.138	0.00	0.00	0.00	0.00000	0.00000	0.00000	0.00000
WT2(D8:09:BF:40:2B:C3)	3.93	13103	 2021-05-17 20:41:43.385	-0.641	-0.656	0.209	4.089	23.376	45.044	-73.087	44.055	-112.110	0.00	0.00	0.00	0.00000	0.00000	0.00000	0.00000
WT2(D8:09:BF:40:2B:C3)	3.93	13103	 2021-05-17 20:41:43.466	-0.725	-0.425	0.146	-30.701	21.362	39.734	-73.652	49.076	-113.423	0.00	0.00	0.00	0.00000	0.00000	0.00000	0.00000
WT1(E604078EA627)	3.89	13104	 2021-05-17 20:41:43.537	-0.573	0.119	0.770	10.071	53.162	-12.390	4.570	35.695	-108.885	0.00	0.00	0.00	0.00000	0.00000	0.00000	0.00000
WT1(E604078EA627)	3.89	13104	 2021-05-17 20:41:43.539	-0.604	0.263	0.632	23.010	56.824	-7.813	3.658	41.852	-109.627	0.00	0.00	0.00	0.00000	0.00000	0.00000	0.00000
WT2(D8:09:BF:40:2B:C3)	3.93	13103	 2021-05-17 20:41:43.570	-0.722	-0.503	0.114	-40.039	7.935	38.940	-73.647	53.674	-114.571	0.00	0.00	0.00	0.00000	0.00000	0.00000	0.00000
WT2(D8:09:BF:40:2B:C3)	3.93	13103	 2021-05-17 20:41:43.663	-0.752	-0.326	0.091	-36.133	2.808	30.640	-74.355	57.744	-115.400	0.00	0.00	0.00	0.00000	0.00000	0.00000	0.00000
WT1(E604078EA627)	3.89	13104	 2021-05-17 20:41:43.673	-0.675	0.255	0.473	-52.979	48.218	3.479	4.323	47.758	-108.885	0.00	0.00	0.00	0.00000	0.00000	0.00000	0.00000
WT2(D8:09:BF:40:2B:C3)	3.93	13103	 2021-05-17 20:41:43.803	-0.791	-0.649	0.138	-51.819	1.282	27.771	-74.394	60.776	-115.400	0.00	0.00	0.00	0.00000	0.00000	0.00000	0.00000
WT1(E604078EA627)	3.89	13104	 2021-05-17 20:41:43.853	-0.743	0.026	0.463	-68.542	26.794	5.066	4.713	51.641	-107.770	0.00	0.00	0.00	0.00000	0.00000	0.00000	0.00000
WT2(D8:09:BF:40:2B:C3)	3.93	13103	 2021-05-17 20:41:43.865	-0.863	-0.828	0.119	-1.953	5.310	20.874	-74.416	63.325	-115.834	0.00	0.00	0.00	0.00000	0.00000	0.00000	0.00000
WT2(D8:09:BF:40:2B:C3)	3.93	13103	 2021-05-17 20:41:43.989	-0.953	-0.651	0.149	45.715	17.456	15.381	-73.927	65.479	-116.774	0.00	0.00	0.00	0.00000	0.00000	0.00000	0.00000
WT1(E604078EA627)	3.89	13104	 2021-05-17 20:41:44.063	-0.790	-0.221	0.543	-29.175	24.414	-0.244	4.592	53.674	-107.446	0.00	0.00	0.00	0.00000	0.00000	0.00000	0.00000
WT1(E604078EA627)	3.89	13104	 2021-05-17 20:41:44.078	-0.847	-0.239	0.517	39.673	26.672	-4.211	5.433	56.503	-107.287	0.00	0.00	0.00	0.00000	0.00000	0.00000	0.00000
WT1(E604078EA627)	3.89	13104	 2021-05-17 20:41:44.093	-0.807	0.274	0.488	31.616	11.414	-8.850	6.790	58.727	-107.216	0.00	0.00	0.00	0.00000	0.00000	0.00000	0.00000
WT2(D8:09:BF:40:2B:C3)	3.93	13103	 2021-05-17 20:41:44.144	-0.897	-0.166	0.125	0.793	14.771	16.418	-74.064	67.544	-118.427	0.00	0.00	0.00	0.00000	0.00000	0.00000	0.00000
WT1(E604078EA627)	3.89	13104	 2021-05-17 20:41:44.152	-0.839	0.304	0.459	11.414	28.015	-5.493	6.378	60.381	-108.023	0.00	0.00	0.00	0.00000	0.00000	0.00000	0.00000
WT2(D8:09:BF:40:2B:C3)	3.93	13103	 2021-05-17 20:41:44.159	-0.826	-0.078	0.090	-29.968	4.761	18.555	-74.388	69.472	-120.059	0.00	0.00	0.00	0.00000	0.00000	0.00000	0.00000
WT1(E604078EA627)	3.89	13104	 2021-05-17 20:41:44.244	-0.850	0.219	0.396	-39.978	19.409	-6.897	5.350	62.726	-108.226	0.00	0.00	0.00	0.00000	0.00000	0.00000	0.00000
WT2(D8:09:BF:40:2B:C3)	3.93	13103	 2021-05-17 20:41:44.285	-0.833	-0.281	0.083	-44.983	10.376	21.179	-76.404	71.411	-122.745	0.00	0.00	0.00	0.00000	0.00000	0.00000	0.00000
WT2(D8:09:BF:40:2B:C3)	3.93	13103	 2021-05-17 20:41:44.360	-0.907	-0.456	0.072	-9.827	12.512	16.479	-79.343	73.400	-125.673	0.00	0.00	0.00	0.00000	0.00000	0.00000	0.00000
WT2(D8:09:BF:40:2B:C3)	3.93	13103	 2021-05-17 20:41:44.608	-0.989	-0.519	0.043	16.296	13.916	12.939	-81.469	75.146	-128.826	0.00	0.00	0.00	0.00000	0.00000	0.00000	0.00000
WT2(D8:09:BF:40:2B:C3)	3.93	13103	 2021-05-17 20:41:44.612	-1.033	-0.297	0.013	27.466	7.751	11.658	-83.150	76.613	-131.957	0.00	0.00	0.00	0.00000	0.00000	0.00000	0.00000
WT2(D8:09:BF:40:2B:C3)	3.93	13103	 2021-05-17 20:41:44.670	-0.978	-0.259	-0.017	7.141	-1.343	6.897	-83.798	77.591	-133.682	0.00	0.00	0.00	0.00000	0.00000	0.00000	0.00000
WT1(E604078EA627)	3.89	13104	 2021-05-17 20:41:44.754	-0.813	-0.136	0.371	-36.133	26.672	-4.028	2.411	64.649	-109.830	0.00	0.00	0.00	0.00000	0.00000	0.00000	0.00000
WT2(D8:09:BF:40:2B:C3)	3.93	13103	 2021-05-17 20:41:44.792	-0.986	-0.290	0.030	4.333	-2.563	-7.568	-83.150	77.723	-133.682	0.00	0.00	0.00	0.00000	0.00000	0.00000	0.00000
WT2(D8:09:BF:40:2B:C3)	3.93	13103	 2021-05-17 20:41:44.839	-0.929	-0.305	0.017	-14.648	-8.545	-13.794	-81.771	76.674	-131.759	0.00	0.00	0.00	0.00000	0.00000	0.00000	0.00000
WT2(D8:09:BF:40:2B:C3)	3.93	13103	 2021-05-17 20:41:44.969	-0.947	-0.507	0.026	-27.954	-13.428	-15.564	-80.101	74.877	-128.870	0.00	0.00	0.00	0.00000	0.00000	0.00000	0.00000
WT1(E604078EA627)	3.89	13104	 2021-05-17 20:41:45.024	-0.874	-0.162	0.307	-7.935	19.348	-3.418	2.049	67.000	-110.830	0.00	0.00	0.00	0.00000	0.00000	0.00000	0.00000
WT1(E604078EA627)	3.89	13104	 2021-05-17 20:41:45.031	-0.907	-0.088	0.278	23.743	15.137	-3.662	2.285	69.049	-111.830	0.00	0.00	0.00	0.00000	0.00000	0.00000	0.00000
WT1(E604078EA627)	3.89	13104	 2021-05-17 20:41:45.031	-0.953	-0.015	0.231	6.104	14.160	1.892	3.159	70.763	-111.984	0.00	0.00	0.00	0.00000	0.00000	0.00000	0.00000
WT1(E604078EA627)	3.89	13104	 2021-05-17 20:41:45.031	-0.904	-0.001	0.153	-4.700	7.629	1.221	4.334	71.647	-111.077	0.00	0.00	0.00	0.00000	0.00000	0.00000	0.00000
WT1(E604078EA627)	3.89	13104	 2021-05-17 20:41:45.031	-0.919	-0.060	0.172	-8.484	-20.386	1.648	4.191	71.115	-111.011	0.00	0.00	0.00	0.00000	0.00000	0.00000	0.00000
WT1(E604078EA627)	3.89	13104	 2021-05-17 20:41:45.031	-0.889	-0.165	0.331	-14.282	-23.376	4.089	3.444	68.796	-111.418	0.00	0.00	0.00	0.00000	0.00000	0.00000	0.00000
WT2(D8:09:BF:40:2B:C3)	3.93	13103	 2021-05-17 20:41:45.040	-0.925	-0.564	0.040	-60.059	-15.015	-15.564	-77.772	73.043	-125.359	0.00	0.00	0.00	0.00000	0.00000	0.00000	0.00000
WT1(E604078EA627)	3.89	13104	 2021-05-17 20:41:45.040	-0.887	-0.207	0.411	-32.288	-12.817	10.254	3.818	66.429	-110.715	0.00	0.00	0.00	0.00000	0.00000	0.00000	0.00000
WT1(E604078EA627)	3.89	13104	 2021-05-17 20:41:45.143	-0.860	-0.130	0.402	-0.793	-19.897	12.756	4.960	64.506	-109.144	0.00	0.00	0.00	0.00000	0.00000	0.00000	0.00000
WT2(D8:09:BF:40:2B:C3)	3.93	13103	 2021-05-17 20:41:45.149	-0.939	-0.688	0.032	-35.645	-16.479	-13.611	-74.784	71.115	-121.696	0.00	0.00	0.00	0.00000	0.00000	0.00000	0.00000
WT2(D8:09:BF:40:2B:C3)	3.93	13103	 2021-05-17 20:41:45.288	-0.929	-0.559	0.061	-13.000	-19.958	-17.151	-71.620	69.126	-118.103	0.00	0.00	0.00	0.00000	0.00000	0.00000	0.00000
WT2(D8:09:BF:40:2B:C3)	3.93	13103	 2021-05-17 20:41:45.349	-0.886	-0.550	0.108	-9.399	-23.499	-26.611	-69.873	66.264	-114.593	0.00	0.00	0.00	0.00000	0.00000	0.00000	0.00000
WT1(E604078EA627)	3.89	13104	 2021-05-17 20:41:45.444	-0.854	0.083	0.415	-3.662	-20.325	11.658	6.855	62.617	-107.051	0.00	0.00	0.00	0.00000	0.00000	0.00000	0.00000
WT1(E604078EA627)	3.89	13104	 2021-05-17 20:41:45.445	-0.815	0.108	0.403	0.366	-36.438	13.855	7.476	60.024	-105.035	0.00	0.00	0.00	0.00000	0.00000	0.00000	0.00000
WT1(E604078EA627)	3.89	13104	 2021-05-17 20:41:45.502	-0.762	0.182	0.522	-28.320	-44.556	13.062	8.212	55.931	-103.167	0.00	0.00	0.00	0.00000	0.00000	0.00000	0.00000
WT2(D8:09:BF:40:2B:C3)	3.93	13103	 2021-05-17 20:41:45.586	-0.822	-0.460	0.190	10.254	-22.339	-36.255	-68.165	58.206	-109.633	0.00	0.00	0.00	0.00000	0.00000	0.00000	0.00000
WT1(E604078EA627)	3.89	13104	 2021-05-17 20:41:45.638	-0.696	0.130	0.611	-14.221	-44.922	11.169	7.537	51.042	-102.222	0.00	0.00	0.00	0.00000	0.00000	0.00000	0.00000
WT2(D8:09:BF:40:2B:C3)	3.93	13103	 2021-05-17 20:41:45.644	-0.765	-0.425	0.234	-2.258	-19.470	-36.438	-67.599	53.915	-108.193	0.00	0.00	0.00	0.00000	0.00000	0.00000	0.00000
WT1(E604078EA627)	3.89	13104	 2021-05-17 20:41:45.729	-0.647	0.029	0.715	-23.987	-37.109	10.864	7.586	46.373	-101.354	0.00	0.00	0.00	0.00000	0.00000	0.00000	0.00000
WT1(E604078EA627)	3.89	13104	 2021-05-17 20:41:45.742	-0.585	0.068	0.787	-3.906	-36.011	7.874	7.141	42.072	-101.080	0.00	0.00	0.00	0.00000	0.00000	0.00000	0.00000
WT2(D8:09:BF:40:2B:C3)	3.93	13103	 2021-05-17 20:41:45.770	-0.699	-0.524	0.259	-16.418	-20.874	-30.396	-67.725	50.054	-107.177	0.00	0.00	0.00	0.00000	0.00000	0.00000	0.00000
WT2(D8:09:BF:40:2B:C3)	3.93	13103	 2021-05-17 20:41:45.860	-0.707	-0.704	0.274	-17.639	-15.076	-25.391	-68.055	46.626	-106.447	0.00	0.00	0.00	0.00000	0.00000	0.00000	0.00000
WT1(E604078EA627)	3.89	13104	 2021-05-17 20:41:45.909	-0.604	0.085	0.825	13.428	-33.630	4.944	7.361	38.507	-100.876	0.00	0.00	0.00	0.00000	0.00000	0.00000	0.00000
WT2(D8:09:BF:40:2B:C3)	3.93	13103	 2021-05-17 20:41:45.967	-0.652	-0.858	0.242	-17.395	-12.146	-22.339	-68.873	43.715	-106.018	0.00	0.00	0.00	0.00000	0.00000	0.00000	0.00000
WT2(D8:09:BF:40:2B:C3)	3.93	13103	 2021-05-17 20:41:46.091	-0.620	-0.736	0.262	-7.568	-9.888	-20.935	-68.681	41.067	-105.870	0.00	0.00	0.00	0.00000	0.00000	0.00000	0.00000
WT2(D8:09:BF:40:2B:C3)	3.93	13103	 2021-05-17 20:41:46.277	-0.554	-0.733	0.278	-4.272	-9.460	-18.005	-68.994	36.777	-105.535	0.00	0.00	0.00	0.00000	0.00000	0.00000	0.00000
WT1(E604078EA627)	3.89	13104	 2021-05-17 20:41:46.313	-0.509	0.157	0.850	11.414	-29.602	1.831	6.971	35.250	-100.871	0.00	0.00	0.00	0.00000	0.00000	0.00000	0.00000
WT2(D8:09:BF:40:2B:C3)	3.93	13103	 2021-05-17 20:41:46.370	-0.533	-0.765	0.286	-14.954	-9.583	-18.921	-69.142	34.689	-105.348	0.00	0.00	0.00	0.00000	0.00000	0.00000	0.00000
WT2(D8:09:BF:40:2B:C3)	3.93	13103	 2021-05-17 20:41:46.432	-0.507	-0.820	0.303	-2.441	-10.071	-20.386	-69.340	32.355	-105.233	0.00	0.00	0.00	0.00000	0.00000	0.00000	0.00000
WT1(E604078EA627)	3.89	13104	 2021-05-17 20:41:46.433	-0.506	0.140	0.883	2.686	-25.208	1.404	7.493	32.531	-101.025	0.00	0.00	0.00	0.00000	0.00000	0.00000	0.00000
WT1(E604078EA627)	3.89	13104	 2021-05-17 20:41:46.448	-0.459	0.091	0.874	3.235	-19.409	2.869	7.251	30.070	-101.228	0.00	0.00	0.00	0.00000	0.00000	0.00000	0.00000
WT2(D8:09:BF:40:2B:C3)	3.93	13103	 2021-05-17 20:41:46.530	-0.484	-0.963	0.306	0.000	-8.545	-21.301	-70.719	29.718	-105.255	0.00	0.00	0.00	0.00000	0.00000	0.00000	0.00000
WT1(E604078EA627)	3.89	13104	 2021-05-17 20:41:46.540	-0.461	0.087	0.872	9.155	-18.311	3.784	7.570	28.202	-101.288	0.00	0.00	0.00	0.00000	0.00000	0.00000	0.00000
WT1(E604078EA627)	3.89	13104	 2021-05-17 20:41:46.542	-0.409	0.141	0.846	5.432	-25.452	3.845	7.542	26.071	-101.234	0.00	0.00	0.00	0.00000	0.00000	0.00000	0.00000
WT1(E604078EA627)	3.89	13104	 2021-05-17 20:41:46.542	-0.336	0.279	0.875	-10.925	-22.278	3.662	7.756	23.461	-101.113	0.00	0.00	0.00	0.00000	0.00000	0.00000	0.00000
WT1(E604078EA627)	3.89	13104	 2021-05-17 20:41:46.542	-0.317	0.172	0.907	-14.221	-27.344	1.892	7.267	20.781	-101.234	0.00	0.00	0.00	0.00000	0.00000	0.00000	0.00000
WT2(D8:09:BF:40:2B:C3)	3.93	13103	 2021-05-17 20:41:46.631	-0.398	-0.796	0.337	4.456	0.427	-22.827	-70.422	27.219	-105.375	0.00	0.00	0.00	0.00000	0.00000	0.00000	0.00000
WT1(E604078EA627)	3.89	13104	 2021-05-17 20:41:46.688	-0.334	-0.021	0.933	-22.949	-26.611	3.113	6.295	17.979	-101.514	0.00	0.00	0.00	0.00000	0.00000	0.00000	0.00000
WT2(D8:09:BF:40:2B:C3)	3.93	13103	 2021-05-17 20:41:46.728	-0.350	-0.739	0.316	0.549	-4.089	-28.809	-71.191	24.895	-105.645	0.00	0.00	0.00	0.00000	0.00000	0.00000	0.00000
WT1(E604078EA627)	3.89	13104	 2021-05-17 20:41:46.763	-0.245	0.074	0.992	9.155	-24.780	-0.183	6.449	14.447	-102.299	0.00	0.00	0.00	0.00000	0.00000	0.00000	0.00000
WT2(D8:09:BF:40:2B:C3)	3.93	13103	 2021-05-17 20:41:46.817	-0.350	-0.913	0.309	-10.559	-4.150	-22.644	-71.906	22.313	-106.095	0.00	0.00	0.00	0.00000	0.00000	0.00000	0.00000
WT1(E604078EA627)	3.89	13104	 2021-05-17 20:41:46.868	-0.169	0.154	0.942	-3.052	-27.222	-2.014	6.718	12.014	-102.865	0.00	0.00	0.00	0.00000	0.00000	0.00000	0.00000
WT1(E604078EA627)	3.89	13104	 2021-05-17 20:41:47.024	-0.107	0.130	0.935	-20.935	-30.518	-2.136	6.817	8.789	-103.612	0.00	0.00	0.00	0.00000	0.00000	0.00000	0.00000
WT2(D8:09:BF:40:2B:C3)	3.93	13103	 2021-05-17 20:41:47.064	-0.266	-0.930	0.266	4.639	-1.892	-29.602	-73.026	16.804	-106.864	0.00	0.00	0.00	0.00000	0.00000	0.00000	0.00000
WT2(D8:09:BF:40:2B:C3)	3.93	13103	 2021-05-17 20:41:47.128	-0.185	-0.857	0.281	1.404	-3.967	-35.278	-73.109	13.541	-107.342	0.00	0.00	0.00	0.00000	0.00000	0.00000	0.00000
WT1(E604078EA627)	3.89	13104	 2021-05-17 20:41:47.168	-0.070	0.073	0.936	-4.944	-36.133	-3.784	6.422	5.378	-104.513	0.00	0.00	0.00	0.00000	0.00000	0.00000	0.00000
WT1(E604078EA627)	3.89	13104	 2021-05-17 20:41:47.174	-0.030	0.050	0.995	-2.869	-39.673	-0.183	6.262	1.412	-105.463	0.00	0.00	0.00	0.00000	0.00000	0.00000	0.00000
WT1(E604078EA627)	3.89	13104	 2021-05-17 20:41:47.259	0.096	0.102	0.975	11.841	-42.419	-1.526	6.180	-2.972	-106.287	0.00	0.00	0.00	0.00000	0.00000	0.00000	0.00000
WT2(D8:09:BF:40:2B:C3)	3.93	13103	 2021-05-17 20:41:47.332	-0.085	-0.922	0.291	5.737	-3.296	-37.659	-73.965	6.400	-108.051	0.00	0.00	0.00	0.00000	0.00000	0.00000	0.00000
WT1(E604078EA627)	3.89	13104	 2021-05-17 20:41:47.393	0.165	0.072	0.990	1.160	-44.739	0.122	6.449	-7.278	-107.100	0.00	0.00	0.00	0.00000	0.00000	0.00000	0.00000
WT2(D8:09:BF:40:2B:C3)	3.93	13103	 2021-05-17 20:41:47.447	-0.046	-0.943	0.268	-1.343	-5.493	-35.828	-74.581	2.851	-108.232	0.00	0.00	0.00	0.00000	0.00000	0.00000	0.00000
WT1(E604078EA627)	3.89	13104	 2021-05-17 20:41:47.483	0.231	0.126	0.970	6.104	-38.330	3.357	6.317	-11.684	-107.770	0.00	0.00	0.00	0.00000	0.00000	0.00000	0.00000
WT2(D8:09:BF:40:2B:C3)	3.93	13103	 2021-05-17 20:41:47.561	0.037	-0.986	0.254	0.610	-9.827	-32.043	-74.949	-0.709	-108.204	0.00	0.00	0.00	0.00000	0.00000	0.00000	0.00000
WT1(E604078EA627)	3.89	13104	 2021-05-17 20:41:47.573	0.286	0.118	0.951	1.831	-41.870	5.066	6.328	-15.771	-108.105	0.00	0.00	0.00	0.00000	0.00000	0.00000	0.00000
WT1(E604078EA627)	3.89	13104	 2021-05-17 20:41:47.652	0.429	0.125	0.916	-16.602	-50.049	4.089	6.268	-20.347	-108.298	0.00	0.00	0.00	0.00000	0.00000	0.00000	0.00000
WT2(D8:09:BF:40:2B:C3)	3.93	13103	 2021-05-17 20:41:47.652	0.134	-0.909	0.257	-1.526	-11.353	-37.964	-75.300	-4.422	-108.056	0.00	0.00	0.00	0.00000	0.00000	0.00000	0.00000
WT1(E604078EA627)	3.89	13104	 2021-05-17 20:41:47.798	0.431	0.114	0.917	-15.747	-47.363	8.423	5.581	-25.373	-108.534	0.00	0.00	0.00	0.00000	0.00000	0.00000	0.00000
WT2(D8:09:BF:40:2B:C3)	3.93	13103	 2021-05-17 20:41:47.807	0.155	-0.884	0.253	-15.869	-7.751	-39.917	-75.421	-8.223	-107.847	0.00	0.00	0.00	0.00000	0.00000	0.00000	0.00000
WT2(D8:09:BF:40:2B:C3)	3.93	13103	 2021-05-17 20:41:47.818	0.185	-0.991	0.224	-13.550	-13.184	-32.043	-76.025	-11.909	-107.567	0.00	0.00	0.00	0.00000	0.00000	0.00000	0.00000
WT1(E604078EA627)	3.89	13104	 2021-05-17 20:41:47.873	0.564	0.054	0.841	-11.047	-38.818	10.437	4.878	-30.141	-108.474	0.00	0.00	0.00	0.00000	0.00000	0.00000	0.00000
WT2(D8:09:BF:40:2B:C3)	3.93	13103	 2021-05-17 20:41:47.934	0.301	-1.066	0.235	4.578	-8.850	-37.659	-76.641	-15.546	-107.369	0.00	0.00	0.00	0.00000	0.00000	0.00000	0.00000
WT1(E604078EA627)	3.89	13104	 2021-05-17 20:41:47.963	0.579	0.059	0.840	-5.981	-42.786	2.930	4.636	-34.365	-108.517	0.00	0.00	0.00	0.00000	0.00000	0.00000	0.00000
WT1(E604078EA627)	3.89	13104	 2021-05-17 20:41:48.101	0.666	0.024	0.777	0.977	-44.861	-0.732	4.675	-39.106	-109.111	0.00	0.00	0.00	0.00000	0.00000	0.00000	0.00000
WT2(D8:09:BF:40:2B:C3)	3.93	13103	 2021-05-17 20:41:48.132	0.432	-0.851	0.216	5.371	-4.578	-38.757	-76.838	-23.577	-107.941	0.00	0.00	0.00	0.00000	0.00000	0.00000	0.00000
WT1(E604078EA627)	3.89	13104	 2021-05-17 20:41:48.158	0.753	-0.048	0.716	1.221	-45.044	1.526	4.686	-43.456	-109.759	0.00	0.00	0.00	0.00000	0.00000	0.00000	0.00000
WT2(D8:09:BF:40:2B:C3)	3.93	13103	 2021-05-17 20:41:48.224	0.469	-0.743	0.218	-8.545	-4.456	-46.570	-76.251	-28.043	-108.270	0.00	0.00	0.00	0.00000	0.00000	0.00000	0.00000
WT1(E604078EA627)	3.89	13104	 2021-05-17 20:41:48.264	0.810	0.011	0.695	-3.052	-48.035	3.296	3.565	-48.224	-109.605	0.00	0.00	0.00	0.00000	0.00000	0.00000	0.00000
WT2(D8:09:BF:40:2B:C3)	3.93	13103	 2021-05-17 20:41:48.350	0.519	-0.813	0.194	-5.737	-9.033	-40.344	-77.283	-32.042	-108.402	0.00	0.00	0.00	0.00000	0.00000	0.00000	0.00000
WT1(E604078EA627)	3.89	13104	 2021-05-17 20:41:48.384	0.855	0.059	0.649	-7.324	-39.429	4.883	3.071	-52.690	-109.199	0.00	0.00	0.00	0.00000	0.00000	0.00000	0.00000
WT2(D8:09:BF:40:2B:C3)	3.93	13103	 2021-05-17 20:41:48.398	0.595	-0.774	0.216	-12.695	-5.859	-41.321	-77.009	-36.227	-108.605	0.00	0.00	0.00	0.00000	0.00000	0.00000	0.00000
WT2(D8:09:BF:40:2B:C3)	3.93	13103	 2021-05-17 20:41:48.521	0.690	-0.744	0.165	-1.099	-3.784	-36.987	-76.948	-40.084	-109.248	0.00	0.00	0.00	0.00000	0.00000	0.00000	0.00000
WT1(E604078EA627)	3.89	13104	 2021-05-17 20:41:48.533	0.877	0.059	0.570	-7.263	-43.762	0.977	3.065	-57.003	-109.188	0.00	0.00	0.00	0.00000	0.00000	0.00000	0.00000
WT1(E604078EA627)	3.89	13104	 2021-05-17 20:41:48.593	0.965	-0.061	0.509	-5.371	-44.067	0.366	3.356	-61.293	-109.852	0.00	0.00	0.00	0.00000	0.00000	0.00000	0.00000
WT2(D8:09:BF:40:2B:C3)	3.93	13103	 2021-05-17 20:41:48.600	0.736	-0.729	0.161	3.235	-2.197	-37.598	-76.696	-43.753	-110.083	0.00	0.00	0.00	0.00000	0.00000	0.00000	0.00000
WT1(E604078EA627)	3.89	13104	 2021-05-17 20:41:48.669	0.943	0.020	0.464	24.841	-31.738	-4.089	3.071	-64.512	-109.935	0.00	0.00	0.00	0.00000	0.00000	0.00000	0.00000
WT2(D8:09:BF:40:2B:C3)	3.93	13103	 2021-05-17 20:41:48.713	0.741	-0.672	0.173	7.874	-3.723	-33.875	-76.597	-47.269	-110.885	0.00	0.00	0.00	0.00000	0.00000	0.00000	0.00000
WT2(D8:09:BF:40:2B:C3)	3.93	13103	 2021-05-17 20:41:48.805	0.792	-0.641	0.176	15.503	-12.207	-33.081	-76.454	-50.565	-110.742	0.00	0.00	0.00	0.00000	0.00000	0.00000	0.00000
WT1(E604078EA627)	3.89	13104	 2021-05-17 20:41:48.807	0.955	0.041	0.427	6.836	-26.672	5.676	1.983	-67.379	-109.061	0.00	0.00	0.00	0.00000	0.00000	0.00000	0.00000
WT2(D8:09:BF:40:2B:C3)	3.93	13103	 2021-05-17 20:41:48.910	0.820	-0.492	0.130	-31.555	-9.399	-17.822	-75.190	-53.372	-109.957	0.00	0.00	0.00	0.00000	0.00000	0.00000	0.00000
WT1(E604078EA627)	3.89	13104	 2021-05-17 20:41:48.923	0.971	0.100	0.391	-28.625	-39.307	14.465	1.450	-70.730	-107.457	0.00	0.00	0.00	0.00000	0.00000	0.00000	0.00000
WT2(D8:09:BF:40:2B:C3)	3.93	13103	 2021-05-17 20:41:49.003	0.865	-0.531	0.138	-6.409	-9.277	-21.790	-76.306	-55.734	-109.693	0.00	0.00	0.00	0.00000	0.00000	0.00000	0.00000
WT1(E604078EA627)	3.89	13104	 2021-05-17 20:41:49.058	1.011	-0.045	0.295	-8.606	-22.705	9.033	-2.043	-73.927	-104.540	0.00	0.00	0.00	0.00000	0.00000	0.00000	0.00000
WT1(E604078EA627)	3.89	13104	 2021-05-17 20:41:49.073	1.053	-0.033	0.244	-10.376	-24.109	2.380	-4.614	-76.075	-102.025	0.00	0.00	0.00	0.00000	0.00000	0.00000	0.00000
WT2(D8:09:BF:40:2B:C3)	3.93	13103	 2021-05-17 20:41:49.110	0.915	-0.542	0.122	-16.663	-3.418	-18.066	-76.712	-57.931	-109.819	0.00	0.00	0.00	0.00000	0.00000	0.00000	0.00000
WT2(D8:09:BF:40:2B:C3)	3.93	13103	 2021-05-17 20:41:49.238	0.891	-0.459	0.115	-14.526	-2.258	-16.479	-76.608	-59.897	-110.270	0.00	0.00	0.00	0.00000	0.00000	0.00000	0.00000
WT2(D8:09:BF:40:2B:C3)	3.93	13103	 2021-05-17 20:41:49.314	0.906	-0.496	0.101	-11.047	-1.953	-17.029	-76.794	-61.677	-111.094	0.00	0.00	0.00	0.00000	0.00000	0.00000	0.00000
WT2(D8:09:BF:40:2B:C3)	3.93	13103	 2021-05-17 20:41:49.399	0.925	-0.473	0.110	-1.282	-0.977	-17.334	-76.421	-63.408	-112.115	0.00	0.00	0.00	0.00000	0.00000	0.00000	0.00000
WT1(E604078EA627)	3.89	13104	 2021-05-17 20:41:49.479	1.011	-0.079	0.237	-11.719	-18.433	2.197	-6.152	-78.151	-100.503	0.00	0.00	0.00	0.00000	0.00000	0.00000	0.00000
WT1(E604078EA627)	3.89	13104	 2021-05-17 20:41:49.481	1.019	-0.069	0.171	-8.850	-13.916	1.953	-8.443	-79.656	-98.509	0.00	0.00	0.00	0.00000	0.00000	0.00000	0.00000
WT1(E604078EA627)	3.89	13104	 2021-05-17 20:41:49.481	1.038	-0.047	0.148	2.625	-19.836	-1.221	-10.069	-81.288	-96.812	0.00	0.00	0.00	0.00000	0.00000	0.00000	0.00000
WT1(E604078EA627)	3.89	13104	 2021-05-17 20:41:49.481	1.026	-0.089	0.137	-3.418	-21.301	0.549	-11.986	-83.161	-94.845	0.00	0.00	0.00	0.00000	0.00000	0.00000	0.00000
WT2(D8:09:BF:40:2B:C3)	3.93	13103	 2021-05-17 20:41:49.515	0.936	-0.404	0.090	-11.475	-0.488	-16.357	-75.201	-65.385	-113.428	0.00	0.00	0.00	0.00000	0.00000	0.00000	0.00000
WT2(D8:09:BF:40:2B:C3)	3.93	13103	 2021-05-17 20:41:49.604	0.907	-0.344	0.100	0.427	-1.587	-18.188	-74.526	-67.209	-114.648	0.00	0.00	0.00	0.00000	0.00000	0.00000	0.00000
WT1(E604078EA627)	3.89	13104	 2021-05-17 20:41:49.643	1.026	-0.008	0.099	0.000	-20.874	0.305	-16.776	-85.100	-89.874	0.00	0.00	0.00	0.00000	0.00000	0.00000	0.00000
WT1(E604078EA627)	3.89	13104	 2021-05-17 20:41:49.688	1.036	0.000	0.054	4.578	-15.198	0.122	-24.851	-86.710	-81.623	0.00	0.00	0.00	0.00000	0.00000	0.00000	0.00000
WT2(D8:09:BF:40:2B:C3)	3.93	13103	 2021-05-17 20:41:49.697	0.964	-0.364	0.106	-0.793	-2.319	-19.287	-73.954	-69.077	-116.043	0.00	0.00	0.00	0.00000	0.00000	0.00000	0.00000
WT1(E604078EA627)	3.89	13104	 2021-05-17 20:41:49.778	1.064	-0.013	0.062	-1.099	-15.076	0.366	-47.911	-88.039	-59.035	0.00	0.00	0.00	0.00000	0.00000	0.00000	0.00000
WT2(D8:09:BF:40:2B:C3)	3.93	13103	 2021-05-17 20:41:49.874	0.972	-0.376	0.101	-10.132	0.488	-14.648	-73.707	-70.593	-117.653	0.00	0.00	0.00	0.00000	0.00000	0.00000	0.00000
WT2(D8:09:BF:40:2B:C3)	3.93	13103	 2021-05-17 20:41:49.880	0.951	-0.292	0.092	3.662	-2.258	-15.686	-72.735	-72.059	-118.894	0.00	0.00	0.00	0.00000	0.00000	0.00000	0.00000
WT1(E604078EA627)	3.89	13104	 2021-05-17 20:41:49.884	1.006	-0.030	-0.014	14.099	-15.808	-1.404	-87.495	-88.451	-19.226	0.00	0.00	0.00	0.00000	0.00000	0.00000	0.00000
WT2(D8:09:BF:40:2B:C3)	3.93	13103	 2021-05-17 20:41:50.005	0.990	-0.263	0.098	-10.864	-1.099	-12.268	-72.158	-73.471	-119.734	0.00	0.00	0.00	0.00000	0.00000	0.00000	0.00000
WT1(E604078EA627)	3.89	13104	 2021-05-17 20:41:50.022	1.055	-0.039	0.014	-0.854	-17.334	0.366	-140.317	-87.578	33.832	0.00	0.00	0.00	0.00000	0.00000	0.00000	0.00000
WT2(D8:09:BF:40:2B:C3)	3.93	13103	 2021-05-17 20:41:50.089	0.997	-0.176	0.083	-4.639	-0.244	-9.766	-71.906	-74.570	-120.767	0.00	0.00	0.00	0.00000	0.00000	0.00000	0.00000
WT1(E604078EA627)	3.89	13104	 2021-05-17 20:41:50.093	1.043	-0.044	-0.055	-19.226	-6.165	5.005	-149.716	-86.550	42.671	0.00	0.00	0.00	0.00000	0.00000	0.00000	0.00000
WT1(E604078EA627)	3.89	13104	 2021-05-17 20:41:50.184	1.026	-0.034	-0.068	-9.277	-13.489	4.028	-153.127	-85.402	45.945	0.00	0.00	0.00	0.00000	0.00000	0.00000	0.00000
WT2(D8:09:BF:40:2B:C3)	3.93	13103	 2021-05-17 20:41:50.190	0.978	-0.232	0.060	10.803	-6.165	-10.132	-72.548	-75.509	-121.371	0.00	0.00	0.00	0.00000	0.00000	0.00000	0.00000
WT2(D8:09:BF:40:2B:C3)	3.93	13103	 2021-05-17 20:41:50.282	0.977	-0.227	0.058	3.052	-4.944	-8.789	-73.559	-76.558	-121.580	0.00	0.00	0.00	0.00000	0.00000	0.00000	0.00000
WT1(E604078EA627)	3.89	13104	 2021-05-17 20:41:50.348	1.021	-0.061	-0.083	-6.287	-11.536	4.822	-154.292	-84.117	46.560	0.00	0.00	0.00	0.00000	0.00000	0.00000	0.00000
WT2(D8:09:BF:40:2B:C3)	3.93	13103	 2021-05-17 20:41:50.377	0.990	-0.204	0.053	-3.418	-3.662	-6.775	-74.718	-77.465	-121.196	0.00	0.00	0.00	0.00000	0.00000	0.00000	0.00000
WT1(E604078EA627)	3.89	13104	 2021-05-17 20:41:50.428	1.026	-0.043	-0.095	-8.545	-8.850	6.470	-154.484	-83.024	46.555	0.00	0.00	0.00	0.00000	0.00000	0.00000	0.00000
WT2(D8:09:BF:40:2B:C3)	3.93	13103	 2021-05-17 20:41:50.487	0.999	-0.199	0.071	8.301	-3.601	-6.165	-75.355	-78.195	-121.349	0.00	0.00	0.00	0.00000	0.00000	0.00000	0.00000
WT1(E604078EA627)	3.89	13104	 2021-05-17 20:41:50.501	1.042	0.028	-0.108	-8.179	-9.399	4.150	-155.709	-82.238	48.159	0.00	0.00	0.00	0.00000	0.00000	0.00000	0.00000
WT2(D8:09:BF:40:2B:C3)	3.93	13103	 2021-05-17 20:41:50.578	0.996	-0.200	0.056	-0.366	0.183	-0.427	-75.685	-78.552	-122.135	0.00	0.00	0.00	0.00000	0.00000	0.00000	0.00000
WT1(E604078EA627)	3.89	13104	 2021-05-17 20:41:50.588	1.026	-0.023	-0.104	-13.367	0.122	1.587	-156.588	-81.815	47.933	0.00	0.00	0.00	0.00000	0.00000	0.00000	0.00000
WT2(D8:09:BF:40:2B:C3)	3.93	13103	 2021-05-17 20:41:50.688	0.991	-0.236	0.037	-9.094	2.197	1.587	-75.762	-78.442	-123.322	0.00	0.00	0.00	0.00000	0.00000	0.00000	0.00000
WT1(E604078EA627)	3.89	13104	 2021-05-17 20:41:50.739	1.020	-0.053	-0.148	-1.099	-0.366	-0.916	-157.214	-81.755	48.115	0.00	0.00	0.00	0.00000	0.00000	0.00000	0.00000
WT2(D8:09:BF:40:2B:C3)	3.93	13103	 2021-05-17 20:41:50.779	0.993	-0.176	0.040	-0.183	1.343	-1.282	-74.998	-78.563	-124.305	0.00	0.00	0.00	0.00000	0.00000	0.00000	0.00000
WT1(E604078EA627)	3.89	13104	 2021-05-17 20:41:50.813	1.009	-0.069	-0.153	-2.625	-3.967	-0.549	-158.989	-81.486	49.960	0.00	0.00	0.00	0.00000	0.00000	0.00000	0.00000
WT2(D8:09:BF:40:2B:C3)	3.93	13103	 2021-05-17 20:41:50.886	1.003	-0.176	0.044	-2.380	0.122	-2.441	-74.432	-78.865	-125.552	0.00	0.00	0.00	0.00000	0.00000	0.00000	0.00000
WT1(E604078EA627)	3.89	13104	 2021-05-17 20:41:50.903	1.016	-0.039	-0.146	-8.240	-4.761	2.991	-159.219	-81.024	49.916	0.00	0.00	0.00	0.00000	0.00000	0.00000	0.00000
WT2(D8:09:BF:40:2B:C3)	3.93	13103	 2021-05-17 20:41:50.979	1.002	-0.181	0.029	3.540	-2.686	-2.075	-75.432	-79.162	-125.316	0.00	0.00	0.00	0.00000	0.00000	0.00000	0.00000
WT1(E604078EA627)	3.89	13104	 2021-05-17 20:41:51.054	1.006	-0.081	-0.131	-0.305	-1.526	3.845	-158.297	-80.557	48.845	0.00	0.00	0.00	0.00000	0.00000	0.00000	0.00000
WT2(D8:09:BF:40:2B:C3)	3.93	13103	 2021-05-17 20:41:51.093	0.984	-0.184	0.041	-2.075	-2.930	0.366	-77.014	-79.343	-124.211	0.00	0.00	0.00	0.00000	0.00000	0.00000	0.00000
WT1(E604078EA627)	3.89	13104	 2021-05-17 20:41:51.129	1.020	-0.029	-0.154	0.366	-1.831	1.770	-156.627	-80.387	47.241	0.00	0.00	0.00	0.00000	0.00000	0.00000	0.00000
WT2(D8:09:BF:40:2B:C3)	3.93	13103	 2021-05-17 20:41:51.186	1.001	-0.162	0.044	-0.854	0.549	0.183	-77.948	-79.360	-123.558	0.00	0.00	0.00	0.00000	0.00000	0.00000	0.00000
WT1(E604078EA627)	3.89	13104	 2021-05-17 20:41:51.203	1.012	-0.086	-0.150	-1.038	-2.686	0.061	-157.028	-80.261	47.648	0.00	0.00	0.00	0.00000	0.00000	0.00000	0.00000
WT2(D8:09:BF:40:2B:C3)	3.93	13103	 2021-05-17 20:41:51.307	0.990	-0.148	0.035	4.456	-0.916	-1.648	-77.926	-79.426	-123.816	0.00	0.00	0.00	0.00000	0.00000	0.00000	0.00000
WT1(E604078EA627)	3.89	13104	 2021-05-17 20:41:51.368	1.020	-0.105	-0.151	-9.644	-0.305	3.113	-157.088	-80.035	47.708	0.00	0.00	0.00	0.00000	0.00000	0.00000	0.00000
WT2(D8:09:BF:40:2B:C3)	3.93	13103	 2021-05-17 20:41:51.401	0.991	-0.173	0.029	4.395	-3.113	-1.099	-78.876	-79.596	-123.503	0.00	0.00	0.00	0.00000	0.00000	0.00000	0.00000
