设备名称	电压	版本	片上时间	加速度X(g)	加速度Y(g)	加速度Z(g)	角速度X(°/s)	角速度Y(°/s)	角速度Z(°/s)	角度X(°)	角度Y(°)	角度Z(°)	磁场X	磁场Y	磁场Z	四元数0	四元数1	四元数2	四元数3	状态
WT2(D8:09:BF:40:2B:C3)	3.93	13103	 2021-05-17 20:40:53.772	0.994	-0.161	0.045	-0.977	0.427	0.793	-74.268	-78.613	-141.597	0.00	0.00	0.00	0.00000	0.00000	0.00000	0.00000
WT2(D8:09:BF:40:2B:C3)	3.93	13103	 2021-05-17 20:40:53.868	0.993	-0.182	0.043	2.930	0.366	1.465	-74.432	-78.574	-141.251	0.00	0.00	0.00	0.00000	0.00000	0.00000	0.00000
WT1(E604078EA627)	3.89	13104	 2021-05-17 20:40:53.889	1.026	-0.067	-0.126	-1.465	0.000	0.427	-155.083	-82.321	38.002	0.00	0.00	0.00	0.00000	0.00000	0.00000	0.00000
WT2(D8:09:BF:40:2B:C3)	3.93	13103	 2021-05-17 20:40:53.964	0.993	-0.182	0.043	-0.305	-0.244	1.587	-74.471	-78.536	-140.971	0.00	0.00	0.00	0.00000	0.00000	0.00000	0.00000
WT1(E604078EA627)	3.89	13104	 2021-05-17 20:40:53.966	1.019	-0.046	-0.120	-1.831	-0.305	0.732	-155.050	-82.277	38.007	0.00	0.00	0.00	0.00000	0.00000	0.00000	0.00000
WT1(E604078EA627)	3.89	13104	 2021-05-17 20:40:54.128	1.028	-0.065	-0.124	0.366	-0.366	0.549	-154.979	-82.222	37.969	0.00	0.00	0.00	0.00000	0.00000	0.00000	0.00000
WT1(E604078EA627)	3.89	13104	 2021-05-17 20:40:54.129	1.022	-0.055	-0.123	3.113	-0.610	-0.610	-155.127	-82.183	38.353	0.00	0.00	0.00	0.00000	0.00000	0.00000	0.00000
WT1(E604078EA627)	3.89	13104	 2021-05-17 20:40:54.265	1.014	-0.046	-0.122	1.038	-0.488	-0.305	-155.561	-82.145	38.798	0.00	0.00	0.00	0.00000	0.00000	0.00000	0.00000
WT2(D8:09:BF:40:2B:C3)	3.93	13103	 2021-05-17 20:40:54.267	0.994	-0.164	0.041	-1.038	0.244	0.427	-74.421	-78.536	-140.389	0.00	0.00	0.00	0.00000	0.00000	0.00000	0.00000
WT2(D8:09:BF:40:2B:C3)	3.93	13103	 2021-05-17 20:40:54.359	0.983	-0.158	0.043	-0.427	0.122	1.465	-74.301	-78.536	-140.361	0.00	0.00	0.00	0.00000	0.00000	0.00000	0.00000
WT1(E604078EA627)	3.89	13104	 2021-05-17 20:40:54.428	1.016	-0.049	-0.108	-1.953	0.488	0.671	-155.621	-82.134	38.749	0.00	0.00	0.00	0.00000	0.00000	0.00000	0.00000
WT1(E604078EA627)	3.89	13104	 2021-05-17 20:40:54.473	1.020	-0.068	-0.131	1.343	2.747	1.160	-154.688	-82.205	37.804	0.00	0.00	0.00	0.00000	0.00000	0.00000	0.00000
WT2(D8:09:BF:40:2B:C3)	3.93	13103	 2021-05-17 20:40:54.485	0.998	-0.182	0.049	1.709	-0.244	2.502	-74.680	-78.464	-139.680	0.00	0.00	0.00	0.00000	0.00000	0.00000	0.00000
WT2(D8:09:BF:40:2B:C3)	3.93	13103	 2021-05-17 20:40:54.565	0.989	-0.180	0.042	1.343	-0.916	2.869	-75.339	-78.322	-138.719	0.00	0.00	0.00	0.00000	0.00000	0.00000	0.00000
WT1(E604078EA627)	3.89	13104	 2021-05-17 20:40:54.609	1.021	-0.061	-0.110	0.061	2.014	1.465	-152.946	-82.343	36.063	0.00	0.00	0.00	0.00000	0.00000	0.00000	0.00000
WT2(D8:09:BF:40:2B:C3)	3.93	13103	 2021-05-17 20:40:54.674	0.993	-0.180	0.045	1.648	-1.099	3.113	-76.047	-78.129	-137.620	0.00	0.00	0.00	0.00000	0.00000	0.00000	0.00000
WT1(E604078EA627)	3.89	13104	 2021-05-17 20:40:54.684	1.025	-0.063	-0.107	0.671	2.625	1.221	-151.282	-82.502	34.470	0.00	0.00	0.00	0.00000	0.00000	0.00000	0.00000
WT2(D8:09:BF:40:2B:C3)	3.93	13103	 2021-05-17 20:40:54.767	0.989	-0.198	0.037	2.319	-0.671	4.578	-76.772	-77.849	-136.516	0.00	0.00	0.00	0.00000	0.00000	0.00000	0.00000
WT1(E604078EA627)	3.89	13104	 2021-05-17 20:40:54.849	1.025	-0.083	-0.101	4.761	2.319	0.305	-149.277	-82.733	32.487	0.00	0.00	0.00	0.00000	0.00000	0.00000	0.00000
WT1(E604078EA627)	3.89	13104	 2021-05-17 20:40:54.850	1.024	-0.058	-0.100	7.507	3.235	0.366	-146.887	-82.958	30.564	0.00	0.00	0.00	0.00000	0.00000	0.00000	0.00000
WT2(D8:09:BF:40:2B:C3)	3.93	13103	 2021-05-17 20:40:54.863	0.991	-0.199	0.037	4.211	-1.831	4.761	-77.531	-77.503	-135.258	0.00	0.00	0.00	0.00000	0.00000	0.00000	0.00000
WT2(D8:09:BF:40:2B:C3)	3.93	13103	 2021-05-17 20:40:54.975	1.001	-0.223	0.023	7.751	-1.404	5.371	-78.102	-77.108	-134.050	0.00	0.00	0.00	0.00000	0.00000	0.00000	0.00000
WT2(D8:09:BF:40:2B:C3)	3.93	13103	 2021-05-17 20:40:55.068	0.974	-0.211	0.041	4.395	0.244	7.385	-78.228	-76.542	-133.154	0.00	0.00	0.00	0.00000	0.00000	0.00000	0.00000
WT1(E604078EA627)	3.89	13104	 2021-05-17 20:40:55.147	1.041	-0.051	-0.095	6.592	2.441	-0.916	-144.174	-83.309	28.317	0.00	0.00	0.00	0.00000	0.00000	0.00000	0.00000
WT2(D8:09:BF:40:2B:C3)	3.93	13103	 2021-05-17 20:40:55.161	0.997	-0.240	0.049	0.977	1.709	12.146	-78.860	-75.608	-132.418	0.00	0.00	0.00	0.00000	0.00000	0.00000	0.00000
WT1(E604078EA627)	3.89	13104	 2021-05-17 20:40:55.209	1.016	-0.086	-0.062	4.089	5.859	0.488	-140.598	-83.749	25.054	0.00	0.00	0.00	0.00000	0.00000	0.00000	0.00000
WT1(E604078EA627)	3.89	13104	 2021-05-17 20:40:55.209	1.048	-0.091	-0.046	2.808	10.681	0.244	-133.808	-84.419	18.386	0.00	0.00	0.00	0.00000	0.00000	0.00000	0.00000
WT2(D8:09:BF:40:2B:C3)	3.93	13103	 2021-05-17 20:40:55.241	0.985	-0.250	0.051	6.592	3.235	15.930	-78.684	-74.224	-131.990	0.00	0.00	0.00	0.00000	0.00000	0.00000	0.00000
WT1(E604078EA627)	3.89	13104	 2021-05-17 20:40:55.253	1.038	-0.062	-0.025	1.953	13.000	-0.916	-123.701	-85.243	8.591	0.00	0.00	0.00	0.00000	0.00000	0.00000	0.00000
WT2(D8:09:BF:40:2B:C3)	3.93	13103	 2021-05-17 20:40:55.370	0.974	-0.280	0.046	0.671	2.808	16.479	-78.514	-72.691	-131.726	0.00	0.00	0.00	0.00000	0.00000	0.00000	0.00000
WT2(D8:09:BF:40:2B:C3)	3.93	13103	 2021-05-17 20:40:55.447	0.965	-0.298	0.059	3.967	1.465	12.939	-78.431	-71.323	-131.281	0.00	0.00	0.00	0.00000	0.00000	0.00000	0.00000
WT2(D8:09:BF:40:2B:C3)	3.93	13103	 2021-05-17 20:40:55.544	0.954	-0.316	0.059	8.057	0.488	11.047	-78.344	-70.203	-130.562	0.00	0.00	0.00	0.00000	0.00000	0.00000	0.00000
WT1(E604078EA627)	3.89	13104	 2021-05-17 20:40:55.583	1.026	-0.059	-0.057	-0.122	14.954	-0.061	-106.408	-85.952	-8.569	0.00	0.00	0.00	0.00000	0.00000	0.00000	0.00000
WT1(E604078EA627)	3.89	13104	 2021-05-17 20:40:55.584	1.019	-0.085	-0.021	0.305	12.817	1.038	-88.099	-86.072	-26.873	0.00	0.00	0.00	0.00000	0.00000	0.00000	0.00000
WT1(E604078EA627)	3.89	13104	 2021-05-17 20:40:55.598	1.035	-0.073	0.006	4.822	7.690	0.244	-74.279	-85.902	-40.188	0.00	0.00	0.00	0.00000	0.00000	0.00000	0.00000
WT2(D8:09:BF:40:2B:C3)	3.93	13103	 2021-05-17 20:40:55.640	0.947	-0.296	0.059	2.136	1.160	11.108	-78.267	-69.258	-129.716	0.00	0.00	0.00	0.00000	0.00000	0.00000	0.00000
WT2(D8:09:BF:40:2B:C3)	3.93	13103	 2021-05-17 20:40:55.751	0.937	-0.303	0.079	1.160	0.183	12.939	-78.486	-68.220	-128.754	0.00	0.00	0.00	0.00000	0.00000	0.00000	0.00000
WT2(D8:09:BF:40:2B:C3)	3.93	13103	 2021-05-17 20:40:55.845	0.947	-0.355	0.089	10.010	0.977	16.907	-79.014	-66.687	-127.617	0.00	0.00	0.00	0.00000	0.00000	0.00000	0.00000
WT2(D8:09:BF:40:2B:C3)	3.93	13103	 2021-05-17 20:40:55.941	0.920	-0.429	0.078	-0.183	3.357	21.606	-79.365	-64.770	-126.953	0.00	0.00	0.00	0.00000	0.00000	0.00000	0.00000
WT2(D8:09:BF:40:2B:C3)	3.93	13103	 2021-05-17 20:40:56.049	0.936	-0.451	0.070	-6.470	5.127	25.269	-79.371	-62.386	-126.425	0.00	0.00	0.00	0.00000	0.00000	0.00000	0.00000
WT1(E604078EA627)	3.89	13104	 2021-05-17 20:40:56.108	1.046	-0.103	0.025	-1.465	6.042	0.977	-63.770	-85.556	-50.367	0.00	0.00	0.00	0.00000	0.00000	0.00000	0.00000
WT1(E604078EA627)	3.89	13104	 2021-05-17 20:40:56.109	1.035	-0.097	0.072	-3.296	12.756	4.517	-52.894	-84.727	-61.035	0.00	0.00	0.00	0.00000	0.00000	0.00000	0.00000
WT2(D8:09:BF:40:2B:C3)	3.93	13103	 2021-05-17 20:40:56.161	0.903	-0.446	0.085	4.944	5.188	26.245	-78.876	-59.881	-126.096	0.00	0.00	0.00	0.00000	0.00000	0.00000	0.00000
WT1(E604078EA627)	3.89	13104	 2021-05-17 20:40:56.183	1.048	-0.064	0.114	5.371	15.198	1.587	-42.418	-83.633	-70.895	0.00	0.00	0.00	0.00000	0.00000	0.00000	0.00000
WT1(E604078EA627)	3.89	13104	 2021-05-17 20:40:56.198	1.042	-0.029	0.131	8.728	23.132	-1.282	-31.822	-81.903	-81.255	0.00	0.00	0.00	0.00000	0.00000	0.00000	0.00000
WT1(E604078EA627)	3.89	13104	 2021-05-17 20:40:56.199	1.042	-0.083	0.162	11.780	29.114	-3.479	-22.874	-79.717	-89.769	0.00	0.00	0.00	0.00000	0.00000	0.00000	0.00000
WT1(E604078EA627)	3.89	13104	 2021-05-17 20:40:56.199	1.018	-0.048	0.197	14.343	25.208	-4.211	-16.485	-77.355	-95.521	0.00	0.00	0.00	0.00000	0.00000	0.00000	0.00000
WT2(D8:09:BF:40:2B:C3)	3.93	13103	 2021-05-17 20:40:56.239	0.898	-0.456	0.093	-1.892	4.272	26.550	-78.552	-57.442	-125.629	0.00	0.00	0.00	0.00000	0.00000	0.00000	0.00000
WT1(E604078EA627)	3.89	13104	 2021-05-17 20:40:56.258	0.991	-0.063	0.261	0.793	27.405	4.272	-13.661	-74.850	-98.267	0.00	0.00	0.00	0.00000	0.00000	0.00000	0.00000
WT2(D8:09:BF:40:2B:C3)	3.93	13103	 2021-05-17 20:40:56.363	0.829	-0.562	0.095	6.348	0.366	27.466	-79.332	-54.871	-124.541	0.00	0.00	0.00	0.00000	0.00000	0.00000	0.00000
WT1(E604078EA627)	3.89	13104	 2021-05-17 20:40:56.365	1.005	-0.068	0.287	4.578	26.917	4.395	-12.283	-72.230	-99.168	0.00	0.00	0.00	0.00000	0.00000	0.00000	0.00000
WT2(D8:09:BF:40:2B:C3)	3.93	13103	 2021-05-17 20:40:56.443	0.833	-0.620	0.096	8.423	-0.610	25.818	-79.310	-52.454	-123.278	0.00	0.00	0.00	0.00000	0.00000	0.00000	0.00000
WT1(E604078EA627)	3.89	13104	 2021-05-17 20:40:56.513	0.946	-0.086	0.355	15.015	20.569	0.488	-10.492	-69.884	-100.118	0.00	0.00	0.00	0.00000	0.00000	0.00000	0.00000
WT2(D8:09:BF:40:2B:C3)	3.93	13103	 2021-05-17 20:40:56.553	0.802	-0.579	0.123	18.555	-0.488	22.644	-78.701	-50.279	-122.020	0.00	0.00	0.00	0.00000	0.00000	0.00000	0.00000
WT2(D8:09:BF:40:2B:C3)	3.93	13103	 2021-05-17 20:40:56.648	0.774	-0.638	0.147	16.907	3.601	19.531	-78.074	-48.345	-121.196	0.00	0.00	0.00	0.00000	0.00000	0.00000	0.00000
WT1(E604078EA627)	3.89	13104	 2021-05-17 20:40:56.680	0.977	-0.056	0.363	16.418	21.790	-0.916	-8.174	-67.841	-101.151	0.00	0.00	0.00	0.00000	0.00000	0.00000	0.00000
WT1(E604078EA627)	3.89	13104	 2021-05-17 20:40:56.737	0.948	-0.038	0.392	16.724	21.545	-3.723	-5.817	-65.901	-102.376	0.00	0.00	0.00	0.00000	0.00000	0.00000	0.00000
WT2(D8:09:BF:40:2B:C3)	3.93	13103	 2021-05-17 20:40:56.741	0.749	-0.682	0.145	15.625	5.554	12.268	-76.921	-46.697	-120.850	0.00	0.00	0.00	0.00000	0.00000	0.00000	0.00000
WT1(E604078EA627)	3.89	13104	 2021-05-17 20:40:56.843	0.922	-0.037	0.455	17.883	15.442	-6.470	-3.312	-64.072	-104.030	0.00	0.00	0.00	0.00000	0.00000	0.00000	0.00000
WT2(D8:09:BF:40:2B:C3)	3.93	13103	 2021-05-17 20:40:56.854	0.737	-0.637	0.146	-0.183	5.737	16.968	-76.031	-45.214	-120.652	0.00	0.00	0.00	0.00000	0.00000	0.00000	0.00000
WT2(D8:09:BF:40:2B:C3)	3.93	13103	 2021-05-17 20:40:56.933	0.707	-0.639	0.173	-3.601	4.822	18.372	-75.828	-43.594	-120.251	0.00	0.00	0.00	0.00000	0.00000	0.00000	0.00000
WT2(D8:09:BF:40:2B:C3)	3.93	13103	 2021-05-17 20:40:57.029	0.687	-0.688	0.168	0.305	4.333	20.203	-76.091	-41.748	-119.669	0.00	0.00	0.00	0.00000	0.00000	0.00000	0.00000
WT2(D8:09:BF:40:2B:C3)	3.93	13103	 2021-05-17 20:40:57.122	0.663	-0.708	0.176	-1.282	5.737	23.743	-76.020	-39.683	-119.114	0.00	0.00	0.00	0.00000	0.00000	0.00000	0.00000
WT1(E604078EA627)	3.89	13104	 2021-05-17 20:40:57.142	0.922	-0.050	0.478	12.390	16.846	-3.784	-2.565	-62.364	-104.859	0.00	0.00	0.00	0.00000	0.00000	0.00000	0.00000
WT1(E604078EA627)	3.89	13104	 2021-05-17 20:40:57.144	0.908	-0.023	0.526	10.620	18.188	-2.136	-2.450	-60.639	-105.183	0.00	0.00	0.00	0.00000	0.00000	0.00000	0.00000
WT1(E604078EA627)	3.89	13104	 2021-05-17 20:40:57.144	0.894	-0.019	0.561	14.709	23.254	-3.235	-1.884	-58.508	-105.529	0.00	0.00	0.00	0.00000	0.00000	0.00000	0.00000
WT2(D8:09:BF:40:2B:C3)	3.93	13103	 2021-05-17 20:40:57.233	0.638	-0.750	0.184	10.010	5.493	24.780	-76.031	-37.315	-118.597	0.00	0.00	0.00	0.00000	0.00000	0.00000	0.00000
WT1(E604078EA627)	3.89	13104	 2021-05-17 20:40:57.293	0.865	-0.005	0.597	20.264	24.231	-5.005	-1.176	-56.019	-106.024	0.00	0.00	0.00	0.00000	0.00000	0.00000	0.00000
WT1(E604078EA627)	3.89	13104	 2021-05-17 20:40:57.298	0.865	0.033	0.610	10.132	26.184	-3.845	-0.192	-53.481	-106.683	0.00	0.00	0.00	0.00000	0.00000	0.00000	0.00000
WT2(D8:09:BF:40:2B:C3)	3.93	13103	 2021-05-17 20:40:57.328	0.598	-0.772	0.193	15.930	5.737	21.301	-75.460	-34.980	-118.147	0.00	0.00	0.00	0.00000	0.00000	0.00000	0.00000
WT2(D8:09:BF:40:2B:C3)	3.93	13103	 2021-05-17 20:40:57.423	0.565	-0.815	0.231	8.057	6.531	22.766	-74.806	-32.596	-117.609	0.00	0.00	0.00	0.00000	0.00000	0.00000	0.00000
WT1(E604078EA627)	3.89	13104	 2021-05-17 20:40:57.458	0.812	0.033	0.622	4.150	29.541	-2.197	0.681	-50.718	-107.232	0.00	0.00	0.00	0.00000	0.00000	0.00000	0.00000
WT2(D8:09:BF:40:2B:C3)	3.93	13103	 2021-05-17 20:40:57.533	0.547	-0.806	0.212	1.587	3.479	16.785	-74.366	-30.734	-117.109	0.00	0.00	0.00	0.00000	0.00000	0.00000	0.00000
WT1(E604078EA627)	3.89	13104	 2021-05-17 20:40:57.623	0.760	0.017	0.624	-0.549	19.592	-2.808	1.588	-48.378	-107.759	0.00	0.00	0.00	0.00000	0.00000	0.00000	0.00000
WT1(E604078EA627)	3.89	13104	 2021-05-17 20:40:57.624	0.739	-0.012	0.671	-1.587	16.785	1.282	1.928	-46.626	-108.067	0.00	0.00	0.00	0.00000	0.00000	0.00000	0.00000
WT2(D8:09:BF:40:2B:C3)	3.93	13103	 2021-05-17 20:40:57.645	0.522	-0.825	0.214	2.197	-0.488	14.771	-73.834	-29.394	-116.439	0.00	0.00	0.00	0.00000	0.00000	0.00000	0.00000
WT1(E604078EA627)	3.89	13104	 2021-05-17 20:40:57.713	0.727	0.033	0.730	-0.305	10.254	2.625	1.714	-45.324	-107.759	0.00	0.00	0.00	0.00000	0.00000	0.00000	0.00000
WT2(D8:09:BF:40:2B:C3)	3.93	13103	 2021-05-17 20:40:57.723	0.523	-0.814	0.242	9.094	0.122	13.000	-73.993	-28.147	-115.730	0.00	0.00	0.00	0.00000	0.00000	0.00000	0.00000
WT1(E604078EA627)	3.89	13104	 2021-05-17 20:40:57.818	0.735	0.053	0.749	-2.686	15.991	2.014	1.912	-43.802	-107.639	0.00	0.00	0.00	0.00000	0.00000	0.00000	0.00000
WT2(D8:09:BF:40:2B:C3)	3.93	13103	 2021-05-17 20:40:57.833	0.473	-0.853	0.252	-1.953	2.747	15.137	-73.927	-26.812	-115.093	0.00	0.00	0.00	0.00000	0.00000	0.00000	0.00000
WT1(E604078EA627)	3.89	13104	 2021-05-17 20:40:57.892	0.708	0.026	0.768	3.906	18.066	-2.136	2.313	-42.001	-107.633	0.00	0.00	0.00	0.00000	0.00000	0.00000	0.00000
WT2(D8:09:BF:40:2B:C3)	3.93	13103	 2021-05-17 20:40:57.928	0.481	-0.890	0.250	3.113	3.418	17.334	-73.597	-25.258	-114.549	0.00	0.00	0.00	0.00000	0.00000	0.00000	0.00000
WT1(E604078EA627)	3.89	13104	 2021-05-17 20:40:57.998	0.700	0.010	0.803	-6.287	18.677	-0.244	2.796	-40.089	-107.814	0.00	0.00	0.00	0.00000	0.00000	0.00000	0.00000
WT2(D8:09:BF:40:2B:C3)	3.93	13103	 2021-05-17 20:40:58.038	0.441	-0.884	0.270	0.244	4.395	17.639	-73.614	-23.489	-114.049	0.00	0.00	0.00	0.00000	0.00000	0.00000	0.00000
WT1(E604078EA627)	3.89	13104	 2021-05-17 20:40:58.088	0.632	0.024	0.829	15.076	25.146	-2.625	3.301	-37.678	-107.858	0.00	0.00	0.00	0.00000	0.00000	0.00000	0.00000
WT2(D8:09:BF:40:2B:C3)	3.93	13103	 2021-05-17 20:40:58.166	0.398	-0.918	0.276	2.869	5.249	20.325	-73.240	-21.522	-113.582	0.00	0.00	0.00	0.00000	0.00000	0.00000	0.00000
WT1(E604078EA627)	3.89	13104	 2021-05-17 20:40:58.252	0.603	0.090	0.842	9.705	23.926	-2.625	4.037	-35.195	-107.996	0.00	0.00	0.00	0.00000	0.00000	0.00000	0.00000
WT1(E604078EA627)	3.89	13104	 2021-05-17 20:40:58.313	0.558	0.080	0.852	7.080	27.466	-0.671	4.510	-32.498	-108.111	0.00	0.00	0.00	0.00000	0.00000	0.00000	0.00000
WT2(D8:09:BF:40:2B:C3)	3.93	13103	 2021-05-17 20:40:58.326	0.333	-0.947	0.284	7.202	4.211	20.020	-72.268	-17.435	-112.747	0.00	0.00	0.00	0.00000	0.00000	0.00000	0.00000
WT1(E604078EA627)	3.89	13104	 2021-05-17 20:40:58.404	0.524	0.111	0.868	5.188	20.996	-1.892	4.406	-29.960	-107.919	0.00	0.00	0.00	0.00000	0.00000	0.00000	0.00000
WT2(D8:09:BF:40:2B:C3)	3.93	13103	 2021-05-17 20:40:58.421	0.295	-0.942	0.284	5.432	4.517	21.729	-72.048	-15.342	-112.286	0.00	0.00	0.00	0.00000	0.00000	0.00000	0.00000
WT2(D8:09:BF:40:2B:C3)	3.93	13103	 2021-05-17 20:40:58.532	0.267	-0.917	0.313	3.418	7.507	20.020	-71.603	-13.337	-111.951	0.00	0.00	0.00	0.00000	0.00000	0.00000	0.00000
WT1(E604078EA627)	3.89	13104	 2021-05-17 20:40:58.553	0.475	0.083	0.899	5.859	25.024	-3.235	4.971	-27.620	-107.990	0.00	0.00	0.00	0.00000	0.00000	0.00000	0.00000
WT2(D8:09:BF:40:2B:C3)	3.93	13103	 2021-05-17 20:40:58.628	0.225	-0.918	0.320	2.380	8.728	19.714	-71.351	-11.349	-111.791	0.00	0.00	0.00	0.00000	0.00000	0.00000	0.00000
WT1(E604078EA627)	3.89	13104	 2021-05-17 20:40:58.645	0.438	0.090	0.898	-3.052	22.705	-2.136	5.416	-25.285	-108.204	0.00	0.00	0.00	0.00000	0.00000	0.00000	0.00000
WT2(D8:09:BF:40:2B:C3)	3.93	13103	 2021-05-17 20:40:58.709	0.195	-0.929	0.321	-1.282	8.118	18.005	-71.235	-9.410	-111.627	0.00	0.00	0.00	0.00000	0.00000	0.00000	0.00000
WT1(E604078EA627)	3.89	13104	 2021-05-17 20:40:58.718	0.398	0.092	0.927	-2.991	21.362	-1.709	5.334	-23.148	-108.375	0.00	0.00	0.00	0.00000	0.00000	0.00000	0.00000
WT2(D8:09:BF:40:2B:C3)	3.93	13103	 2021-05-17 20:40:58.804	0.184	-0.971	0.313	5.859	5.005	23.132	-71.400	-7.460	-111.341	0.00	0.00	0.00	0.00000	0.00000	0.00000	0.00000
WT1(E604078EA627)	3.89	13104	 2021-05-17 20:40:58.809	0.379	0.144	0.953	1.831	17.944	-0.977	5.262	-21.149	-108.556	0.00	0.00	0.00	0.00000	0.00000	0.00000	0.00000
WT1(E604078EA627)	3.89	13104	 2021-05-17 20:40:58.960	0.354	0.146	0.964	-6.775	20.447	-0.610	4.680	-19.094	-108.331	0.00	0.00	0.00	0.00000	0.00000	0.00000	0.00000
WT2(D8:09:BF:40:2B:C3)	3.93	13103	 2021-05-17 20:40:59.023	0.071	-0.959	0.311	0.305	6.104	21.606	-71.620	-2.939	-110.484	0.00	0.00	0.00	0.00000	0.00000	0.00000	0.00000
WT1(E604078EA627)	3.89	13104	 2021-05-17 20:40:59.048	0.301	0.070	0.984	-2.686	19.592	-1.282	4.482	-17.018	-108.270	0.00	0.00	0.00	0.00000	0.00000	0.00000	0.00000
WT2(D8:09:BF:40:2B:C3)	3.93	13103	 2021-05-17 20:40:59.100	0.043	-0.957	0.321	-0.977	6.836	23.254	-71.329	-0.846	-110.204	0.00	0.00	0.00	0.00000	0.00000	0.00000	0.00000
WT1(E604078EA627)	3.89	13104	 2021-05-17 20:40:59.108	0.271	0.080	1.000	-0.854	22.461	-2.014	4.730	-14.815	-108.265	0.00	0.00	0.00	0.00000	0.00000	0.00000	0.00000
WT1(E604078EA627)	3.89	13104	 2021-05-17 20:40:59.213	0.240	0.062	1.001	-4.395	26.917	-2.747	4.966	-12.453	-108.397	0.00	0.00	0.00	0.00000	0.00000	0.00000	0.00000
WT2(D8:09:BF:40:2B:C3)	3.93	13103	 2021-05-17 20:40:59.227	0.019	-0.941	0.324	7.263	8.362	25.635	-71.054	1.533	-109.995	0.00	0.00	0.00	0.00000	0.00000	0.00000	0.00000
WT2(D8:09:BF:40:2B:C3)	3.93	13103	 2021-05-17 20:40:59.305	-0.033	-0.924	0.341	8.728	10.803	26.062	-70.472	4.098	-109.869	0.00	0.00	0.00	0.00000	0.00000	0.00000	0.00000
WT2(D8:09:BF:40:2B:C3)	3.93	13103	 2021-05-17 20:40:59.398	-0.085	-0.941	0.336	5.859	11.719	26.917	-70.120	6.823	-109.814	0.00	0.00	0.00	0.00000	0.00000	0.00000	0.00000
WT1(E604078EA627)	3.89	13104	 2021-05-17 20:40:59.438	0.183	0.099	0.998	4.028	31.311	-5.554	5.548	-9.662	-108.545	0.00	0.00	0.00	0.00000	0.00000	0.00000	0.00000
WT1(E604078EA627)	3.89	13104	 2021-05-17 20:40:59.439	0.183	0.084	0.988	4.517	25.391	-5.859	5.878	-6.894	-108.814	0.00	0.00	0.00	0.00000	0.00000	0.00000	0.00000
WT1(E604078EA627)	3.89	13104	 2021-05-17 20:40:59.513	0.084	0.090	1.010	-15.503	30.457	0.061	5.927	-4.010	-108.710	0.00	0.00	0.00	0.00000	0.00000	0.00000	0.00000
WT2(D8:09:BF:40:2B:C3)	3.93	13103	 2021-05-17 20:40:59.527	-0.167	-0.927	0.346	-8.911	11.597	31.494	-69.933	9.827	-109.731	0.00	0.00	0.00	0.00000	0.00000	0.00000	0.00000
WT2(D8:09:BF:40:2B:C3)	3.93	13103	 2021-05-17 20:40:59.640	-0.193	-0.834	0.332	-3.540	15.442	32.166	-70.010	13.217	-109.523	0.00	0.00	0.00	0.00000	0.00000	0.00000	0.00000
WT1(E604078EA627)	3.89	13104	 2021-05-17 20:40:59.678	0.004	0.012	1.035	-1.038	40.039	-2.869	5.372	-0.533	-108.589	0.00	0.00	0.00	0.00000	0.00000	0.00000	0.00000
WT2(D8:09:BF:40:2B:C3)	3.93	13103	 2021-05-17 20:40:59.748	-0.238	-0.869	0.326	9.033	13.855	32.471	-70.307	16.578	-109.451	0.00	0.00	0.00	0.00000	0.00000	0.00000	0.00000
WT1(E604078EA627)	3.89	13104	 2021-05-17 20:40:59.753	-0.040	0.102	1.008	7.813	41.931	-4.272	5.499	3.483	-108.545	0.00	0.00	0.00	0.00000	0.00000	0.00000	0.00000
WT2(D8:09:BF:40:2B:C3)	3.93	13103	 2021-05-17 20:40:59.874	-0.306	-0.913	0.324	3.113	14.771	31.433	-69.944	19.935	-109.545	0.00	0.00	0.00	0.00000	0.00000	0.00000	0.00000
WT2(D8:09:BF:40:2B:C3)	3.93	13103	 2021-05-17 20:40:59.902	-0.357	-0.839	0.321	-8.057	13.672	29.785	-69.626	23.362	-109.715	0.00	0.00	0.00	0.00000	0.00000	0.00000	0.00000
WT1(E604078EA627)	3.89	13104	 2021-05-17 20:40:59.918	-0.148	0.108	0.970	5.066	34.790	-7.385	6.059	7.339	-108.688	0.00	0.00	0.00	0.00000	0.00000	0.00000	0.00000
WT1(E604078EA627)	3.89	13104	 2021-05-17 20:40:59.920	-0.171	0.221	0.996	-28.748	35.767	-3.235	5.817	10.882	-108.875	0.00	0.00	0.00	0.00000	0.00000	0.00000	0.00000
WT2(D8:09:BF:40:2B:C3)	3.93	13103	 2021-05-17 20:41:00.131	-0.500	-0.966	0.278	2.258	14.404	33.813	-70.873	30.223	-110.072	0.00	0.00	0.00	0.00000	0.00000	0.00000	0.00000
WT1(E604078EA627)	3.89	13104	 2021-05-17 20:41:00.233	-0.227	0.128	0.906	-7.935	50.781	-2.075	4.554	14.859	-108.836	0.00	0.00	0.00	0.00000	0.00000	0.00000	0.00000
WT1(E604078EA627)	3.89	13104	 2021-05-17 20:41:00.235	-0.357	-0.072	0.901	-3.601	41.748	-3.601	4.719	19.363	-108.369	0.00	0.00	0.00	0.00000	0.00000	0.00000	0.00000
WT1(E604078EA627)	3.89	13104	 2021-05-17 20:41:00.235	-0.402	-0.007	0.915	11.658	35.095	-4.700	4.911	23.055	-108.523	0.00	0.00	0.00	0.00000	0.00000	0.00000	0.00000
WT2(D8:09:BF:40:2B:C3)	3.93	13103	 2021-05-17 20:41:00.272	-0.547	-0.750	0.262	20.630	17.761	31.982	-70.593	33.997	-110.264	0.00	0.00	0.00	0.00000	0.00000	0.00000	0.00000
WT1(E604078EA627)	3.89	13104	 2021-05-17 20:41:00.400	-0.436	0.104	0.877	21.057	31.921	-7.446	6.207	26.537	-108.765	0.00	0.00	0.00	0.00000	0.00000	0.00000	0.00000
WT2(D8:09:BF:40:2B:C3)	3.93	13103	 2021-05-17 20:41:00.458	-0.609	-0.690	0.264	8.240	13.306	29.968	-69.384	40.551	-110.923	0.00	0.00	0.00	0.00000	0.00000	0.00000	0.00000
WT2(D8:09:BF:40:2B:C3)	3.93	13103	 2021-05-17 20:41:00.551	-0.690	-0.633	0.243	-12.085	14.282	28.320	-69.379	43.874	-111.390	0.00	0.00	0.00	0.00000	0.00000	0.00000	0.00000
WT2(D8:09:BF:40:2B:C3)	3.93	13103	 2021-05-17 20:41:00.616	-0.691	-0.551	0.196	-5.554	10.132	28.076	-69.252	47.175	-111.555	0.00	0.00	0.00	0.00000	0.00000	0.00000	0.00000
WT1(E604078EA627)	3.89	13104	 2021-05-17 20:41:00.622	-0.496	0.156	0.846	10.925	37.231	-6.592	7.295	30.361	-108.940	0.00	0.00	0.00	0.00000	0.00000	0.00000	0.00000
WT1(E604078EA627)	3.89	13104	 2021-05-17 20:41:00.624	-0.551	0.157	0.804	5.310	33.752	-2.258	7.278	34.047	-108.907	0.00	0.00	0.00	0.00000	0.00000	0.00000	0.00000
WT1(E604078EA627)	3.89	13104	 2021-05-17 20:41:00.624	-0.568	0.208	0.746	-24.109	43.518	3.357	8.047	38.062	-108.281	0.00	0.00	0.00	0.00000	0.00000	0.00000	0.00000
WT2(D8:09:BF:40:2B:C3)	3.93	13103	 2021-05-17 20:41:00.690	-0.747	-0.718	0.213	-16.174	4.883	29.053	-68.967	50.158	-111.286	0.00	0.00	0.00	0.00000	0.00000	0.00000	0.00000
WT2(D8:09:BF:40:2B:C3)	3.93	13103	 2021-05-17 20:41:00.784	-0.775	-0.764	0.232	-13.733	7.080	33.081	-68.577	53.223	-110.819	0.00	0.00	0.00	0.00000	0.00000	0.00000	0.00000
WT1(E604078EA627)	3.89	13104	 2021-05-17 20:41:00.788	-0.676	0.052	0.656	-39.978	44.495	6.775	8.547	41.885	-107.111	0.00	0.00	0.00	0.00000	0.00000	0.00000	0.00000
WT1(E604078EA627)	3.89	13104	 2021-05-17 20:41:00.848	-0.660	-0.054	0.619	-26.855	33.142	1.587	8.168	45.104	-105.864	0.00	0.00	0.00	0.00000	0.00000	0.00000	0.00000
WT2(D8:09:BF:40:2B:C3)	3.93	13103	 2021-05-17 20:41:00.892	-0.818	-0.664	0.252	15.869	14.038	24.780	-68.329	56.091	-110.671	0.00	0.00	0.00	0.00000	0.00000	0.00000	0.00000
WT1(E604078EA627)	3.89	13104	 2021-05-17 20:41:01.179	-0.776	-0.070	0.595	16.296	29.724	-5.920	8.344	48.560	-104.875	0.00	0.00	0.00	0.00000	0.00000	0.00000	0.00000
WT2(D8:09:BF:40:2B:C3)	3.93	13103	 2021-05-17 20:41:01.231	-0.898	-0.315	0.177	54.871	26.733	13.367	-69.115	60.848	-112.643	0.00	0.00	0.00	0.00000	0.00000	0.00000	0.00000
WT2(D8:09:BF:40:2B:C3)	3.93	13103	 2021-05-17 20:41:01.309	-0.812	-0.168	0.083	0.061	2.014	17.029	-70.313	65.110	-116.109	0.00	0.00	0.00	0.00000	0.00000	0.00000	0.00000
WT1(E604078EA627)	3.89	13104	 2021-05-17 20:41:01.343	-0.814	-0.164	0.589	30.029	25.146	-8.606	7.696	51.768	-104.672	0.00	0.00	0.00	0.00000	0.00000	0.00000	0.00000
WT2(D8:09:BF:40:2B:C3)	3.93	13103	 2021-05-17 20:41:01.467	-0.834	-0.307	0.110	-19.714	3.174	14.526	-70.571	66.857	-117.059	0.00	0.00	0.00	0.00000	0.00000	0.00000	0.00000
WT1(E604078EA627)	3.89	13104	 2021-05-17 20:41:01.509	-0.826	0.075	0.550	59.204	17.639	-10.437	8.207	54.756	-105.002	0.00	0.00	0.00	0.00000	0.00000	0.00000	0.00000
WT1(E604078EA627)	3.89	13104	 2021-05-17 20:41:01.510	-0.843	0.168	0.502	57.739	10.681	-8.423	7.850	57.200	-105.716	0.00	0.00	0.00	0.00000	0.00000	0.00000	0.00000
WT2(D8:09:BF:40:2B:C3)	3.93	13103	 2021-05-17 20:41:01.570	-0.836	-0.411	0.140	-30.823	7.263	13.367	-71.455	68.489	-117.927	0.00	0.00	0.00	0.00000	0.00000	0.00000	0.00000
WT2(D8:09:BF:40:2B:C3)	3.93	13103	 2021-05-17 20:41:01.575	-0.848	-0.297	0.115	-13.306	3.418	14.587	-72.092	69.917	-118.960	0.00	0.00	0.00	0.00000	0.00000	0.00000	0.00000
WT2(D8:09:BF:40:2B:C3)	3.93	13103	 2021-05-17 20:41:01.724	-0.970	-0.388	0.113	22.461	13.367	12.329	-73.262	71.197	-120.707	0.00	0.00	0.00	0.00000	0.00000	0.00000	0.00000
WT2(D8:09:BF:40:2B:C3)	3.93	13103	 2021-05-17 20:41:01.807	-0.984	-0.248	0.085	28.809	14.404	10.742	-74.982	72.515	-123.300	0.00	0.00	0.00	0.00000	0.00000	0.00000	0.00000
WT1(E604078EA627)	3.89	13104	 2021-05-17 20:41:02.003	-0.853	0.371	0.494	4.333	22.766	-0.183	7.971	59.859	-105.271	0.00	0.00	0.00	0.00000	0.00000	0.00000	0.00000
WT1(E604078EA627)	3.89	13104	 2021-05-17 20:41:02.004	-0.782	0.335	0.404	-33.325	18.738	0.305	7.657	62.078	-104.365	0.00	0.00	0.00	0.00000	0.00000	0.00000	0.00000
WT2(D8:09:BF:40:2B:C3)	3.93	13103	 2021-05-17 20:41:02.113	-0.932	-0.203	0.013	12.939	3.418	8.545	-76.668	73.823	-125.920	0.00	0.00	0.00	0.00000	0.00000	0.00000	0.00000
WT2(D8:09:BF:40:2B:C3)	3.93	13103	 2021-05-17 20:41:02.118	-0.913	-0.272	0.024	-4.395	0.061	6.836	-77.822	74.454	-127.925	0.00	0.00	0.00	0.00000	0.00000	0.00000	0.00000
WT2(D8:09:BF:40:2B:C3)	3.93	13103	 2021-05-17 20:41:02.188	-0.863	-0.286	0.045	-19.531	-3.296	-3.906	-78.393	74.740	-128.903	0.00	0.00	0.00	0.00000	0.00000	0.00000	0.00000
WT2(D8:09:BF:40:2B:C3)	3.93	13103	 2021-05-17 20:41:02.189	-0.944	-0.454	0.089	-25.208	-1.831	-6.897	-78.525	74.328	-128.820	0.00	0.00	0.00	0.00000	0.00000	0.00000	0.00000
WT2(D8:09:BF:40:2B:C3)	3.93	13103	 2021-05-17 20:41:02.281	-0.986	-0.569	0.084	-19.714	-7.080	-10.071	-77.245	73.548	-127.436	0.00	0.00	0.00	0.00000	0.00000	0.00000	0.00000
WT1(E604078EA627)	3.89	13104	 2021-05-17 20:41:02.349	-0.813	0.092	0.393	-40.955	17.517	-2.258	6.685	63.787	-104.513	0.00	0.00	0.00	0.00000	0.00000	0.00000	0.00000
WT1(E604078EA627)	3.89	13104	 2021-05-17 20:41:02.452	-0.911	-0.050	0.408	23.804	13.672	-2.808	6.910	65.358	-104.996	0.00	0.00	0.00	0.00000	0.00000	0.00000	0.00000
WT1(E604078EA627)	3.89	13104	 2021-05-17 20:41:02.454	-0.896	0.240	0.345	0.122	15.747	-7.263	7.537	67.302	-104.590	0.00	0.00	0.00	0.00000	0.00000	0.00000	0.00000
WT1(E604078EA627)	3.89	13104	 2021-05-17 20:41:02.457	-0.907	-0.006	0.283	-8.850	18.494	-6.287	7.163	69.126	-105.573	0.00	0.00	0.00	0.00000	0.00000	0.00000	0.00000
WT1(E604078EA627)	3.89	13104	 2021-05-17 20:41:02.457	-0.947	-0.068	0.229	-16.541	10.315	-5.127	7.707	71.010	-106.046	0.00	0.00	0.00	0.00000	0.00000	0.00000	0.00000
WT1(E604078EA627)	3.89	13104	 2021-05-17 20:41:02.457	-0.910	-0.175	0.208	6.470	2.197	-1.404	7.251	71.680	-106.628	0.00	0.00	0.00	0.00000	0.00000	0.00000	0.00000
WT1(E604078EA627)	3.89	13104	 2021-05-17 20:41:02.549	-0.965	-0.093	0.278	50.903	-22.766	1.099	7.542	70.774	-107.029	0.00	0.00	0.00	0.00000	0.00000	0.00000	0.00000
WT1(E604078EA627)	3.89	13104	 2021-05-17 20:41:02.551	-0.889	0.115	0.360	22.339	-33.569	10.620	8.432	66.962	-104.453	0.00	0.00	0.00	0.00000	0.00000	0.00000	0.00000
WT1(E604078EA627)	3.89	13104	 2021-05-17 20:41:02.551	-0.856	0.112	0.417	30.273	-33.386	12.329	9.031	64.094	-102.596	0.00	0.00	0.00	0.00000	0.00000	0.00000	0.00000
WT2(D8:09:BF:40:2B:C3)	3.93	13103	 2021-05-17 20:41:02.669	-0.944	-0.505	0.073	-8.362	-12.634	-14.893	-74.954	72.241	-124.563	0.00	0.00	0.00	0.00000	0.00000	0.00000	0.00000
WT2(D8:09:BF:40:2B:C3)	3.93	13103	 2021-05-17 20:41:02.673	-0.960	-0.531	0.103	11.475	-17.822	-17.151	-72.812	70.378	-120.641	0.00	0.00	0.00	0.00000	0.00000	0.00000	0.00000
WT2(D8:09:BF:40:2B:C3)	3.93	13103	 2021-05-17 20:41:02.674	-0.940	-0.570	0.135	22.644	-20.691	-20.630	-70.499	68.088	-116.565	0.00	0.00	0.00	0.00000	0.00000	0.00000	0.00000
WT2(D8:09:BF:40:2B:C3)	3.93	13103	 2021-05-17 20:41:02.791	-0.895	-0.571	0.149	-15.198	-19.531	-20.752	-68.423	65.561	-112.901	0.00	0.00	0.00	0.00000	0.00000	0.00000	0.00000
WT1(E604078EA627)	3.89	13104	 2021-05-17 20:41:02.829	-0.823	0.132	0.488	-6.409	-31.616	12.573	9.294	60.848	-100.536	0.00	0.00	0.00	0.00000	0.00000	0.00000	0.00000
WT1(E604078EA627)	3.89	13104	 2021-05-17 20:41:02.831	-0.800	0.123	0.550	-1.648	-31.433	6.348	8.844	57.903	-99.371	0.00	0.00	0.00	0.00000	0.00000	0.00000	0.00000
WT2(D8:09:BF:40:2B:C3)	3.93	13103	 2021-05-17 20:41:02.869	-0.827	-0.541	0.205	-9.827	-11.536	-19.165	-67.824	60.172	-109.462	0.00	0.00	0.00	0.00000	0.00000	0.00000	0.00000
WT2(D8:09:BF:40:2B:C3)	3.93	13103	 2021-05-17 20:41:02.967	-0.814	-0.590	0.206	-0.305	-10.498	-15.625	-68.176	57.969	-108.765	0.00	0.00	0.00	0.00000	0.00000	0.00000	0.00000
WT1(E604078EA627)	3.89	13104	 2021-05-17 20:41:02.994	-0.775	0.135	0.602	-11.414	-27.893	3.662	7.663	54.816	-99.250	0.00	0.00	0.00	0.00000	0.00000	0.00000	0.00000
WT1(E604078EA627)	3.89	13104	 2021-05-17 20:41:02.996	-0.736	0.113	0.633	-7.690	-23.315	3.418	6.861	52.114	-99.437	0.00	0.00	0.00	0.00000	0.00000	0.00000	0.00000
WT1(E604078EA627)	3.89	13104	 2021-05-17 20:41:03.058	-0.702	0.100	0.629	-13.550	-20.142	2.625	6.372	49.872	-99.338	0.00	0.00	0.00	0.00000	0.00000	0.00000	0.00000
WT2(D8:09:BF:40:2B:C3)	3.93	13103	 2021-05-17 20:41:03.100	-0.793	-0.546	0.211	0.854	-9.460	-16.174	-68.137	55.942	-108.166	0.00	0.00	0.00	0.00000	0.00000	0.00000	0.00000
WT1(E604078EA627)	3.89	13104	 2021-05-17 20:41:03.174	-0.701	0.056	0.649	-2.502	-22.583	1.648	6.130	47.681	-99.399	0.00	0.00	0.00	0.00000	0.00000	0.00000	0.00000
WT2(D8:09:BF:40:2B:C3)	3.93	13103	 2021-05-17 20:41:03.208	-0.767	-0.542	0.220	6.531	-8.972	-18.250	-68.214	53.849	-107.710	0.00	0.00	0.00	0.00000	0.00000	0.00000	0.00000
WT2(D8:09:BF:40:2B:C3)	3.93	13103	 2021-05-17 20:41:03.271	-0.743	-0.553	0.231	-3.052	-9.705	-17.212	-68.121	51.751	-107.369	0.00	0.00	0.00	0.00000	0.00000	0.00000	0.00000
WT2(D8:09:BF:40:2B:C3)	3.93	13103	 2021-05-17 20:41:03.409	-0.744	-0.611	0.248	-2.625	-8.728	-18.433	-68.055	49.609	-107.084	0.00	0.00	0.00	0.00000	0.00000	0.00000	0.00000
WT2(D8:09:BF:40:2B:C3)	3.93	13103	 2021-05-17 20:41:03.441	-0.696	-0.557	0.247	-4.517	-7.813	-19.348	-68.384	47.499	-106.875	0.00	0.00	0.00	0.00000	0.00000	0.00000	0.00000
WT2(D8:09:BF:40:2B:C3)	3.93	13103	 2021-05-17 20:41:03.564	-0.666	-0.641	0.256	-3.601	-10.803	-19.470	-68.780	45.253	-106.677	0.00	0.00	0.00	0.00000	0.00000	0.00000	0.00000
WT1(E604078EA627)	3.89	13104	 2021-05-17 20:41:03.565	-0.678	0.046	0.695	-0.671	-25.085	1.587	6.103	45.016	-99.613	0.00	0.00	0.00	0.00000	0.00000	0.00000	0.00000
WT1(E604078EA627)	3.89	13104	 2021-05-17 20:41:03.567	-0.626	0.083	0.719	-5.005	-24.536	1.831	6.378	42.462	-99.811	0.00	0.00	0.00	0.00000	0.00000	0.00000	0.00000
WT1(E604078EA627)	3.89	13104	 2021-05-17 20:41:03.567	-0.607	0.021	0.742	-8.362	-23.315	2.075	5.779	39.919	-100.063	0.00	0.00	0.00	0.00000	0.00000	0.00000	0.00000
WT2(D8:09:BF:40:2B:C3)	3.93	13103	 2021-05-17 20:41:03.648	-0.631	-0.662	0.270	-7.141	-9.705	-25.818	-68.846	42.698	-106.578	0.00	0.00	0.00	0.00000	0.00000	0.00000	0.00000
WT2(D8:09:BF:40:2B:C3)	3.93	13103	 2021-05-17 20:41:03.749	-0.606	-0.734	0.292	-10.559	-10.315	-31.799	-69.044	39.490	-106.727	0.00	0.00	0.00	0.00000	0.00000	0.00000	0.00000
WT1(E604078EA627)	3.89	13104	 2021-05-17 20:41:03.803	-0.563	0.080	0.734	0.549	-25.269	1.953	5.768	37.414	-100.173	0.00	0.00	0.00	0.00000	0.00000	0.00000	0.00000
WT1(E604078EA627)	3.89	13104	 2021-05-17 20:41:03.805	-0.522	0.123	0.758	5.005	-33.386	-0.366	5.861	34.607	-100.338	0.00	0.00	0.00	0.00000	0.00000	0.00000	0.00000
WT1(E604078EA627)	3.89	13104	 2021-05-17 20:41:03.805	-0.450	0.137	0.771	8.728	-43.274	-3.601	5.872	31.003	-100.778	0.00	0.00	0.00	0.00000	0.00000	0.00000	0.00000
WT2(D8:09:BF:40:2B:C3)	3.93	13103	 2021-05-17 20:41:03.843	-0.580	-0.744	0.301	-11.353	-10.498	-37.964	-69.461	35.695	-107.056	0.00	0.00	0.00	0.00000	0.00000	0.00000	0.00000
WT2(D8:09:BF:40:2B:C3)	3.93	13103	 2021-05-17 20:41:03.953	-0.474	-0.773	0.259	-18.250	-12.207	-43.335	-70.867	31.251	-107.413	0.00	0.00	0.00	0.00000	0.00000	0.00000	0.00000
WT1(E604078EA627)	3.89	13104	 2021-05-17 20:41:03.954	-0.390	0.104	0.837	-11.353	-47.668	-3.052	5.521	26.395	-101.558	0.00	0.00	0.00	0.00000	0.00000	0.00000	0.00000
WT2(D8:09:BF:40:2B:C3)	3.93	13103	 2021-05-17 20:41:04.153	-0.435	-0.807	0.288	-7.446	-9.827	-44.434	-72.147	26.499	-107.842	0.00	0.00	0.00	0.00000	0.00000	0.00000	0.00000
WT2(D8:09:BF:40:2B:C3)	3.93	13103	 2021-05-17 20:41:04.157	-0.388	-0.977	0.272	-33.264	-11.414	-40.527	-73.696	22.044	-107.897	0.00	0.00	0.00	0.00000	0.00000	0.00000	0.00000
WT1(E604078EA627)	3.89	13104	 2021-05-17 20:41:04.193	-0.315	0.003	0.916	9.827	-53.650	-3.967	3.741	21.127	-102.618	0.00	0.00	0.00	0.00000	0.00000	0.00000	0.00000
WT2(D8:09:BF:40:2B:C3)	3.93	13103	 2021-05-17 20:41:04.243	-0.272	-0.937	0.247	-8.118	-11.169	-40.466	-74.443	17.666	-107.941	0.00	0.00	0.00	0.00000	0.00000	0.00000	0.00000
WT1(E604078EA627)	3.89	13104	 2021-05-17 20:41:04.283	-0.184	0.111	0.950	-16.724	-47.058	-1.770	3.098	15.859	-103.530	0.00	0.00	0.00	0.00000	0.00000	0.00000	0.00000
WT1(E604078EA627)	3.89	13104	 2021-05-17 20:41:04.285	-0.115	0.010	0.966	-11.902	-45.715	-3.357	1.582	10.827	-104.073	0.00	0.00	0.00	0.00000	0.00000	0.00000	0.00000
WT1(E604078EA627)	3.89	13104	 2021-05-17 20:41:04.285	-0.078	-0.057	0.969	-7.141	-43.945	-2.991	0.851	6.185	-104.738	0.00	0.00	0.00	0.00000	0.00000	0.00000	0.00000
WT2(D8:09:BF:40:2B:C3)	3.93	13103	 2021-05-17 20:41:04.371	-0.193	-0.973	0.238	2.563	-7.507	-42.419	-75.322	13.173	-108.034	0.00	0.00	0.00	0.00000	0.00000	0.00000	0.00000
WT1(E604078EA627)	3.89	13104	 2021-05-17 20:41:04.388	0.027	-0.035	0.981	2.930	-54.932	-2.991	0.555	1.038	-105.507	0.00	0.00	0.00	0.00000	0.00000	0.00000	0.00000
WT1(E604078EA627)	3.89	13104	 2021-05-17 20:41:04.511	0.087	-0.022	1.007	2.991	-57.739	-1.465	0.225	-4.702	-106.013	0.00	0.00	0.00	0.00000	0.00000	0.00000	0.00000
WT2(D8:09:BF:40:2B:C3)	3.93	13103	 2021-05-17 20:41:04.537	-0.012	-0.927	0.216	-7.202	-6.470	-48.401	-76.970	3.884	-108.012	0.00	0.00	0.00	0.00000	0.00000	0.00000	0.00000
WT1(E604078EA627)	3.89	13104	 2021-05-17 20:41:04.598	0.247	0.052	0.952	5.920	-56.519	-3.357	0.203	-10.388	-106.617	0.00	0.00	0.00	0.00000	0.00000	0.00000	0.00000
WT1(E604078EA627)	3.89	13104	 2021-05-17 20:41:04.673	0.334	0.045	0.933	2.258	-57.312	-5.371	-0.203	-16.029	-107.199	0.00	0.00	0.00	0.00000	0.00000	0.00000	0.00000
WT2(D8:09:BF:40:2B:C3)	3.93	13103	 2021-05-17 20:41:04.693	0.046	-0.978	0.223	-14.526	-7.629	-45.776	-77.300	-1.027	-108.226	0.00	0.00	0.00	0.00000	0.00000	0.00000	0.00000
WT2(D8:09:BF:40:2B:C3)	3.93	13103	 2021-05-17 20:41:04.727	0.125	-0.997	0.221	-6.409	-7.874	-47.424	-77.937	-5.839	-108.463	0.00	0.00	0.00	0.00000	0.00000	0.00000	0.00000
WT1(E604078EA627)	3.89	13104	 2021-05-17 20:41:04.840	0.439	0.029	0.946	-15.625	-57.922	-3.296	-0.401	-22.066	-107.858	0.00	0.00	0.00	0.00000	0.00000	0.00000	0.00000
WT2(D8:09:BF:40:2B:C3)	3.93	13103	 2021-05-17 20:41:04.879	0.234	-0.935	0.209	-7.996	-4.211	-51.208	-78.300	-10.981	-108.726	0.00	0.00	0.00	0.00000	0.00000	0.00000	0.00000
WT1(E604078EA627)	3.89	13104	 2021-05-17 20:41:04.913	0.537	-0.023	0.914	-14.954	-53.711	-5.127	-0.599	-27.543	-108.484	0.00	0.00	0.00	0.00000	0.00000	0.00000	0.00000
WT2(D8:09:BF:40:2B:C3)	3.93	13103	 2021-05-17 20:41:04.926	0.317	-0.907	0.228	-11.353	-4.761	-45.044	-78.393	-15.683	-109.160	0.00	0.00	0.00	0.00000	0.00000	0.00000	0.00000
WT1(E604078EA627)	3.89	13104	 2021-05-17 20:41:04.974	0.612	-0.069	0.850	-17.090	-51.453	-3.784	-1.599	-33.349	-108.990	0.00	0.00	0.00	0.00000	0.00000	0.00000	0.00000
WT2(D8:09:BF:40:2B:C3)	3.93	13103	 2021-05-17 20:41:05.025	0.366	-0.806	0.207	-4.028	-2.563	-51.086	-78.739	-20.413	-109.567	0.00	0.00	0.00	0.00000	0.00000	0.00000	0.00000
WT1(E604078EA627)	3.89	13104	 2021-05-17 20:41:05.094	0.696	-0.055	0.828	-3.601	-53.589	-4.028	-1.340	-38.474	-109.616	0.00	0.00	0.00	0.00000	0.00000	0.00000	0.00000
WT2(D8:09:BF:40:2B:C3)	3.93	13103	 2021-05-17 20:41:05.126	0.446	-0.819	0.189	-7.080	-4.089	-50.537	-79.382	-25.137	-109.918	0.00	0.00	0.00	0.00000	0.00000	0.00000	0.00000
WT1(E604078EA627)	3.89	13104	 2021-05-17 20:41:05.229	0.750	0.017	0.801	-9.216	-56.091	-1.953	-2.433	-44.028	-109.633	0.00	0.00	0.00	0.00000	0.00000	0.00000	0.00000
WT2(D8:09:BF:40:2B:C3)	3.93	13103	 2021-05-17 20:41:05.240	0.496	-0.779	0.161	-16.541	-4.089	-40.771	-79.997	-29.460	-110.198	0.00	0.00	0.00	0.00000	0.00000	0.00000	0.00000
WT2(D8:09:BF:40:2B:C3)	3.93	13103	 2021-05-17 20:41:05.326	0.549	-0.841	0.147	-15.991	-2.502	-37.354	-80.370	-33.607	-110.676	0.00	0.00	0.00	0.00000	0.00000	0.00000	0.00000
WT1(E604078EA627)	3.89	13104	 2021-05-17 20:41:05.378	0.782	-0.006	0.734	-10.437	-40.894	-0.427	-3.433	-48.801	-109.539	0.00	0.00	0.00	0.00000	0.00000	0.00000	0.00000
WT2(D8:09:BF:40:2B:C3)	3.93	13103	 2021-05-17 20:41:05.437	0.608	-0.728	0.148	-8.118	1.160	-40.100	-79.788	-37.749	-111.346	0.00	0.00	0.00	0.00000	0.00000	0.00000	0.00000
WT1(E604078EA627)	3.89	13104	 2021-05-17 20:41:05.533	0.846	-0.051	0.619	11.841	-39.612	-5.859	-2.972	-53.146	-109.951	0.00	0.00	0.00	0.00000	0.00000	0.00000	0.00000
WT2(D8:09:BF:40:2B:C3)	3.93	13103	 2021-05-17 20:41:05.541	0.650	-0.679	0.144	-5.493	0.061	-35.706	-79.821	-41.490	-112.115	0.00	0.00	0.00	0.00000	0.00000	0.00000	0.00000
WT1(E604078EA627)	3.89	13104	 2021-05-17 20:41:05.544	0.883	0.016	0.610	8.118	-43.579	-2.808	-2.999	-57.371	-110.270	0.00	0.00	0.00	0.00000	0.00000	0.00000	0.00000
WT2(D8:09:BF:40:2B:C3)	3.93	13103	 2021-05-17 20:41:05.622	0.711	-0.662	0.139	1.953	-0.305	-43.396	-79.684	-45.291	-112.956	0.00	0.00	0.00	0.00000	0.00000	0.00000	0.00000
WT1(E604078EA627)	3.89	13104	 2021-05-17 20:41:05.623	0.918	-0.021	0.498	2.869	-35.889	-0.549	-3.933	-61.315	-110.045	0.00	0.00	0.00	0.00000	0.00000	0.00000	0.00000
WT2(D8:09:BF:40:2B:C3)	3.93	13103	 2021-05-17 20:41:05.729	0.803	-0.701	0.102	-1.892	-2.625	-38.635	-79.898	-48.856	-113.796	0.00	0.00	0.00	0.00000	0.00000	0.00000	0.00000
WT1(E604078EA627)	3.89	13104	 2021-05-17 20:41:05.783	0.969	-0.079	0.443	2.380	-38.147	-4.028	-5.076	-64.990	-109.589	0.00	0.00	0.00	0.00000	0.00000	0.00000	0.00000
WT1(E604078EA627)	3.89	13104	 2021-05-17 20:41:05.785	0.993	-0.109	0.391	-2.747	-31.433	-0.305	-5.032	-68.610	-109.616	0.00	0.00	0.00	0.00000	0.00000	0.00000	0.00000
WT2(D8:09:BF:40:2B:C3)	3.93	13103	 2021-05-17 20:41:05.818	0.822	-0.614	0.100	-5.310	-1.038	-36.438	-79.173	-52.185	-114.560	0.00	0.00	0.00	0.00000	0.00000	0.00000	0.00000
WT2(D8:09:BF:40:2B:C3)	3.93	13103	 2021-05-17 20:41:05.930	0.830	-0.599	0.124	-1.770	-0.488	-32.227	-78.497	-55.514	-115.461	0.00	0.00	0.00	0.00000	0.00000	0.00000	0.00000
WT1(E604078EA627)	3.89	13104	 2021-05-17 20:41:05.949	0.971	-0.110	0.346	0.671	-22.827	-0.793	-5.543	-71.120	-109.078	0.00	0.00	0.00	0.00000	0.00000	0.00000	0.00000
WT2(D8:09:BF:40:2B:C3)	3.93	13103	 2021-05-17 20:41:06.036	0.887	-0.504	0.115	5.127	-2.747	-26.123	-77.426	-58.293	-116.257	0.00	0.00	0.00	0.00000	0.00000	0.00000	0.00000
WT2(D8:09:BF:40:2B:C3)	3.93	13103	 2021-05-17 20:41:06.133	0.884	-0.467	0.121	-5.005	-2.075	-27.222	-76.860	-60.941	-116.895	0.00	0.00	0.00	0.00000	0.00000	0.00000	0.00000
WT1(E604078EA627)	3.89	13104	 2021-05-17 20:41:06.174	1.006	-0.104	0.307	0.854	-29.236	0.000	-5.718	-73.938	-108.446	0.00	0.00	0.00	0.00000	0.00000	0.00000	0.00000
WT2(D8:09:BF:40:2B:C3)	3.93	13103	 2021-05-17 20:41:06.239	0.929	-0.446	0.125	4.456	-4.456	-23.071	-76.223	-63.199	-117.400	0.00	0.00	0.00	0.00000	0.00000	0.00000	0.00000
WT2(D8:09:BF:40:2B:C3)	3.93	13103	 2021-05-17 20:41:06.348	0.940	-0.342	0.110	-10.559	-2.625	-23.621	-75.339	-65.506	-118.130	0.00	0.00	0.00	0.00000	0.00000	0.00000	0.00000
WT1(E604078EA627)	3.89	13104	 2021-05-17 20:41:06.353	0.984	-0.089	0.269	7.141	-23.926	1.465	-7.454	-76.619	-106.573	0.00	0.00	0.00	0.00000	0.00000	0.00000	0.00000
WT1(E604078EA627)	3.89	13104	 2021-05-17 20:41:06.354	1.037	-0.075	0.204	4.395	-25.635	0.061	-8.553	-79.184	-104.771	0.00	0.00	0.00	0.00000	0.00000	0.00000	0.00000
WT1(E604078EA627)	3.89	13104	 2021-05-17 20:41:06.354	1.015	-0.080	0.139	-9.460	-17.883	2.991	-12.338	-81.299	-101.338	0.00	0.00	0.00	0.00000	0.00000	0.00000	0.00000
WT2(D8:09:BF:40:2B:C3)	3.93	13103	 2021-05-17 20:41:06.425	0.968	-0.352	0.105	-7.751	-1.404	-18.677	-75.059	-67.560	-119.333	0.00	0.00	0.00	0.00000	0.00000	0.00000	0.00000
WT1(E604078EA627)	3.89	13104	 2021-05-17 20:41:06.491	1.052	-0.076	0.124	-13.855	-25.818	0.061	-17.199	-83.694	-96.581	0.00	0.00	0.00	0.00000	0.00000	0.00000	0.00000
WT2(D8:09:BF:40:2B:C3)	3.93	13103	 2021-05-17 20:41:06.502	0.964	-0.327	0.092	-9.033	-0.427	-18.005	-74.603	-69.532	-121.003	0.00	0.00	0.00	0.00000	0.00000	0.00000	0.00000
WT1(E604078EA627)	3.89	13104	 2021-05-17 20:41:06.564	1.047	-0.051	0.094	-11.169	-18.372	-0.061	-27.142	-85.605	-87.303	0.00	0.00	0.00	0.00000	0.00000	0.00000	0.00000
WT2(D8:09:BF:40:2B:C3)	3.93	13103	 2021-05-17 20:41:06.613	0.972	-0.315	0.083	5.615	-2.625	-15.869	-72.966	-71.351	-122.833	0.00	0.00	0.00	0.00000	0.00000	0.00000	0.00000
WT1(E604078EA627)	3.89	13104	 2021-05-17 20:41:06.638	1.057	-0.009	0.074	-7.263	-19.775	-1.831	-36.645	-87.144	-77.009	0.00	0.00	0.00	0.00000	0.00000	0.00000	0.00000
WT2(D8:09:BF:40:2B:C3)	3.93	13103	 2021-05-17 20:41:06.710	0.958	-0.278	0.067	8.850	-0.916	-17.334	-71.444	-72.905	-124.816	0.00	0.00	0.00	0.00000	0.00000	0.00000	0.00000
WT1(E604078EA627)	3.89	13104	 2021-05-17 20:41:06.728	1.027	-0.012	0.022	8.545	-16.296	-1.465	-71.741	-88.336	-41.418	0.00	0.00	0.00	0.00000	0.00000	0.00000	0.00000
WT1(E604078EA627)	3.89	13104	 2021-05-17 20:41:06.804	1.022	0.011	-0.024	17.151	-22.949	-0.793	-130.743	-88.094	18.902	0.00	0.00	0.00	0.00000	0.00000	0.00000	0.00000
WT2(D8:09:BF:40:2B:C3)	3.93	13103	 2021-05-17 20:41:06.814	0.961	-0.244	0.080	-2.441	-0.244	-16.602	-69.335	-74.658	-127.370	0.00	0.00	0.00	0.00000	0.00000	0.00000	0.00000
WT2(D8:09:BF:40:2B:C3)	3.93	13103	 2021-05-17 20:41:06.905	0.985	-0.250	0.060	-15.320	-2.686	-11.719	-69.489	-76.135	-128.892	0.00	0.00	0.00	0.00000	0.00000	0.00000	0.00000
WT1(E604078EA627)	3.89	13104	 2021-05-17 20:41:06.910	1.042	-0.069	-0.022	-12.085	-23.132	6.165	-149.760	-86.105	35.931	0.00	0.00	0.00	0.00000	0.00000	0.00000	0.00000
WT1(E604078EA627)	3.89	13104	 2021-05-17 20:41:07.018	1.021	-0.048	-0.046	-7.446	-11.108	8.301	-150.244	-84.617	35.217	0.00	0.00	0.00	0.00000	0.00000	0.00000	0.00000
WT2(D8:09:BF:40:2B:C3)	3.93	13103	 2021-05-17 20:41:07.029	0.987	-0.175	0.082	-12.634	-4.150	-12.268	-70.010	-77.536	-129.732	0.00	0.00	0.00	0.00000	0.00000	0.00000	0.00000
WT2(D8:09:BF:40:2B:C3)	3.93	13103	 2021-05-17 20:41:07.108	0.992	-0.171	0.086	-14.587	-3.906	-6.958	-71.757	-78.574	-129.435	0.00	0.00	0.00	0.00000	0.00000	0.00000	0.00000
WT1(E604078EA627)	3.89	13104	 2021-05-17 20:41:07.133	1.039	-0.047	-0.062	-8.362	-10.559	6.348	-149.562	-83.359	32.926	0.00	0.00	0.00	0.00000	0.00000	0.00000	0.00000
WT2(D8:09:BF:40:2B:C3)	3.93	13103	 2021-05-17 20:41:07.206	0.988	-0.169	0.077	-12.329	-2.258	-7.568	-72.762	-79.277	-129.974	0.00	0.00	0.00	0.00000	0.00000	0.00000	0.00000
WT1(E604078EA627)	3.89	13104	 2021-05-17 20:41:07.238	1.015	-0.048	-0.093	-8.484	-8.057	2.869	-149.645	-82.601	31.729	0.00	0.00	0.00	0.00000	0.00000	0.00000	0.00000
WT2(D8:09:BF:40:2B:C3)	3.93	13103	 2021-05-17 20:41:07.326	0.993	-0.174	0.069	-7.507	2.014	-2.319	-72.779	-79.590	-130.908	0.00	0.00	0.00	0.00000	0.00000	0.00000	0.00000
WT1(E604078EA627)	3.89	13104	 2021-05-17 20:41:07.357	1.027	-0.041	-0.102	9.155	-7.324	-2.625	-152.611	-82.057	33.657	0.00	0.00	0.00	0.00000	0.00000	0.00000	0.00000
WT2(D8:09:BF:40:2B:C3)	3.93	13103	 2021-05-17 20:41:07.402	0.992	-0.136	0.057	-5.493	1.099	-1.343	-72.224	-79.750	-131.979	0.00	0.00	0.00	0.00000	0.00000	0.00000	0.00000
WT1(E604078EA627)	3.89	13104	 2021-05-17 20:41:07.418	1.016	-0.058	-0.127	7.446	-2.686	-1.038	-153.792	-81.843	34.805	0.00	0.00	0.00	0.00000	0.00000	0.00000	0.00000
WT2(D8:09:BF:40:2B:C3)	3.93	13103	 2021-05-17 20:41:07.526	0.995	-0.155	0.054	-2.747	-0.671	0.427	-72.664	-79.843	-132.006	0.00	0.00	0.00	0.00000	0.00000	0.00000	0.00000
WT1(E604078EA627)	3.89	13104	 2021-05-17 20:41:07.527	1.028	-0.044	-0.125	3.235	-2.930	0.122	-153.545	-81.678	34.667	0.00	0.00	0.00	0.00000	0.00000	0.00000	0.00000
WT2(D8:09:BF:40:2B:C3)	3.93	13103	 2021-05-17 20:41:07.619	1.000	-0.139	0.062	1.648	-0.305	-0.305	-72.971	-79.898	-131.951	0.00	0.00	0.00	0.00000	0.00000	0.00000	0.00000
WT1(E604078EA627)	3.89	13104	 2021-05-17 20:41:07.621	1.022	-0.043	-0.132	-2.991	-0.488	-0.427	-154.259	-81.634	35.717	0.00	0.00	0.00	0.00000	0.00000	0.00000	0.00000
